50 1000 0.051
.........##########...............................
.##..##.##..####.#................................
.##.###..##.######................................
########...#######................................
####.#.....########...............................
##.#####....##.###................................
#####.......##.#.##...............................
#######.....#.#####.........................##....
.##.#..........#.........................#####....
#######................................########.#.
..#.#.......###..........................#########
....#......#.###.......................####.#.##..
....#.....#######.......................#.###.###.
...........######.........................#...###.
........#.#####.#..............................#..
.......#########..#...............................
.......##.#########.......................###.....
......#.###.#######......................#####....
.....#############.......................#####....
.....#####.########.........................###.#.
......##...#########....................#..#######
......##...#.########.......##..........#..#.##...
......#.....#.######.........###........#######.#.
...........####.###...........###........#########
............######............###............###.#
.............###..............#####..........##...
..............#................####..........#....
............####...............##.#..........#....
.............#.###............###.................
............#######...............................
............##.######.............................
.............########.............................
..............#####...............................
.............#####................................
...........#######................................
................#.................................
................#........##.......................
................##.....#####......................
.................#...#####.#......................
..................##.#.######.....................
......#.......#...###########.....................
.....###......#.#.##########......................
...#.###.....#############........##..............
...#####......####.#########......###.##..........
....###.......###..########.....#######...........
...........#.####.########.......#######..........
...........#.###.########.......##########........
.........########.#....##.......#########.........
...........####.####..##........#..###.###........
..........#########...#.............######........
0 19 375 117 9462
1 206 367 15 1482
2 352 560 80 6890
3 353 1893 43 21421
4 370 801 21 3586
5 422 591 4 593
6 527 10154 83 420961
7 563 1202 37 21374
8 609 1710 28 15785
9 781 2547 90 144079
10 783 820 144 3368
11 944 2799 18 22557
12 1007 2211 90 81502
13 1079 1789 37 14486
14 1096 4011 78 104294
15 1238 3470 30 39928
16 1301 6323 6 14442
17 1370 3949 99 90219
18 1417 15438 25 159305
19 1447 1968 82 31701
20 1475 3872 90 90704
21 1503 2900 72 60871
22 1541 7758 51 64695
23 1586 3842 70 90732
24 1798 5530 28 35405
25 1836 3177 59 78126
26 1843 1903 5 245
27 1864 5754 5 4425
28 2154 2205 32 1023
29 2267 4676 25 30476
30 2527 3688 72 22742
31 2555 10347 5 15329
32 2579 4464 55 27032
33 2665 5296 51 111769
34 2717 3246 6 3301
35 2737 2777 62 2685
36 2817 7226 28 48384
37 2891 9505 4 5454
38 3055 7357 53 17267
39 3144 3473 16 4508
40 3187 3235 76 5494
41 3241 7432 82 120025
42 3272 3724 128 22280
43 3336 4728 50 18881
44 3345 4674 61 27616
45 3542 11516 134 614840
46 3610 15658 73 351736
47 3612 4990 80 23299
48 4447 9458 41 144387
49 4632 15264 93 447552
50 4780 17015 4 4893
51 4887 6611 120 168172
52 4929 5790 137 93639
53 5071 5461 73 11361
54 5136 12082 36 46910
55 5140 8006 5 5535
56 5141 6581 41 53358
57 5360 5614 92 10590
58 5466 6587 143 66143
59 5487 7421 87 76112
60 5592 6045 26 3646
61 5663 8868 135 785433
62 5665 12596 44 216566
63 5745 6173 4 1546
64 5795 6461 45 16204
65 5901 10838 34 50547
66 5944 5961 114 1214
67 6238 10514 88 156970
68 6334 8699 123 94601
69 6428 8304 60 38175
70 6431 7617 63 19309
71 6482 15942 40 216263
72 6505 10620 5 21111
73 6591 7861 37 14365
74 6607 9396 99 91265
75 6638 9632 19 31798
76 6660 6788 78 4631
77 6684 6993 12 1290
78 6813 9464 37 38918
79 6968 8592 87 69370
80 6998 7658 57 7905
81 7272 11201 33 45987
82 7343 7769 100 19820
83 7415 15275 5 50849
84 7422 8922 32 12731
85 7540 14459 87 604763
86 7631 8031 84 18727
87 7704 8041 8 789
88 7807 12310 107 315719
89 7993 18196 25 119543
90 8027 15938 138 916930
91 8088 10931 111 114735
92 8111 9930 21 17654
93 8312 9160 49 27840
94 8326 8535 71 16616
95 8372 12915 24 86134
96 8373 11931 22 27086
97 8471 13354 87 166065
98 8502 12541 146 168212
99 8599 12646 125 221155
100 8633 9594 39 9557
101 8684 17203 117 264945
102 8817 9157 34 5100
103 8899 11435 26 13765
104 8973 11531 137 166424
105 8975 11114 36 82826
106 9075 9205 10 218
107 9135 12764 125 112257
108 9206 10979 140 245980
109 9208 10903 106 130976
110 9467 13669 94 150847
111 9866 10789 96 26910
112 9888 14766 16 28712
113 9908 12606 122 139878
114 9937 10203 4 900
115 10006 13071 107 230008
116 10008 10495 84 33917
117 10062 10247 8 807
118 10375 14123 38 85409
119 10537 14610 61 126753
120 10565 17830 148 590408
121 10582 11570 6 3587
122 10645 16073 74 282684
123 10773 11923 20 15100
124 10808 13522 35 76747
125 11019 11541 23 6283
126 11036 13220 57 16313
127 11171 16516 63 141423
128 11267 17889 27 46633
129 11732 21777 14 43777
130 11859 19498 78 311853
131 11865 14351 56 115290
132 12046 12903 145 67341
133 12101 13454 28 31562
134 12614 12643 13 466
135 12650 16087 86 241063
136 12704 13446 71 21894
137 12732 15584 18 8318
138 12743 14525 127 224822
139 13188 14095 107 44860
140 13228 15253 104 103035
141 13296 16015 14 35064
142 13309 16546 42 73065
143 13310 18112 13 28607
144 13504 13529 10 518
145 13598 17533 144 210459
146 13966 18721 48 124950
147 14262 14938 8 5064
148 14371 17317 144 167391
149 14390 16741 76 115617
150 14470 15305 47 16940
151 14475 17377 11 15265
152 14485 17007 46 40713
153 14878 16749 37 38898
154 14991 15988 12 7205
155 15283 16436 13 8679
156 15301 16713 108 42590
157 15518 17325 9 2454
158 15529 17805 22 5797
159 15672 21434 21 23553
160 15852 20352 38 41267
161 15854 16907 18 7787
162 15866 18902 113 88401
163 15915 17026 84 65927
164 15947 17140 63 36636
165 15990 18641 33 28240
166 16001 22051 66 196979
167 16035 18909 41 40864
168 16081 23201 38 57355
169 16248 16301 30 2151
170 16642 18725 98 67723
171 16643 17493 91 29910
172 16665 16733 34 885
173 16843 25013 63 282613
174 17079 19792 34 42558
175 17178 23377 55 60749
176 17199 19945 49 50341
177 17378 17476 68 3945
178 17472 19611 51 58114
179 17507 19014 14 14318
180 17541 18336 60 47387
181 17655 19171 24 17586
182 17807 19115 65 12405
183 17839 21185 61 47753
184 18118 18634 55 49984
185 18245 22868 103 136662
186 18257 18997 104 81764
187 18270 18693 145 79140
188 18500 20759 33 44212
189 18672 26754 75 158265
190 18700 19898 23 9454
191 18702 26283 58 134596
192 18726 18755 95 1792
193 18765 25238 49 61418
194 18804 21606 115 234838
195 18905 21224 43 29294
196 19045 22951 86 123702
197 19159 19484 34 4463
198 19225 22251 8 5021
199 19264 20992 53 25423
200 19350 22905 48 85099
201 19444 19760 12 3242
202 19567 27248 88 830974
203 19827 22472 109 305162
204 19906 20965 28 10981
205 20010 33466 80 92362
206 20034 21154 101 164116
207 20201 27277 71 70001
208 20421 20819 50 5085
209 20477 31754 80 277278
210 20518 21406 23 12492
211 20528 26971 21 31009
212 20637 25442 12 29603
213 20699 27137 19 65211
214 20838 21109 31 4973
215 20856 24760 105 148006
216 20883 21450 24 10836
217 20899 22923 146 101850
218 20942 23821 4 3249
219 21099 24644 43 123446
220 21122 21234 79 8885
221 21294 21656 6 961
222 21373 25154 44 54186
223 21387 21784 85 16873
224 21400 22665 52 51151
225 21470 24330 129 302338
226 21477 26188 145 235297
227 21534 24561 57 39479
228 21896 22705 25 9050
229 22070 22114 103 2118
230 22504 23979 107 100363
231 22517 27269 8 25541
232 22527 25417 10 36197
233 22532 22641 5 286
234 22594 27607 45 59098
235 22847 24506 19 24759
236 22870 23565 74 29405
237 23030 26097 141 192141
238 23139 26039 126 167369
239 23260 23896 90 23573
240 23556 25419 59 46737
241 23558 29228 19 106110
242 23591 24725 102 33699
243 23616 35064 29 139536
244 23646 32978 6 61229
245 23673 24730 38 44359
246 23835 26128 147 173393
247 24311 24693 18 3143
248 24312 26815 109 169364
249 24351 29801 110 152166
250 24476 32179 132 1091215
251 24498 26292 87 155294
252 24541 26804 127 84897
253 24579 24738 106 6529
254 24646 25565 126 58525
255 24947 27083 16 25188
256 24972 25850 89 73436
257 25149 27924 11 16385
258 25152 25201 9 494
259 25294 26697 50 75448
260 25355 36924 83 320514
261 25454 25509 21 821
262 25556 26422 68 21421
263 25702 30328 33 52568
264 25721 27437 146 79712
265 25727 27440 39 36271
266 26123 28412 30 15426
267 26144 28216 10 6325
268 26304 35479 6 36683
269 26480 28025 103 91159
270 26520 30879 103 119750
271 26553 27103 120 38714
272 26603 26641 10 782
273 26660 27630 37 13604
274 26692 32022 72 201715
275 27065 27102 77 1342
276 27073 32284 55 107052
277 27098 31535 56 89836
278 27294 30556 82 57726
279 27375 33238 44 76124
280 27513 30281 49 52199
281 27681 35135 123 703466
282 27712 30287 8 26094
283 27742 29177 13 9063
284 27853 28940 87 49140
285 27920 27998 149 4061
286 27983 30837 25 10749
287 28096 28999 116 30121
288 28261 33061 111 149144
289 28420 30190 62 80520
290 28516 28877 102 14056
291 28602 29592 7 5098
292 28661 29147 80 12898
293 28679 33316 21 51728
294 29293 30031 65 21125
295 29332 31510 39 19606
296 29334 37673 35 279374
297 29425 31143 129 81760
298 29428 32295 121 172934
299 29649 30821 138 479828
300 29673 30099 31 15439
301 29904 32439 23 18561
302 29996 32969 24 42032
303 30221 30385 132 6625
304 30476 34018 30 69678
305 30652 36755 143 283671
306 30682 31828 87 96054
307 30691 35794 6 21087
308 30808 37323 123 272586
309 30888 34801 50 76480
310 30943 33088 109 58815
311 31004 32959 147 72621
312 31171 34109 14 7996
313 31214 51271 21 157698
314 31377 38325 102 731555
315 31480 33180 30 49640
316 31529 31723 10 936
317 31635 34405 10 10745
318 31673 38990 129 254655
319 31802 34284 113 42463
320 31819 35836 45 170428
321 31985 32772 135 36212
322 32053 32413 8 1366
323 32181 38895 15 43338
324 32361 37056 149 498214
325 32394 33621 9 4226
326 32447 37761 27 48880
327 32627 36736 58 106662
328 32648 42870 73 241081
329 32659 34368 19 4831
330 32731 50079 77 450932
331 32764 33661 85 63543
332 32863 33759 35 7468
333 32884 37015 97 108117
334 32902 32945 124 1615
335 32962 35708 11 8881
336 32963 33854 11 7124
337 33171 41581 133 727972
338 33199 35550 8 11188
339 33469 34959 65 66978
340 33569 38586 96 142158
341 33605 34028 58 8394
342 33772 35963 10 8068
343 33815 34911 53 26777
344 33956 37020 37 34332
345 33975 35852 78 62019
346 34044 37790 6 22384
347 34087 34704 71 10042
348 34160 36605 119 45966
349 34239 44765 6 46287
350 34355 34503 90 10504
351 34507 49238 123 836429
352 34539 39663 5 10346
353 34548 35765 13 3268
354 34562 38750 146 305605
355 34715 36876 51 26572
356 34793 35110 25 7972
357 34853 37318 149 87646
358 34900 40416 143 162845
359 35008 35783 94 33710
360 35039 35318 19 2520
361 35055 35117 14 731
362 35175 35286 77 5531
363 35237 35364 130 10467
364 35244 36404 66 74384
365 35252 36216 7 4120
366 35393 37532 15 19590
367 35474 35525 20 712
368 35580 37401 49 23057
369 35625 36162 16 2410
370 35639 42047 64 241342
371 35846 37130 108 25785
372 35951 36944 12 3993
373 35953 40771 119 392424
374 36069 36248 30 1460
375 36192 37013 138 146895
376 36392 38269 28 8748
377 36401 37204 88 40565
378 36521 39262 63 122470
379 36780 42287 53 150847
380 36858 41158 11 8023
381 36884 41027 64 144411
382 37059 45182 24 134455
383 37072 42032 39 124295
384 37165 38118 92 40784
385 37182 41325 48 163298
386 37257 38033 14 6721
387 37313 38204 45 17500
388 37368 37832 9 4118
389 37399 39166 23 11018
390 37432 39387 6 3501
391 37433 38397 25 10720
392 37440 45121 43 99483
393 37474 39962 147 61794
394 37803 39107 13 38175
395 38029 41210 39 48112
396 38123 39562 130 41111
397 38181 39244 11 25391
398 38182 42762 51 60901
399 38216 47841 35 87358
400 38266 41925 82 110054
401 38274 40830 140 121382
402 38319 41524 26 32225
403 38433 39179 121 33868
404 38672 39105 8 2210
405 38698 40539 30 13426
406 38706 39024 69 12222
407 38748 40034 147 86729
408 38787 44882 12 22516
409 38837 43940 22 21982
410 38904 42581 46 134786
411 39022 39214 56 8136
412 39029 39347 8 1032
413 39117 44640 10 41105
414 39147 44145 118 565320
415 39218 46949 141 800405
416 39275 41613 66 152173
417 39398 40224 45 6163
418 39540 39840 12 1502
419 39915 42761 48 215782
420 39950 40013 25 1186
421 39965 44803 57 119045
422 40014 42010 16 10066
423 40055 41245 148 44492
424 40072 43775 38 101488
425 40126 46083 50 168424
426 40389 42354 115 138136
427 40641 40961 20 11130
428 40817 44105 49 78645
429 40913 44961 6 18107
430 40979 46611 134 739206
431 41091 41485 38 12831
432 41259 44209 58 39796
433 41360 43724 137 121604
434 41376 42970 109 108515
435 41707 43167 46 26667
436 41904 42359 6 1260
437 42008 43214 123 189083
438 42050 46220 11 17883
439 42104 48452 39 53307
440 42143 43268 43 8287
441 42157 43958 6 10803
442 42204 44883 119 72153
443 42288 43688 77 69002
444 42352 43048 101 51948
445 42461 45632 87 157502
446 42713 44282 106 39447
447 42822 44437 101 104743
448 42831 42892 10 470
449 42880 55763 62 596355
450 43094 44336 6 3896
451 43189 43321 18 1710
452 43313 45374 124 82812
453 43398 43854 14 1168
454 43656 45283 112 49083
455 43706 44779 54 63995
456 43777 46213 55 29628
457 43918 46711 73 70889
458 43941 44705 130 80764
459 44070 46987 73 59787
460 44172 46590 64 77134
461 44198 45059 110 100719
462 44252 45013 24 5544
463 44341 45843 46 18601
464 44691 45101 55 35169
465 44725 47513 6 12448
466 44741 52337 130 499174
467 44819 45550 10 3986
468 44925 45706 12 6602
469 45339 49980 63 164027
470 45466 51725 146 839139
471 45541 48192 140 181309
472 45989 49789 100 60135
473 46005 47807 135 172085
474 46166 51215 57 116601
475 46466 47726 45 79605
476 46594 46638 88 1448
477 46641 47583 8 4913
478 46657 54552 8 19135
479 46704 47022 122 24738
480 46724 54324 80 201910
481 46848 48712 45 15953
482 46940 47203 97 5280
483 46950 51116 14 30766
484 46995 48798 99 87260
485 47334 49103 25 15039
486 47442 47893 78 24868
487 47515 49291 67 24866
488 47660 49702 85 122900
489 47782 51633 45 63472
490 47829 48376 107 24253
491 47853 48091 63 11091
492 47866 53232 37 74510
493 47874 47876 30 84
494 47934 50103 90 136446
495 48111 48339 77 4903
496 48189 48838 19 10742
497 48483 50645 84 181979
498 48511 51291 39 19842
499 48514 53228 11 77536
500 48532 50459 27 15022
501 48579 52719 135 435086
502 48909 51155 32 25322
503 48913 50205 26 21824
504 48982 51352 24 17637
505 49023 52627 35 30180
506 49128 50465 98 53316
507 49176 50734 7 4341
508 49399 50998 41 24307
509 49406 53174 56 71628
510 49502 51771 23 15460
511 49692 52152 62 70223
512 49843 52041 4 4483
513 49917 55492 16 13011
514 49937 50957 25 8944
515 49939 52574 19 60342
516 50134 51529 98 40984
517 50153 54431 114 157856
518 50203 50612 83 10712
519 50285 54133 71 135561
520 50339 58746 8 29409
521 50511 67661 22 96149
522 50551 52017 59 53468
523 50623 55444 23 33881
524 50982 53823 135 169077
525 51107 53394 67 35792
526 51357 54249 62 146026
527 51399 51846 80 10319
528 51497 52709 148 30685
529 51499 51569 58 7964
530 51641 52207 78 74150
531 51822 52094 97 21537
532 51858 61404 70 489495
533 52012 55961 42 54176
534 52355 55186 102 100360
535 52371 55510 33 27616
536 52425 56677 79 178302
537 52457 55696 19 11070
538 52505 53081 90 50320
539 52599 56869 18 54055
540 52638 56011 141 146878
541 52727 53302 18 5769
542 52862 56524 91 129371
543 52867 53901 61 43676
544 52877 56613 95 220615
545 52985 53510 7 1874
546 53180 54001 6 15038
547 53286 54411 20 9596
548 53363 55772 32 13561
549 53628 53763 42 1226
550 53663 57185 6 12430
551 53731 58638 75 175319
552 53775 54582 73 37075
553 53925 59068 39 143417
554 53992 57695 119 323336
555 54108 62903 79 508753
556 54156 57986 37 32469
557 54184 57064 7 5722
558 54208 61509 16 19904
559 54214 67288 10 71676
560 54308 58275 89 92915
561 54313 54756 16 6564
562 54382 56717 63 32905
563 54387 54665 16 1276
564 54607 58164 43 67203
565 54628 56491 46 49364
566 54660 60666 29 39765
567 54751 55794 14 20481
568 54893 58531 13 33413
569 54899 57208 26 42910
570 55368 55596 57 14973
571 55495 68813 75 179157
572 55571 55595 134 3620
573 55717 56159 13 4533
574 55848 63263 6 6616
575 55993 60375 13 41772
576 56050 59247 29 83735
577 56087 61026 123 292816
578 56143 61046 93 281620
579 56249 57052 16 5450
580 56492 58349 87 27977
581 56735 57716 10 2567
582 56763 58239 60 22966
583 56887 57068 19 2758
584 57063 57086 10 196
585 57203 57567 76 32684
586 57245 57884 19 10863
587 57684 60087 105 163869
588 57757 58722 101 16335
589 57791 59584 71 78732
590 57833 61963 71 51274
591 57892 60203 28 27998
592 57923 62580 15 24748
593 57989 60529 44 60593
594 58189 59994 80 57589
595 58369 60752 105 78476
596 58544 59512 6 6407
597 58751 59030 48 7072
598 58945 60415 124 108406
599 59004 64676 39 121286
600 59080 61162 28 37336
601 59149 61424 150 162515
602 59205 60082 142 91349
603 59291 62835 25 46191
604 59403 59929 29 21034
605 59425 61191 47 63422
606 59484 65381 12 27386
607 59695 60081 86 16722
608 59800 60398 146 42285
609 59837 60154 60 14100
610 59953 67014 8 49827
611 60018 60901 48 43837
612 60042 62395 14 9868
613 60138 60494 10 4386
614 60193 62809 70 95876
615 60233 61330 17 21866
616 60412 63162 41 199750
617 60517 62227 92 53443
618 60776 62285 123 169299
619 60936 62348 20 2733
620 60966 68627 58 79160
621 61078 67593 13 35923
622 61081 65408 13 32713
623 61512 67422 63 167896
624 61520 69213 118 423539
625 61571 62949 99 79520
626 61599 62997 12 14749
627 61652 63330 41 32449
628 61674 66415 13 18767
629 61762 62239 113 28013
630 61824 64902 50 369199
631 61952 67722 69 177562
632 61960 65486 35 14799
633 62143 65127 108 447663
634 62149 66052 23 70751
635 62155 67326 73 113368
636 62281 62794 68 14363
637 62291 62512 65 14153
638 62297 62635 53 11241
639 62300 71534 80 191627
640 62391 75615 28 50455
641 62589 65088 19 12075
642 62704 64877 12 6324
643 62935 63724 45 21305
644 63012 69680 137 327826
645 63098 63939 109 24832
646 63145 64536 85 107965
647 63229 67255 10 12877
648 63336 65814 31 63046
649 63441 74382 22 121494
650 63550 64300 28 27510
651 63687 66198 23 18458
652 63803 64695 12 6068
653 63926 64023 46 1835
654 64028 65999 137 106517
655 64053 69608 38 103574
656 64184 67274 24 24393
657 64496 65574 12 11039
658 64573 64637 117 10293
659 64758 67818 77 97224
660 64941 67435 84 102415
661 64947 65936 72 20124
662 65021 65490 87 45156
663 65033 66588 126 408264
664 65042 65159 18 313
665 65110 66391 17 2396
666 65169 67678 34 22916
667 65174 72545 126 353366
668 65284 66690 102 136840
669 65560 67935 36 85651
670 65785 66512 114 21480
671 65787 70959 105 194513
672 65810 66856 122 81832
673 65865 66141 140 17403
674 65892 67102 94 54640
675 65899 67753 18 6752
676 65903 67251 33 42598
677 66026 73092 65 117490
678 66072 86143 131 955957
679 66177 66238 14 404
680 66260 67306 110 77359
681 66646 68939 52 60572
682 66766 82142 75 194316
683 66776 69930 12 9726
684 66795 66872 108 15874
685 66874 68932 46 33844
686 67018 73842 28 38624
687 67206 71105 143 416140
688 67265 75925 98 1009315
689 67335 71437 120 229462
690 67419 71528 110 172342
691 67727 68492 27 12214
692 67759 73734 21 65279
693 67820 77756 43 148074
694 67822 67932 64 3459
695 67973 73382 43 194242
696 67982 72849 60 65369
697 68028 76313 82 353092
698 68170 69294 44 9474
699 68183 68991 28 24969
700 68251 69011 5 2211
701 68304 72926 99 190103
702 68532 72089 10 13393
703 68577 68648 143 16385
704 68901 73364 9 20466
705 69035 74583 44 37741
706 69253 70266 40 34521
707 69262 70952 76 42680
708 69302 69342 149 2913
709 69317 70526 32 19056
710 69462 69762 24 5250
711 69703 70272 4 882
712 69768 72753 27 48640
713 69772 77527 52 90202
714 69837 70027 144 15921
715 69856 70279 140 12272
716 69929 71328 142 322782
717 70043 70164 42 4221
718 70061 80692 35 101762
719 70113 71420 71 56658
720 70203 72971 111 115378
721 70269 83244 74 284186
722 70282 72180 21 14473
723 70287 71633 87 76758
724 70295 75139 101 501761
725 70307 70503 113 15464
726 70339 80253 4 10561
727 70433 73060 29 50521
728 70459 71115 58 10514
729 70513 70690 15 2809
730 70514 73855 11 9477
731 70573 72466 85 56051
732 70733 72263 23 13131
733 70833 73650 26 41596
734 70851 71139 102 7398
735 70865 73365 147 409939
736 70955 72224 7 4725
737 71128 73898 11 9758
738 71191 73575 8 12085
739 71261 81056 15 37397
740 71382 74396 13 12231
741 71463 74067 67 89036
742 71484 78807 42 106799
743 71510 71768 4 1894
744 71779 74647 87 82614
745 71838 73269 71 33187
746 71886 72126 45 8018
747 72065 75792 125 184815
748 72187 78418 121 578394
749 72243 75491 6 16823
750 72439 73656 10 9365
751 72726 73251 30 6806
752 72736 75697 79 209560
753 72807 80158 45 261001
754 72813 75188 111 114193
755 72870 77045 141 234254
756 72904 74701 7 3977
757 72959 73159 88 2623
758 73052 75337 21 32620
759 73115 80435 21 55232
760 73139 75813 67 50277
761 73180 75201 7 6704
762 73337 76810 94 107925
763 73423 73604 94 13756
764 73553 75403 96 162778
765 73677 79342 52 99710
766 73682 74804 28 13168
767 73759 75694 9 2633
768 73772 75300 49 40050
769 73832 75238 81 33875
770 74071 79766 125 175147
771 74084 75546 4 4879
772 74287 75290 127 47295
773 74607 76205 15 15105
774 74750 80010 56 101147
775 74855 78781 107 55399
776 74865 76644 110 141754
777 75007 80894 46 109516
778 75157 77505 47 24361
779 75322 77722 47 131288
780 75393 77185 77 104212
781 75477 76869 6 3756
782 75603 80646 5 12333
783 75625 76468 100 60318
784 75766 75894 145 6609
785 75941 83193 34 65087
786 75974 79954 47 432487
787 76329 81708 10 23433
788 76385 79275 21 18784
789 76712 78615 25 57751
790 76738 77544 144 53514
791 76831 76878 11 392
792 76947 79067 57 100757
793 76949 78718 17 12507
794 76955 78561 118 99926
795 77032 81140 103 116946
796 77039 77050 62 301
797 77154 81593 64 129603
798 77270 81088 17 42279
799 77271 79064 108 44507
800 77515 79233 40 27588
801 77847 81871 17 38124
802 77917 81914 5 4977
803 77920 78708 146 29058
804 78026 84488 39 486654
805 78031 78678 68 23770
806 78083 79209 69 15971
807 78104 80683 5 4524
808 78217 79102 14 10548
809 78271 83018 4 6803
810 78288 78459 80 33867
811 78344 82227 35 91687
812 78423 84605 53 105420
813 78428 80866 28 59049
814 78608 78940 65 11552
815 78744 79268 19 6023
816 78754 86763 4 6909
817 78789 78849 55 1427
818 78796 79307 125 42378
819 78877 80083 92 35653
820 79042 82100 147 229938
821 79083 81106 37 51294
822 79135 81570 51 30891
823 79159 81833 65 87265
824 79213 79363 64 5189
825 79214 79351 79 9452
826 79218 79221 13 31
827 79480 81873 80 225809
828 79500 82097 57 166829
829 79599 81518 9 9084
830 79694 82751 4 7755
831 79739 83338 108 334881
832 79749 83454 135 128358
833 80550 81116 79 18191
834 80804 82782 46 17919
835 80809 85356 139 241038
836 80972 81861 52 41339
837 81059 87055 87 383873
838 81317 85525 147 311240
839 81363 81371 67 362
840 81867 82601 16 11292
841 82148 89782 74 568142
842 82436 82475 6 396
843 82440 83034 134 58694
844 82480 85220 45 41874
845 82497 84162 39 30922
846 82665 82806 23 1870
847 82726 84795 5 5433
848 82780 85372 148 303683
849 82848 84917 79 107385
850 82891 85243 5 4336
851 83135 86362 67 80399
852 83225 83532 101 32908
853 83227 83652 50 18292
854 83465 84588 5 3484
855 83519 83978 16 2177
856 83755 84621 48 16058
857 83883 85665 88 132207
858 83887 86954 19 50859
859 83968 85775 73 57170
860 83992 87053 17 31575
861 84081 87417 24 48806
862 84187 86647 124 80475
863 84306 86539 8 5860
864 84334 87648 15 16984
865 84400 88752 24 34147
866 84467 84517 21 820
867 84928 86783 113 41439
868 84952 85766 7 4360
869 85050 88279 70 96739
870 85061 87286 8 6236
871 85173 87253 17 11618
872 85221 87953 149 233103
873 85310 89007 8 30625
874 85332 85551 117 9801
875 85339 91139 11 31715
876 85365 88566 11 11843
877 85963 90088 134 131386
878 86017 86794 58 22439
879 86020 88485 37 67449
880 86079 86486 5 1981
881 86167 91907 13 25055
882 86289 89818 93 105136
883 86314 88371 26 26208
884 86348 91111 86 87738
885 86422 89577 145 156832
886 86467 88891 27 54287
887 86534 89468 145 76419
888 86551 86666 71 3046
889 86820 87063 22 1507
890 86830 88777 7 4316
891 86869 86882 10 110
892 86902 91456 113 162299
893 86975 90240 41 33822
894 86984 94754 17 47949
895 87018 94487 135 197501
896 87023 94433 6 11067
897 87166 92963 47 74498
898 87205 89055 45 30220
899 87442 95605 28 253317
900 87466 88283 90 60771
901 87533 90098 129 423640
902 87637 91703 128 240202
903 87650 88020 137 25151
904 87679 93979 17 45487
905 87717 88103 12 1096
906 88318 89393 38 14597
907 88403 89097 5 967
908 88433 93896 8 17690
909 88708 90306 102 121034
910 88797 89151 116 8186
911 88904 90524 81 106153
912 88962 89881 74 24558
913 89035 90041 114 89258
914 89118 89253 28 1081
915 89148 89363 61 8913
916 89274 90158 118 52124
917 89435 96738 58 361625
918 89566 99100 37 142301
919 89628 93898 89 122313
920 89904 93822 62 157359
921 90012 91398 19 17178
922 90099 92057 49 16167
923 90193 91534 14 9653
924 90245 91698 25 22086
925 90255 90551 96 13565
926 90459 96866 118 1463995
927 90706 95741 92 374157
928 90746 90949 38 7840
929 90934 91457 53 11712
930 91047 92865 18 21986
931 91089 97952 45 151500
932 91099 94289 7 7613
933 91268 93030 12 4771
934 91416 93436 44 21471
935 91668 92715 42 18912
936 91751 95370 90 229245
937 91823 99562 53 188834
938 91835 92232 18 8144
939 91878 92414 8 1385
940 92063 92071 78 568
941 92104 93739 10 4806
942 92225 97233 10 20587
943 92337 96190 32 117993
944 92381 92882 11 4225
945 92393 93524 79 96051
946 92459 93419 30 20810
947 92486 92978 8 5958
948 92610 93326 79 41719
949 92670 97212 114 174489
950 92689 93190 120 39127
951 92709 95804 18 9612
952 92776 96907 79 202415
953 92904 96195 25 24747
954 92971 94455 91 103178
955 93024 95131 142 426077
956 93047 95389 21 21380
957 93051 94180 45 36095
958 93161 98814 60 204632
959 93191 94928 150 93218
960 93273 99504 33 129064
961 93357 94622 78 27281
962 93490 95135 45 16913
963 93519 93810 108 15257
964 93666 99347 19 105454
965 93729 94740 20 8692
966 93730 94687 6 5880
967 93741 96632 58 49739
968 93920 96357 39 38552
969 93950 97989 138 793715
970 93970 95447 9 6324
971 94352 95084 141 61525
972 94555 94772 31 2133
973 94707 95244 7 1788
974 94713 97721 92 188043
975 94978 95657 99 55071
976 95425 96397 72 54020
977 95435 96689 78 70887
978 95448 98091 139 169013
979 95666 96182 118 32552
980 95709 97471 35 20295
981 95783 98561 104 111839
982 95986 98757 80 154145
983 95992 98594 67 83287
984 96736 97381 4 782
985 96786 98983 5 1685
986 96837 96889 128 3745
987 96858 99316 114 266075
988 96976 97181 108 9100
989 97132 98930 72 33413
990 97301 98687 53 24264
991 97311 98047 28 3983
992 97588 98327 36 7064
993 97646 97652 31 176
994 97968 99851 144 182895
995 98002 98898 105 27585
996 98153 99539 11 13871
997 98258 98903 17 9800
998 98519 98637 29 3000
999 98859 99321 41 11701
