50 1000 0.032
....................###...........................
........####........#...............#.............
....................#.............................
...................##.................##..........
.........................#..................#.....
.........................#........................
.........................#........................
............................................##....
............................................##....
.................###..............................
..................#...............................
.....#............................................
....###...........................................
.................#................................
..................................................
..............###.................................
...............#..................................
.............#....................................
....................##............................
..................................................
..................................................
..................................................
.......................#..........................
..................................................
.....................................#............
.....................................##...........
..#...................................#...........
..#............................#...........#......
##....##......................##...........#..#...
......###.........##..............................
.................................#........##......
.................................#.......##.#.....
..............###.....#.......#...................
................##....##..........................
......................##....#.....................
....#.......................##....................
...##.............................................
...##.............................................
..................................................
##.................##.............................
....................##............................
...........#..............................#.......
........................................###.......
.........................#................#.......
#..........##...........##...........###..........
#.....................................##..........
#.................................................
..................................................
.......................................###........
........................................#.........
0 97 2835 108 120746
1 309 10156 98 407153
2 555 2190 45 57262
3 598 11764 16 85510
4 623 5291 63 167974
5 628 6168 5 8013
6 644 1209 49 31162
7 806 1228 96 20918
8 818 2295 24 12541
9 839 1911 64 57327
10 1352 4109 10 7638
11 1457 1874 12 5437
12 1498 13785 130 958638
13 1513 8761 98 237915
14 1721 8631 63 259235
15 1817 10174 5 6984
16 1920 6618 27 62803
17 1955 8307 9 73630
18 1984 10352 83 259481
19 2011 12814 106 541895
20 2033 11043 103 498988
21 2069 7740 93 278183
22 2105 2581 149 55283
23 2146 2796 102 65223
24 2166 2884 7 1754
25 2218 5212 22 23604
26 2249 3605 70 43421
27 2310 7295 66 216770
28 2470 8462 11 11847
29 2667 21579 6 25184
30 2771 7507 12 91121
31 2781 3032 11 2914
32 3038 4738 41 44703
33 3076 4924 118 56623
34 3204 9820 9 83233
35 3345 5217 8 5346
36 3631 4009 107 32844
37 3710 4720 135 111377
38 3737 3986 39 1706
39 3810 6772 27 72282
40 3955 4535 29 12848
41 3980 9299 114 88654
42 3988 6658 6 10589
43 3993 16017 29 292979
44 4041 10558 40 291392
45 4120 10377 116 222961
46 4191 5867 111 84558
47 4356 10980 102 213102
48 4385 11848 79 240496
49 4531 13815 26 140398
50 4556 16319 58 369768
51 4574 13647 101 198733
52 4888 13114 31 73705
53 4893 7224 18 37402
54 5017 5646 14 8774
55 5049 5698 131 27840
56 5079 5579 78 47639
57 5080 6515 126 213195
58 5255 12887 25 46718
59 5257 6227 27 5521
60 5343 6873 45 44980
61 5415 5885 42 6489
62 5530 9075 21 46502
63 5617 6512 81 24398
64 5685 6139 13 7085
65 5877 5973 120 7324
66 5970 8730 69 52043
67 6020 9580 9 5988
68 6122 8059 12 6924
69 6247 6596 39 5149
70 6292 12831 5 6625
71 6311 7312 20 14211
72 6468 6735 34 4654
73 6673 10647 41 84013
74 6892 10123 15 54582
75 6976 9062 79 47990
76 7003 11456 21 68233
77 7069 13432 148 1018030
78 7077 7844 19 7283
79 7097 14096 66 254145
80 7110 8947 101 105319
81 7221 10314 16 15925
82 7268 9235 51 18635
83 7346 7718 72 17117
84 7373 11330 87 178682
85 7440 12705 84 163524
86 7472 9408 12 11159
87 7570 16135 148 1534029
88 7656 17950 46 267373
89 7671 14752 95 106614
90 7944 8131 57 5522
91 7953 12959 26 45311
92 8009 10393 48 33701
93 8135 15949 28 165586
94 8403 8861 145 44797
95 8415 12380 18 36840
96 8493 9132 141 72776
97 8497 12174 112 100114
98 8649 14048 141 232626
99 8653 9079 99 30178
100 8798 9436 10 5651
101 8854 16925 5 28940
102 8974 9478 103 51933
103 8981 9722 126 66117
104 9014 10297 19 6284
105 9130 11006 70 36118
106 9336 13209 30 20245
107 9351 10879 115 53371
108 9405 10771 84 36864
109 9519 16133 51 174178
110 9585 16081 37 74240
111 9622 12065 18 11961
112 9862 10125 112 23061
113 10136 11278 33 22156
114 10173 14960 30 164480
115 10207 15091 28 24842
116 10252 10786 119 25715
117 10264 12772 138 294821
118 10381 21837 143 243614
119 10390 12515 11 8887
120 10414 11510 42 21252
121 10455 14316 105 46170
122 10628 12159 35 45242
123 10778 13396 116 73282
124 10938 15952 8 16223
125 11065 13201 41 62367
126 11121 20898 68 400185
127 11166 13027 45 44962
128 11309 15535 100 792699
129 11346 14427 19 39527
130 11423 11796 16 2785
131 11498 19094 128 200354
132 11549 12089 117 38992
133 11646 15489 140 317595
134 11665 13411 94 24778
135 11671 19656 109 149968
136 11737 13161 124 112294
137 11798 12750 143 92861
138 11860 17214 24 58186
139 11861 14463 9 10752
140 11937 12231 51 11993
141 12050 27388 10 165868
142 12059 15868 58 140535
143 12081 16713 120 335242
144 12101 15082 37 51756
145 12392 13932 72 27064
146 12456 16191 24 23906
147 12644 14040 9 9507
148 12793 18375 19 38420
149 12829 22511 25 121802
150 13003 17834 28 46521
151 13579 15261 78 51518
152 13593 13711 15 1702
153 13631 14536 87 44959
154 13634 15627 28 38658
155 13726 15346 4 2700
156 13760 18243 44 73241
157 13822 14883 23 7581
158 13901 14627 58 48174
159 13915 20208 106 248769
160 13925 15621 41 42620
161 14041 30528 26 139541
162 14078 14203 27 4608
163 14293 21572 48 237340
164 14323 21400 30 38649
165 14356 19083 44 60472
166 14389 21543 125 393269
167 14428 18247 143 220382
168 14496 15414 105 55421
169 14789 15664 109 37229
170 14939 19975 18 33229
171 15021 15798 58 16437
172 15026 16025 148 82426
173 15036 16835 95 92478
174 15040 22652 65 370828
175 15059 15370 133 15782
176 15132 15233 36 1096
177 15196 16067 9 12189
178 15358 17286 11 10259
179 15389 17133 62 31347
180 15395 15672 39 7587
181 15447 19354 54 67112
182 15541 25833 90 320847
183 15562 16475 23 17481
184 15617 17844 29 41375
185 15640 16392 124 77276
186 15688 23520 106 191660
187 15731 22363 24 54118
188 15771 24666 38 133316
189 15812 20299 62 40984
190 15950 16234 82 6832
191 15993 20638 146 628287
192 15998 16508 11 1413
193 16072 16541 18 1529
194 16296 17430 9 8120
195 16339 19559 10 30201
196 16351 16828 12 8528
197 16600 19879 5 10395
198 16758 20435 106 202881
199 16924 20516 69 208807
200 17049 18710 110 74649
201 17106 19189 62 87121
202 17164 21157 57 313145
203 17178 18220 141 143348
204 17236 17914 5 1110
205 17253 17481 72 4988
206 17370 21609 7 22109
207 17483 17601 85 6777
208 17508 19009 5 4339
209 17562 30530 84 985427
210 17720 28819 21 134873
211 17891 21951 9 9521
212 18005 19155 30 15511
213 18035 29325 111 438037
214 18050 20771 6 9808
215 18213 21167 39 87575
216 18228 24359 5 11556
217 18259 18984 97 60587
218 18461 18938 106 15916
219 18516 29433 148 508318
220 18528 23109 5 8255
221 18616 18852 11 500
222 18655 25779 32 80452
223 18682 32521 40 692679
224 18849 19920 131 57443
225 19029 19772 148 58409
226 19089 30809 12 117967
227 19147 23695 75 155638
228 19183 20617 84 99440
229 19203 26660 34 106564
230 19327 24773 119 365341
231 19405 22135 9 5050
232 19411 29382 97 273297
233 19531 25738 54 100700
234 19546 23116 55 226464
235 19585 22791 10 20209
236 19627 23017 97 308044
237 19748 23775 48 87157
238 19791 22933 135 230914
239 19814 30255 19 63781
240 19887 21963 134 293451
241 20064 20280 42 4831
242 20078 22483 11 10722
243 20179 21016 29 12110
244 20231 33452 13 56802
245 20392 23143 41 51693
246 20438 21308 91 63904
247 20468 26351 47 92074
248 20610 22371 70 60219
249 20646 23360 125 156852
250 20990 22623 40 30663
251 21381 24233 42 31267
252 21598 34986 59 225175
253 21606 27609 5 4177
254 21706 22969 80 118014
255 21716 30203 10 61052
256 21740 23308 146 109214
257 21849 22082 58 7992
258 21978 23421 90 39324
259 22046 26840 132 635402
260 22143 23733 25 17700
261 22187 22293 31 1090
262 22195 27914 27 47616
263 22251 22957 23 3904
264 22290 22779 5 890
265 22340 26275 118 295572
266 22361 25514 7 13448
267 22631 28615 68 173337
268 22650 28617 28 199035
269 22697 23599 11 1862
270 22906 24015 67 72608
271 22998 25245 133 90110
272 23056 24168 138 44099
273 23395 25366 105 46220
274 23472 32147 29 237627
275 23473 23946 19 9591
276 23795 26165 134 149503
277 23861 27897 55 60143
278 23951 39589 29 106503
279 24029 36268 19 101873
280 24074 24999 49 60510
281 24076 24271 141 16491
282 24164 25074 87 123023
283 24176 25208 121 38916
284 24234 25097 106 53748
285 24274 27964 9 10450
286 24278 24470 25 5110
287 24352 30088 143 972658
288 24516 25363 135 106063
289 24650 25322 133 49460
290 24735 27589 16 21605
291 24790 25168 37 12176
292 24828 35176 23 61303
293 24829 25348 25 2802
294 24968 27843 20 18071
295 25014 25659 133 77999
296 25061 25393 46 12688
297 25123 27366 54 64575
298 25457 28634 17 9093
299 25610 31207 100 109134
300 25673 38873 21 56298
301 25811 25947 136 21452
302 25897 32107 45 187908
303 25899 26121 15 1328
304 25962 32433 122 129038
305 26089 37740 99 680411
306 26161 28587 62 105271
307 26188 30290 85 128890
308 26210 26323 94 7474
309 26312 32317 8 28605
310 26831 33464 89 380891
311 26977 40069 83 150350
312 27110 27111 5 5
313 27210 28667 55 67056
314 27289 29257 74 80707
315 27511 33118 107 197088
316 27642 30084 82 331485
317 27797 35886 29 25613
318 27905 32886 6 18469
319 28087 38501 17 91844
320 28213 29299 47 28088
321 28219 30808 70 145582
322 28226 28545 129 43518
323 28249 28840 54 22841
324 28312 36544 25 71595
325 28388 33891 81 85740
326 28532 30186 9 7449
327 28686 36163 12 31764
328 29005 33720 18 20724
329 29244 29462 124 15730
330 29345 35266 141 288104
331 29426 30365 128 67590
332 29606 33127 14 16908
333 29799 29945 72 9401
334 29885 30628 116 22088
335 30002 39644 86 147423
336 30004 39262 56 212116
337 30231 35070 25 84030
338 30265 37269 97 277535
339 30613 32267 9 2930
340 30700 45294 71 646230
341 30806 45676 44 267006
342 30897 31916 10 4852
343 30981 33778 16 40661
344 31079 37263 103 323754
345 31226 42730 11 35960
346 31248 38755 34 144599
347 31280 34452 83 59519
348 31331 33392 60 42291
349 31431 36672 7 10622
350 31462 31633 46 4833
351 31497 31950 57 5755
352 31683 32298 87 44393
353 31853 33414 22 33448
354 32038 32418 45 13918
355 32162 32399 19 1837
356 32231 32607 19 4640
357 32779 32975 56 3042
358 32787 35736 67 68100
359 32869 47425 7 50604
360 32881 33339 118 27022
361 32926 33193 32 7540
362 32944 35738 145 228971
363 33000 33758 39 18710
364 33088 34614 78 136324
365 33106 35801 34 31145
366 33156 34877 131 179211
367 33183 37315 23 38822
368 33260 34145 136 55257
369 33541 34187 7 4435
370 33743 43520 137 194453
371 33780 43274 101 514769
372 33869 38750 4 6048
373 33958 46836 4 14699
374 34102 40746 49 194978
375 34544 37500 28 23453
376 34606 37175 136 140808
377 34645 38067 67 233115
378 34733 42445 49 188058
379 34745 37755 24 25177
380 34772 36132 51 15966
381 34830 39339 12 28617
382 34884 37503 120 268292
383 34972 37933 69 138538
384 35081 46815 34 286776
385 35107 40336 5 7336
386 35198 37216 40 201778
387 35237 36630 6 4370
388 35397 37507 18 26288
389 35587 37471 5 1710
390 35765 38169 13 6997
391 35852 37563 52 83117
392 35941 36083 6 585
393 36428 39124 80 38809
394 36687 40636 9 17995
395 36919 39928 14 11417
396 37000 45018 11 91134
397 37067 45616 75 282895
398 37176 41398 8 8156
399 37210 44428 81 214367
400 37232 38324 59 35520
401 37473 46330 145 636288
402 37501 57799 7 63466
403 37632 38415 61 8839
404 37637 46067 84 110909
405 37829 44359 103 376636
406 37844 48973 9 18746
407 37894 38996 77 77118
408 37991 38390 50 23152
409 38055 41887 126 165428
410 38319 51439 94 314053
411 38341 39382 105 36731
412 38374 41961 66 161016
413 38538 45208 6 6703
414 38847 40676 99 71589
415 39000 46549 6 7387
416 39043 39648 10 2931
417 39240 43414 33 56641
418 39256 47405 19 66828
419 39276 42636 120 214899
420 39446 46789 44 62102
421 39594 52151 24 81411
422 39731 45526 10 13494
423 39775 40323 27 6064
424 40186 44137 23 45381
425 40192 52256 111 922530
426 40254 40897 92 23825
427 40335 43594 96 296144
428 40413 41552 7 3019
429 40433 48622 102 646339
430 40577 40938 51 10641
431 40640 41116 16 1262
432 40653 41806 43 13841
433 40712 41238 6 863
434 40954 48313 5 7372
435 40995 59170 50 285253
436 41090 44605 19 26325
437 41095 44373 86 217650
438 41287 43494 32 23098
439 41341 43909 64 119340
440 41397 41856 28 5555
441 41407 43133 13 18913
442 41546 42275 14 14402
443 41595 42223 11 2481
444 41710 42292 19 6338
445 41736 42903 51 14976
446 41951 44681 50 42834
447 42073 45378 7 10550
448 42093 43288 149 105373
449 42101 45190 59 137030
450 42136 44121 49 41761
451 42173 44568 90 128903
452 42276 54654 16 62499
453 42523 48297 150 128224
454 42534 44457 63 27083
455 42598 42945 121 15463
456 42607 46983 124 87902
457 42812 46564 18 38484
458 42887 46442 21 10336
459 42940 44309 65 21814
460 43188 43524 145 74147
461 43404 56966 4 15906
462 43509 45358 93 38449
463 43544 43586 127 8568
464 43624 44282 13 3657
465 43849 44591 60 34498
466 44001 44438 11 6786
467 44057 44097 30 907
468 44078 45878 46 33760
469 44163 46510 59 95691
470 44384 44513 105 5665
471 44504 49574 35 51096
472 44602 47047 11 7441
473 44845 46922 95 152668
474 44855 55667 150 1408821
475 44879 44992 12 774
476 45055 45647 28 8204
477 45428 50359 114 551771
478 45433 60628 103 307898
479 45466 47323 128 43211
480 45683 54255 128 250110
481 45730 48271 12 14846
482 45766 47150 36 37083
483 45834 48666 38 54627
484 45836 49943 17 14545
485 45855 56540 6 21021
486 45861 46384 146 15608
487 45944 50810 111 582460
488 45974 48379 120 31279
489 46174 47509 99 111315
490 46388 48248 77 62468
491 46466 48917 46 62920
492 46484 48171 68 26408
493 46757 49202 36 31689
494 46831 48149 148 70409
495 46838 50390 5 4124
496 47206 52263 66 81480
497 47279 64057 51 154893
498 47331 48074 132 54221
499 47361 51937 72 164870
500 47385 49716 130 59648
501 47511 52665 148 443850
502 47532 54330 87 205945
503 47696 57698 38 383657
504 47737 50407 11 26923
505 47798 50630 37 31207
506 47837 55444 57 182691
507 47857 49208 11 6881
508 48101 48739 135 22009
509 48333 57109 99 229476
510 48384 49766 148 137601
511 48400 63671 8 34386
512 48441 50647 110 72389
513 48464 48561 23 2521
514 48513 54501 65 105705
515 48714 55914 50 98614
516 48791 50503 11 15026
517 48819 53744 63 142747
518 48954 49945 98 52747
519 48990 54666 90 264731
520 49143 50471 12 6560
521 49154 49532 20 5439
522 49312 51350 107 121703
523 49317 53637 32 53251
524 49336 50350 112 100303
525 49391 51362 68 60551
526 49471 51258 78 50021
527 49514 51725 10 5872
528 49546 56727 70 213974
529 50044 50443 70 25990
530 50233 53167 78 101194
531 50742 66839 118 375892
532 50764 52495 6 2021
533 50795 52071 24 25041
534 50907 51494 70 23087
535 50988 56496 5 11897
536 51059 53028 37 43833
537 51114 54374 107 158414
538 51309 66605 19 114165
539 51324 59033 112 179567
540 51341 64418 127 650420
541 51357 52986 143 119467
542 51519 56197 60 130658
543 51682 58743 77 223031
544 51786 62547 112 1160023
545 51801 58819 21 64607
546 51806 53413 112 56138
547 51812 52434 84 22929
548 51826 62310 45 94341
549 52501 61775 6 15908
550 52553 54084 20 39993
551 52584 63867 63 76714
552 52657 65066 73 430543
553 52748 64897 10 33707
554 52831 53529 24 6902
555 52994 63447 139 779288
556 53082 56607 95 183219
557 53110 54417 32 25247
558 53156 57184 20 52747
559 53244 58337 54 99618
560 53332 53724 7 1995
561 53674 57274 129 1103836
562 53912 65559 142 1571385
563 54007 57543 30 75624
564 54083 54421 7 1072
565 54088 56494 85 71376
566 54135 76462 52 644154
567 54188 60140 36 221663
568 54192 60708 5 49987
569 54262 58454 142 182955
570 54301 60731 49 169865
571 54343 55581 16 6068
572 54371 55775 86 63458
573 54434 56110 112 34893
574 54452 60954 139 479754
575 54535 65260 24 176273
576 54537 55211 127 47634
577 54571 61813 135 224391
578 55001 62321 91 201631
579 55015 61321 139 503453
580 55071 57313 20 26626
581 55302 55979 5 1161
582 55307 55809 36 7471
583 55315 70793 106 1610399
584 55441 57614 5 5011
585 55494 55502 120 437
586 55519 57172 32 29464
587 55592 58600 43 39295
588 55706 57739 140 280649
589 55762 61535 18 18432
590 56024 58883 9 6409
591 56062 57338 26 10620
592 56095 72988 122 486077
593 56297 58618 5 5042
594 56382 61127 82 102567
595 56400 59398 33 70532
596 56568 61370 20 53602
597 56663 57716 110 51628
598 56671 60060 64 165160
599 57114 58689 9 22394
600 57153 57736 10 2760
601 57155 58254 49 14891
602 57253 60840 62 67258
603 57334 62605 13 27011
604 57387 67112 6 18224
605 57436 68005 121 316872
606 57620 58416 42 9023
607 57741 60061 126 138957
608 57888 62889 7 11432
609 57933 67560 7 24853
610 58101 61079 76 56371
611 58251 59124 27 20927
612 58298 63869 21 31878
613 58299 58889 55 23912
614 58441 73454 46 411387
615 58544 62776 27 86610
616 58659 65547 84 269136
617 58795 59162 5 416
618 58908 63561 75 129385
619 59019 81452 100 1079741
620 59125 62674 138 122693
621 59156 62263 5 3923
622 59229 64437 96 315724
623 59578 60894 86 51289
624 59660 60319 8 2707
625 59761 59891 5 397
626 59802 61458 130 121861
627 59821 61104 72 44414
628 59824 62612 111 213916
629 60018 72402 4 27165
630 60086 68249 24 54581
631 60244 62687 29 22003
632 60396 75440 132 893705
633 60414 61585 51 17280
634 60484 67583 127 444354
635 60547 66656 59 93121
636 60574 62668 14 28533
637 60682 77524 77 411014
638 60725 62037 9 2402
639 60752 74083 102 298601
640 60921 69001 55 295164
641 60927 63933 125 186102
642 60939 73160 21 72352
643 61171 63321 21 35508
644 61178 72354 7 27740
645 61239 68998 121 205014
646 61374 62081 146 27773
647 61627 64275 9 15065
648 61782 73863 82 156161
649 62085 66272 20 29620
650 62115 70319 22 77384
651 62185 62809 68 17572
652 62188 65310 34 29857
653 62192 62563 19 8097
654 62493 63504 126 68563
655 62677 64626 120 50070
656 62866 71198 71 276350
657 62885 63278 14 2219
658 62948 63699 83 68728
659 63019 77322 10 81661
660 63073 68347 5 9050
661 63118 63210 6 263
662 63131 73313 64 591134
663 63153 63592 93 13420
664 63389 64411 24 7536
665 63462 67792 148 304918
666 63472 64608 30 27685
667 63500 63989 17 6573
668 63553 64875 9 6418
669 63575 69881 26 150050
670 63620 64573 17 10598
671 63790 73584 147 379246
672 63831 65535 5 4209
673 63964 67191 132 435204
674 64093 66594 31 46572
675 64185 71287 102 260960
676 64196 70429 144 574138
677 64199 67082 129 71069
678 64532 70947 80 220804
679 64541 66736 21 23637
680 64619 67664 134 317237
681 64677 65291 136 46398
682 64695 68083 143 571592
683 64829 70686 12 18987
684 64844 82757 122 1421053
685 64910 69748 44 230874
686 64944 65671 18 6966
687 65106 83105 8 95398
688 65155 65635 45 5788
689 65156 65698 92 66442
690 65173 66122 15 4923
691 65206 66796 75 59431
692 65323 68814 32 39291
693 65350 67928 25 19671
694 65366 65818 17 6098
695 65396 71428 35 94188
696 65543 67554 29 49854
697 65545 77840 15 87735
698 65802 66136 143 23908
699 65810 70683 121 100437
700 65930 69642 106 71334
701 66107 66672 4 1440
702 66249 70529 139 101794
703 66285 87756 38 112491
704 66363 68134 123 57503
705 66572 73887 60 174450
706 66718 66975 58 13472
707 66785 67312 66 28971
708 66790 68985 30 45888
709 66812 70098 50 112032
710 66819 73404 36 206723
711 66908 68147 101 93846
712 66949 68751 53 89615
713 67007 70840 144 113564
714 67011 69516 45 36720
715 67107 68235 9 2691
716 67132 69107 77 43183
717 67217 67517 61 8111
718 67272 73946 90 321335
719 67422 76057 98 285819
720 67486 70858 47 70667
721 67495 68665 134 49335
722 67549 69314 79 38106
723 67556 74839 8 22739
724 67594 72637 65 134725
725 67710 70301 114 155184
726 67893 77803 39 151179
727 67938 72824 84 230745
728 68371 68492 26 3893
729 68372 76948 110 330150
730 68391 73192 118 37601
731 68459 73868 82 307025
732 68851 76372 28 153905
733 68932 70439 75 78804
734 68957 80244 106 279982
735 69048 71884 141 106687
736 69288 69903 37 4177
737 69512 70633 36 14614
738 69622 89742 16 150217
739 69845 80504 104 883025
740 69994 70094 23 1758
741 70057 78728 58 481058
742 70248 80387 30 135958
743 70285 79819 42 157231
744 70346 74553 44 95594
745 70423 72231 112 92708
746 70460 80804 68 232063
747 70501 74917 11 32591
748 70528 71162 141 95815
749 70656 72945 80 74922
750 70714 79897 123 515704
751 70784 71945 41 35431
752 70927 93201 142 2565737
753 71039 78189 9 27327
754 71132 72983 5 3960
755 71141 74215 76 83827
756 71281 79583 9 39719
757 71330 71699 93 10283
758 71369 75606 23 42968
759 71379 75668 36 224559
760 71402 77557 5 7373
761 71589 77104 34 149559
762 71616 73187 39 34697
763 71784 73127 17 11777
764 71872 73838 106 138394
765 71929 78670 40 104341
766 71939 80264 58 178596
767 71943 81800 9 55617
768 71974 84394 48 207274
769 72048 73777 7 3920
770 72070 74850 54 52936
771 72090 74118 141 245532
772 72163 76014 19 42174
773 72195 78650 73 197543
774 72213 74382 129 123333
775 72228 79853 16 46021
776 72331 76543 17 25596
777 72474 75299 141 372640
778 72630 73973 16 8678
779 72715 73716 30 8524
780 72887 78427 102 204163
781 72935 77644 89 109096
782 72973 73719 66 20038
783 72982 75380 111 184544
784 73364 74484 120 89398
785 73367 78588 14 35279
786 73421 75547 87 129264
787 73427 82846 43 200200
788 73552 74318 101 110366
789 73565 75958 101 36549
790 73571 79281 67 236746
791 73672 75716 122 98780
792 73860 77894 21 50091
793 73865 85984 86 408114
794 73877 78541 50 113347
795 73954 81928 92 288206
796 73962 74263 109 20562
797 73965 74976 44 23773
798 74068 77159 63 41398
799 74235 75485 102 69627
800 74333 86678 42 377544
801 74434 77509 119 310998
802 74435 78958 84 166290
803 74609 74873 16 2590
804 74770 84369 10 22960
805 74886 78818 6 11790
806 74938 78442 30 44567
807 74979 75231 100 15819
808 75071 81181 29 89373
809 75232 76082 104 69215
810 76239 77140 114 21968
811 76277 78328 72 79679
812 76427 77414 93 14139
813 76516 79232 42 25776
814 76532 81688 105 232865
815 76535 76952 24 4501
816 76592 77222 29 3523
817 76601 78945 48 54837
818 76710 85366 74 184356
819 76834 79010 28 15063
820 76920 80045 73 120589
821 77080 79020 116 162273
822 77142 78147 13 4226
823 77145 78168 67 54753
824 77307 77379 75 1993
825 77318 80102 16 17700
826 77323 77526 140 16559
827 77334 81807 14 36523
828 77366 82750 98 341485
829 77779 78742 136 56428
830 77884 80290 21 20086
831 77968 77994 7 104
832 78119 82983 112 157452
833 78228 91463 133 1907131
834 78420 80720 11 5426
835 78547 80833 108 185716
836 78561 79355 103 65763
837 78866 85501 83 139481
838 78984 89286 57 258981
839 79042 84280 109 228686
840 79085 81882 62 88468
841 79105 82815 18 16255
842 79111 81926 34 49921
843 79257 83453 16 17906
844 79416 80018 56 22362
845 79442 85233 104 136999
846 79538 81103 78 44835
847 79562 84461 136 218019
848 79683 80053 132 39490
849 79701 80595 108 29654
850 79763 89935 41 127426
851 80022 84242 7 6097
852 80023 81012 139 69285
853 80463 82740 84 70982
854 80891 88658 87 339408
855 81005 88114 131 444401
856 81018 84393 33 61371
857 81159 84447 43 10432
858 81196 92829 36 267279
859 81286 83758 26 12160
860 81333 83602 93 200564
861 81418 81590 44 3568
862 81425 85419 91 92451
863 81466 81663 119 14921
864 81655 83784 112 297245
865 81780 97828 4 51232
866 81986 81991 87 597
867 82058 84506 28 34926
868 82103 91032 7 26237
869 82238 91000 26 96999
870 82258 89307 100 136016
871 82443 86102 90 125533
872 82564 82902 92 19592
873 82640 83820 30 7556
874 82763 83838 109 48826
875 82848 85960 110 350912
876 82980 84319 127 62065
877 82985 85288 58 60661
878 83008 83845 130 47172
879 83147 84105 4 1955
880 83273 87249 87 181707
881 83508 94568 5 38281
882 83581 89758 53 132317
883 83625 85239 72 30257
884 83638 87930 6 19441
885 83751 84774 118 78851
886 83775 90387 39 143892
887 83828 86198 96 154984
888 83840 85224 126 47564
889 84073 85969 14 13014
890 84434 85072 111 37684
891 84486 85187 83 30779
892 84955 90637 24 37857
893 85087 90580 35 72773
894 85120 86826 101 79046
895 85186 89838 4 7029
896 85218 85231 26 231
897 85227 87887 74 347318
898 85296 85420 23 2319
899 85408 90613 12 26545
900 85445 88144 104 77670
901 85636 88301 132 86896
902 85892 92190 121 258270
903 86041 86814 6 1089
904 86064 89162 34 72439
905 86266 87371 99 47738
906 86270 89905 67 294529
907 86430 94611 49 335935
908 86431 89671 20 36314
909 86438 87540 4 1584
910 86510 90509 90 132296
911 86732 88334 9 4545
912 86737 87943 101 43467
913 87064 99288 5 15648
914 87088 88660 38 22997
915 87107 87597 21 5998
916 87183 88202 13 7559
917 87204 90974 149 359761
918 87340 87670 60 3858
919 87365 87693 149 72899
920 87564 88040 16 5058
921 87737 89580 50 129395
922 87766 89325 6 4398
923 88263 92420 39 34560
924 88335 93257 73 115360
925 88381 92623 73 83479
926 88503 89159 54 25252
927 88549 94998 100 164335
928 88620 91947 19 63591
929 89230 89769 90 9129
930 89410 89614 46 7268
931 89426 98593 7 29252
932 89433 89485 60 2189
933 89447 91749 14 23512
934 89482 94321 84 77859
935 89853 92314 28 30636
936 89915 91043 26 19023
937 89918 94668 60 142744
938 90052 92609 5 7440
939 90098 90651 36 13706
940 90131 92800 8 14572
941 90201 92688 90 261665
942 90295 91097 13 8840
943 90312 90970 52 24685
944 90330 91183 58 28848
945 90561 92371 39 43946
946 90592 95855 119 285918
947 90617 92955 36 12905
948 90664 94618 5 15518
949 91195 91840 14 2259
950 91311 96544 103 452344
951 91329 91627 118 27697
952 91379 91591 146 19517
953 91600 92317 7 3797
954 91686 93067 103 43660
955 91957 94937 88 198862
956 92123 99523 79 226037
957 92325 92530 5 501
958 92445 96488 112 151230
959 92508 97096 111 387054
960 92777 92830 149 3083
961 92794 96665 121 242734
962 92863 95067 146 102991
963 92894 95499 23 47508
964 92976 94749 126 54244
965 93053 95058 125 140468
966 93128 93145 24 250
967 93210 95259 54 45464
968 93461 97106 11 13910
969 93492 98531 34 49284
970 93874 95209 4 2749
971 93938 97472 108 392746
972 94100 96201 119 59868
973 94222 96322 116 108957
974 94646 97080 75 74227
975 94804 98614 9 12919
976 94988 95347 5 714
977 95134 95936 82 18428
978 95167 96284 28 6688
979 95208 95665 11 3153
980 95420 95716 84 32890
981 95685 96513 6 4480
982 96135 96362 101 23171
983 96183 97758 9 4042
984 96266 99408 102 123566
985 96405 98732 52 40774
986 96420 97254 28 14639
987 96646 98954 24 33593
988 96649 97790 77 44404
989 96781 98831 14 10163
990 97019 98399 65 42960
991 97237 98099 32 22938
992 97704 99489 61 41719
993 97730 98748 17 4178
994 98327 99491 25 13242
995 98515 99904 13 7472
996 98755 99761 10 5013
997 98937 99500 7 3017
998 99168 99937 82 85667
999 99646 99943 25 10896
