50 1000 0.033
...............#....#..#.....................#.##.
#.............####..#####..##...##.#.........#.#..
#..##.........##.#...#.##..#.#######..#.....#..###
#...##.........#....#..##....#..####.##....#####.#
............#......###.##.....#.#.#.####...####...
...........##....#...#.#......#.#...##.#.##..###..
.#..##.######....#.............##...##.##.......##
.#.#######.#....##............#.#...###....#######
.#.#.##.##..##.##......#........##.....##...#....#
..##.#.#.#...###.......#.#.......##....##..###...#
....####.....##........####.....#####.####.#......
.###.#....###......#....#.........#.......####....
.###.####...####...#...#............##............
.#.#.##.#.#...#....#..###...#....#........###.....
###.......#................##...##.........##..#..
#.##.###..........##..........................##.#
##.#..........###.#.#....###.............#......##
.#.##..........#..####...#.#.........#..##.##....#
##.#..#.#..........#.#...##......#..###.....###..#
......#####..##.####..####.#.....#........###.....
...##....#####...##.....###........##.########....
###.#...###..#............##.##...##.##....#......
..##.#....###..............##.##.##.##..###.......
##...#..#...#...#....#.#.##...##..#.###.##........
#....####..######....###...#..##.#...#.#####......
#..........##.#.....###.........###.##..#..#......
##.........###..............#....##..#...#........
##...#........##....####...###...#...........###..
.#.....###.#..##...###.##...#................###..
..#..#..####...#....#.#.....#...........#..#....#.
###.##.##.#..........##.#..............######...#.
.#.##.#######...........##.............#...#......
......#...#.......###...#................##.#...##
...#..###...###...##..##.#.#..#..........#####..#.
....##......#....#.#..#.#####.#...#.......##......
...###......###..####...####......####..#.#.##.##.
#...###........#####..........##..#.###.#....#..#.
......#.....##.....##....###...#..####.##....#..##
....###.........#####.##.#...........#####......##
................#...#####...#..##..##...#..#...##.
....##...###....##.###......##.##..#.#.##..#...#.#
...##.......##..####.##........#...#####.....#.###
.............###.##..###.......#.....#............
...##........#...###.................#...#........
...#.............##................#.#.###........
.................##.#.###....#.....###............
#.......##........###..#....##.#...#######........
#.....###.........##...#...#####.#.####...........
##.....###.............###....#....##.............
#......#.................#...####.###.............
0 93 1890 65 34760
1 174 8505 36 48096
2 241 2335 126 131834
3 307 10697 8 49074
4 385 1707 6 3572
5 418 7911 45 257288
6 478 2523 58 61197
7 509 5464 61 178104
8 794 6120 69 179650
9 923 6222 147 256729
10 976 1909 33 24780
11 992 3640 138 358955
12 1003 3754 145 126186
13 1072 5749 41 64236
14 1315 3844 47 27138
15 1808 10903 18 69422
16 2038 5712 112 148874
17 2076 2868 149 104238
18 2109 4875 42 21656
19 2154 9253 30 75291
20 2234 10385 19 113039
21 2240 4546 12 7403
22 2251 3111 37 37143
23 2258 3340 55 11350
24 2306 4489 57 102963
25 2371 8044 80 191386
26 2387 14438 21 49042
27 2441 7014 148 221034
28 2500 9416 89 340588
29 2501 2904 12 1732
30 2543 8295 22 141581
31 2561 13473 88 1235505
32 2652 11106 64 183695
33 2735 12409 102 156746
34 2736 7097 25 39926
35 2903 3389 18 3312
36 3063 7296 46 190350
37 3165 3278 79 4589
38 3206 12467 96 325899
39 3367 5546 130 215819
40 3475 12665 15 41262
41 3483 8774 119 195060
42 3503 29741 104 641818
43 3513 6263 19 25859
44 3549 5233 67 108861
45 3615 3785 99 18567
46 3646 6178 13 33828
47 3692 17890 45 520714
48 3697 4142 80 21741
49 3857 4779 39 30346
50 4069 9640 146 422907
51 4088 6681 97 112343
52 4094 6109 92 164247
53 4452 6592 78 143828
54 4723 5170 27 4670
55 4739 10874 70 282383
56 4810 5914 8 3814
57 4821 11824 121 317266
58 4896 7486 27 12076
59 4995 6689 35 13566
60 5117 8302 79 61133
61 5227 12518 71 62604
62 5377 5467 5 523
63 5461 5629 12 1669
64 5690 7444 144 127391
65 5700 20178 94 335830
66 5891 7026 9 3100
67 5910 6197 148 18670
68 6023 12688 110 124233
69 6074 6438 105 26055
70 6157 7312 62 35973
71 6377 12690 112 409242
72 6477 15128 61 269766
73 6504 10877 5 9304
74 6506 20898 17 94000
75 6582 6885 38 3654
76 6622 27773 127 1527392
77 6674 14947 54 241937
78 6870 8918 43 22928
79 6992 10563 124 389912
80 7101 10703 82 355713
81 7125 7344 52 9518
82 7136 23553 67 346048
83 7158 9007 80 30198
84 7206 10172 18 50174
85 7215 7231 109 1205
86 7384 9393 12 6493
87 7521 9534 104 95960
88 7543 8256 49 16953
89 7743 10040 142 76550
90 7883 8157 56 3304
91 7975 12289 97 177977
92 8055 8104 11 1366
93 8085 10649 24 19381
94 8124 11728 110 180891
95 8218 9103 15 2712
96 8274 9719 5 5903
97 8332 8921 136 27902
98 8351 16481 27 94315
99 8371 10382 54 84573
100 8410 13536 59 154890
101 8436 18011 70 543853
102 8565 20297 122 426271
103 8681 11960 75 191951
104 8731 10976 12 13622
105 8881 10471 88 64796
106 9069 11099 26 16704
107 9163 11799 143 173736
108 9280 15523 98 145898
109 9327 17141 51 134636
110 9470 12031 5 5752
111 9529 11858 54 39606
112 9576 10694 28 10560
113 9722 15281 72 178164
114 10119 11705 139 324067
115 10506 17842 19 66911
116 11154 18146 22 88866
117 11206 11913 81 30570
118 11248 11373 5 502
119 11321 17771 105 338923
120 11341 12687 92 37505
121 11382 12644 20 9693
122 11550 15199 60 123081
123 11762 13857 120 76325
124 11794 14854 12 7393
125 11843 19093 35 36435
126 11857 20109 79 272757
127 11862 12726 127 32263
128 11962 13169 30 17897
129 12131 15664 119 122563
130 12152 13616 67 47418
131 12359 17347 57 162908
132 12545 18732 68 208187
133 12691 16795 53 51106
134 12764 32038 105 873654
135 13110 24055 39 272001
136 13118 13466 141 28110
137 13250 25014 81 321740
138 13537 19401 9 21620
139 13621 23426 48 229294
140 13639 39360 114 1973143
141 13690 25039 30 211196
142 13742 18132 147 373636
143 13881 20615 15 26651
144 14030 19447 88 135790
145 14125 35877 60 190272
146 14132 15762 94 122798
147 14290 32883 68 254224
148 14305 19059 117 237860
149 14496 15415 8 4361
150 14516 20484 121 262133
151 14568 17837 122 401243
152 14593 21533 98 166089
153 14747 15498 34 28077
154 14814 15430 111 147167
155 14857 16547 38 57614
156 15004 19471 78 188194
157 15068 22054 123 252914
158 15107 15580 46 6263
159 15119 15182 9 218
160 15186 21439 78 249562
161 15201 22172 67 106785
162 15230 32244 56 104352
163 15264 16743 50 26300
164 15338 16607 146 69879
165 15469 17294 76 60634
166 15481 33056 37 283503
167 15483 16233 81 56830
168 15518 16316 33 3727
169 15545 16970 23 13072
170 15567 23403 6 24944
171 15607 16390 107 90508
172 15640 20872 58 42840
173 16031 28556 20 208677
174 16051 16842 103 27354
175 16103 18491 14 17384
176 16183 27040 88 501511
177 16350 18709 16 29594
178 16380 20321 34 137208
179 16474 31884 51 188314
180 16573 17190 27 9935
181 16650 16949 70 8274
182 17038 18595 41 26496
183 17063 21553 22 48208
184 17077 20733 96 189936
185 17130 22285 140 193396
186 17135 23315 43 114261
187 17182 19935 60 92998
188 17266 18910 136 302626
189 17320 17672 116 24381
190 17512 19265 48 61370
191 17518 21141 113 294506
192 17542 21560 34 88962
193 17546 17937 5 926
194 17573 20329 92 100545
195 17596 18977 46 26896
196 17673 18039 17 3090
197 17676 18988 74 41886
198 17689 21927 64 264230
199 17760 18688 4 3847
200 17800 20480 36 92957
201 17810 19688 36 46293
202 17882 22852 32 45468
203 18172 27852 83 416868
204 18219 18223 83 177
205 18225 28603 72 183588
206 18328 21950 52 31357
207 18421 19739 139 64616
208 18568 21534 120 255337
209 18743 21395 102 151109
210 18770 25210 95 288411
211 18776 19362 7 2440
212 18786 19906 71 29602
213 18795 28752 5 8133
214 18911 32561 9 23678
215 18926 24600 115 414420
216 19069 20869 14 16382
217 19074 30545 20 179115
218 19096 21407 80 36933
219 19103 38421 6 40113
220 19202 21956 97 77638
221 19221 21582 35 50421
222 19282 19997 28 28269
223 19296 24021 7 26021
224 19297 20655 22 32625
225 19300 22420 6 6564
226 19312 20596 143 54733
227 19329 20477 75 28901
228 19400 19848 146 42564
229 19405 28718 7 17235
230 19414 37985 145 1244669
231 19427 19460 66 2138
232 19506 28197 17 68312
233 19554 20741 123 77065
234 19941 20193 45 15573
235 20048 23094 13 23155
236 20110 25149 106 368653
237 20200 22365 49 36031
238 20202 20206 40 149
239 20293 27621 142 214031
240 20320 20462 16 1250
241 20523 21524 46 19562
242 20551 27840 86 170605
243 20575 21217 55 7135
244 20592 22278 136 79317
245 20874 22511 115 61458
246 20942 22017 142 89630
247 21058 24898 77 54831
248 21081 26243 53 265080
249 21098 23424 21 18829
250 21104 23670 82 102567
251 21206 29245 113 191001
252 21280 22171 80 30015
253 21340 27769 33 81899
254 21417 22598 8 11765
255 21434 27896 26 143873
256 21565 22555 11 3510
257 21569 29468 135 188176
258 21574 23195 8 5562
259 21821 21957 75 4298
260 21883 29593 27 64814
261 21953 24207 9 12082
262 21979 24796 28 44219
263 22107 22510 55 4006
264 22196 27041 47 88575
265 22257 24214 82 100827
266 22322 24715 7 4291
267 22348 26235 105 130914
268 22532 29248 64 125437
269 22548 26353 80 125644
270 22551 23464 19 4612
271 22556 23885 16 4218
272 22624 33660 37 126416
273 22804 31019 17 32855
274 22812 34500 75 488377
275 22836 37171 137 2014346
276 22991 25449 65 113322
277 23021 24033 91 27602
278 23282 33658 34 111006
279 23298 23637 29 3289
280 23680 30385 52 225864
281 23685 30842 77 200339
282 23788 27514 87 130814
283 23845 29718 136 627500
284 24191 29006 26 45718
285 24200 28981 24 53227
286 24701 28614 29 26039
287 24748 30265 127 120838
288 24913 28339 137 192693
289 24922 25307 23 3282
290 25030 25769 98 25191
291 25113 25715 48 22369
292 25162 26966 74 65480
293 25282 27211 27 48741
294 25504 30759 20 105470
295 25540 31123 21 29112
296 25613 34839 27 237235
297 25648 28801 11 21311
298 25718 31753 30 128761
299 25773 32081 46 27303
300 25828 30249 65 85185
301 25904 27006 31 10572
302 25915 33548 78 281211
303 26031 32447 121 517509
304 26325 28334 131 162390
305 26400 29504 109 69059
306 26410 37601 15 64228
307 26636 37417 140 227690
308 26683 30155 43 35370
309 26828 44091 96 1754960
310 27091 37081 11 81768
311 27290 32900 47 71186
312 27438 41563 33 119499
313 27665 28615 87 19192
314 27702 31324 48 58912
315 27764 29947 41 39903
316 28237 46021 24 126271
317 28244 44098 82 410432
318 28255 30425 79 24940
319 28273 30976 5 2459
320 28311 29336 6 2042
321 28576 34838 9 17053
322 28628 41125 6 31191
323 28637 32937 58 143666
324 28765 42931 37 244220
325 28832 39954 123 231780
326 28942 29098 49 9492
327 29013 29757 124 73648
328 29052 33060 97 236843
329 29072 32686 114 159170
330 29087 30533 72 182861
331 29095 33427 141 127484
332 29131 31178 7 3420
333 29185 32639 35 37896
334 29271 43924 7 19370
335 29286 30177 46 16986
336 29344 33756 71 74911
337 29394 36961 93 169498
338 29507 38069 106 566053
339 29615 43953 15 84962
340 29638 30043 42 26944
341 29687 33564 128 187187
342 30046 32411 63 50807
343 30204 37922 28 89537
344 30285 42927 85 227401
345 30299 35696 132 496182
346 30436 37017 120 256452
347 30478 32120 6 3648
348 30558 31192 47 19016
349 30663 38831 54 129255
350 30664 34066 45 50794
351 30716 31685 19 11750
352 30816 40820 4 23260
353 30878 33572 7 7211
354 30927 36467 89 259581
355 31329 32797 40 44172
356 31360 41004 56 176300
357 31367 45056 4 30313
358 31387 34366 89 206279
359 31395 34256 35 77038
360 31410 36763 109 173317
361 31416 35366 70 153539
362 31578 31720 9 515
363 31688 35282 32 105399
364 31711 33832 71 58078
365 31956 45535 5 51445
366 32071 32611 15 1307
367 32100 32345 77 13804
368 32197 34552 6 5228
369 32217 34594 43 54391
370 32349 36106 18 11354
371 32368 35506 71 135202
372 32379 33919 10 6570
373 32527 36210 29 88313
374 32551 32921 118 19193
375 32599 32977 41 20800
376 32683 47530 95 285483
377 33103 53499 65 455943
378 33110 47883 40 450114
379 33170 42652 6 37639
380 33219 38017 113 222198
381 33433 35915 33 29875
382 33467 35252 111 107467
383 33474 40106 16 27930
384 33860 35308 146 158899
385 34064 40605 126 362527
386 34187 40077 135 289205
387 34333 36819 33 16731
388 34390 36194 93 142252
389 34436 38546 88 181328
390 34749 38663 52 49222
391 34818 40912 102 203343
392 34933 49940 42 269726
393 34968 35336 62 33692
394 35044 40548 147 557006
395 35050 38512 150 180972
396 35087 35247 6 1090
397 35106 43463 14 65858
398 35258 41548 98 243846
399 35565 37704 90 187307
400 35608 43933 18 56850
401 35679 36437 6 2315
402 35747 39582 82 269705
403 35951 36009 18 926
404 36382 43011 22 61879
405 36404 41049 13 27749
406 36499 39391 18 37978
407 36596 40168 20 44384
408 36872 42696 10 35590
409 37077 37981 107 41220
410 37199 38193 4 2809
411 37489 38657 57 16624
412 37505 41438 8 8806
413 37718 41506 36 31143
414 37797 40660 16 20000
415 37835 40070 23 28471
416 38040 39016 38 4908
417 38082 39972 9 8145
418 38128 42612 15 42966
419 38289 52658 56 222220
420 38364 47273 56 190170
421 38415 45414 12 31914
422 38532 39014 4 734
423 38700 49370 107 302971
424 38874 39839 6 3363
425 38903 40040 12 5251
426 39047 46477 12 17949
427 39089 41422 20 12099
428 39157 43633 77 209111
429 39242 45879 12 20877
430 39257 41041 62 56454
431 39486 48115 16 18326
432 39613 49263 60 470959
433 39624 43460 21 55341
434 39661 40412 86 68857
435 39686 46333 26 209065
436 39706 52305 23 138814
437 39779 50419 7 16718
438 39825 40029 31 2145
439 40172 66730 118 799388
440 40203 41078 8 6682
441 40252 41218 15 6031
442 40275 48300 46 165090
443 40364 40843 51 6233
444 40438 43000 124 272132
445 40565 48150 45 60990
446 40873 50278 24 58499
447 40877 41355 7 2974
448 40886 44851 16 20702
449 40887 48510 31 90861
450 40941 42945 7 2241
451 41060 41687 110 20963
452 41061 46111 138 252946
453 41478 50935 17 91032
454 41567 41745 84 7565
455 41605 47088 89 330929
456 41617 45830 58 143081
457 41655 42782 57 15460
458 41690 48663 39 60596
459 41914 44890 15 23786
460 42516 50942 15 40634
461 42828 44712 77 96942
462 42856 48387 78 122234
463 42907 43804 121 44173
464 43296 45825 47 104018
465 43553 46277 100 737025
466 43640 58169 22 214870
467 43765 55335 36 61522
468 43766 46008 113 68018
469 44065 47038 132 202656
470 44097 44255 17 1979
471 44148 50919 10 12906
472 44157 45085 81 43183
473 44280 47041 13 7434
474 44724 52245 150 282164
475 44736 56832 98 248832
476 44750 52756 37 288919
477 44788 46188 26 29180
478 44830 49909 7 10695
479 44994 46582 58 22871
480 45037 46762 90 97667
481 45229 50834 102 334965
482 45250 47814 8 11836
483 45368 52262 113 178417
484 45433 47156 70 59595
485 45475 46925 66 57310
486 45502 45616 59 3769
487 45615 51059 121 391365
488 45698 47967 95 67736
489 45718 52006 87 307818
490 45842 52810 141 499797
491 46005 56328 15 87002
492 46038 49252 70 49456
493 46114 62561 117 575722
494 46229 50548 32 45066
495 46290 61340 26 231127
496 46296 53912 65 275415
497 46318 59860 76 356891
498 46472 48346 28 30351
499 46514 48623 144 53262
500 46570 48302 19 16328
501 46610 65005 131 962399
502 46614 47004 81 26809
503 46742 51465 146 404977
504 46768 46860 150 11847
505 46771 47839 13 3964
506 47056 53329 29 81292
507 47079 52037 23 39909
508 47196 61256 23 143435
509 47200 50937 12 18184
510 47237 56064 14 12483
511 47422 57272 19 39407
512 47457 57244 20 76390
513 47689 53043 121 444583
514 47748 55019 11 46214
515 47914 48033 54 10858
516 48007 52086 33 75627
517 48110 60343 96 780202
518 48245 53090 114 232803
519 48278 49313 17 16384
520 48409 58320 129 1048437
521 48429 56009 21 35394
522 48618 56435 73 179338
523 48621 55197 122 242691
524 48753 55758 140 346052
525 48921 61178 84 347812
526 49093 53064 51 84302
527 49100 65115 67 227917
528 49195 57522 116 478727
529 49293 54069 25 30760
530 49392 67860 147 379220
531 49498 56129 52 97760
532 49707 51255 38 8360
533 50038 53488 41 37467
534 50064 53901 61 86938
535 50072 50349 22 5525
536 50108 52124 61 37519
537 50315 52241 101 107842
538 50324 51558 124 240307
539 50442 51039 32 6160
540 50748 54848 114 427541
541 50842 54204 33 68921
542 50944 84441 144 1220549
543 50983 59366 25 47821
544 50993 52763 111 38498
545 51143 53009 37 45632
546 51342 55366 74 170148
547 51375 61346 33 195144
548 51504 60720 73 262788
549 51857 54583 10 23376
550 52032 66172 30 169465
551 52183 56724 10 42497
552 52300 56730 106 192038
553 52326 58678 28 83354
554 52345 54298 77 139937
555 52516 55667 50 232968
556 52555 57147 53 244556
557 52593 57382 131 509381
558 53536 56293 143 217226
559 53577 56226 97 327362
560 53677 63522 92 131271
561 53747 58790 39 83311
562 53882 60678 39 202615
563 53966 59615 44 169087
564 54177 54613 85 23791
565 54328 55040 5 2627
566 54380 64058 33 270466
567 54531 57676 19 36492
568 54635 55659 102 42632
569 54752 59003 86 58687
570 54761 90861 18 374181
571 54768 58415 8 9319
572 54923 55485 74 16978
573 54971 57246 94 54307
574 55050 67622 80 369137
575 55123 56666 24 20465
576 55132 58178 17 26612
577 55372 63871 117 442239
578 55623 64236 88 374005
579 55680 62383 11 13693
580 55692 56063 32 5457
581 56282 56573 19 10236
582 56481 56875 31 5860
583 56550 57134 52 14887
584 56697 69070 72 219809
585 56778 58725 33 18190
586 56796 58151 7 9041
587 56920 87140 10 92076
588 57103 57225 125 12739
589 57380 57789 112 16833
590 57614 60215 98 41930
591 57615 59260 123 100893
592 57646 94795 87 1477671
593 57683 61400 33 108974
594 57827 64216 9 25884
595 57843 68601 73 414549
596 57856 64464 108 191914
597 57895 71190 4 43258
598 57909 60156 63 123195
599 58058 61274 5 4243
600 58113 62955 73 210108
601 58159 61577 55 83703
602 58172 67853 128 700261
603 58209 64068 48 29599
604 58210 66562 135 400072
605 58305 79750 145 1601146
606 58569 61745 12 11225
607 58597 72124 125 361468
608 58604 67994 42 193910
609 58609 65205 95 162672
610 58697 60363 24 29064
611 58715 60981 8 8769
612 58724 64070 51 249042
613 58811 61854 94 77647
614 58881 59144 42 2610
615 58948 69067 139 502711
616 58954 74634 18 122353
617 59042 62598 114 369249
618 59115 64879 21 76131
619 59119 63566 48 85499
620 59347 59672 94 20650
621 59389 60295 114 49760
622 59682 70565 15 83503
623 59742 74339 79 1111386
624 59834 60559 44 11742
625 59842 63215 51 102212
626 59861 69786 31 211831
627 60026 62380 52 106860
628 60236 66886 7 20142
629 60242 61881 7 3010
630 60259 75083 89 348526
631 60508 63832 14 17572
632 60555 75553 93 1067045
633 60562 61726 107 167805
634 60675 63326 101 249417
635 60742 70349 16 95543
636 60929 70257 58 234113
637 60952 68484 18 144850
638 60963 65843 35 63624
639 60971 62313 14 19044
640 61157 63548 84 49552
641 61285 63542 30 28172
642 61312 63935 11 17977
643 61353 62469 13 6844
644 61365 61688 140 20021
645 61461 61938 83 13669
646 61574 62020 15 3232
647 61880 62378 10 1854
648 61924 66698 21 31472
649 62080 66530 7 9536
650 62085 62765 65 29831
651 62125 62742 33 13498
652 62186 79840 100 741056
653 62187 63143 8 6468
654 62194 70166 6 24555
655 62224 64936 7 8161
656 62286 68845 9 51269
657 62337 62951 57 33694
658 62347 81841 133 1231272
659 62387 73212 21 34065
660 62402 62692 42 16081
661 62611 80245 6 18835
662 62616 70672 22 112634
663 62664 63265 36 8105
664 62666 62903 64 8688
665 62672 66318 57 174403
666 62718 65721 90 397410
667 62773 64770 97 126879
668 62799 68492 106 439895
669 62963 63808 21 8068
670 62980 72750 5 14408
671 63037 63784 100 15365
672 63121 65258 34 46158
673 63155 63731 82 18640
674 63200 64358 20 16942
675 63250 65810 124 170170
676 63409 65041 64 16106
677 63469 71535 25 47506
678 63508 64069 136 52369
679 63596 66256 115 146528
680 63865 68095 130 360501
681 64172 74108 122 864402
682 64276 72066 5 17454
683 64330 65736 5 5411
684 64411 75001 105 951740
685 64443 65331 36 12045
686 64455 72325 107 1348362
687 64467 67573 107 175631
688 64632 66599 7 6757
689 64747 70531 7 7455
690 64828 65547 52 5815
691 64861 67795 9 6145
692 64960 69107 12 56157
693 65033 68175 142 110960
694 65164 70852 90 174355
695 65414 67311 55 35359
696 65435 68103 14 14922
697 65569 66792 41 15160
698 65613 72472 33 124721
699 65731 66610 13 5998
700 65758 71430 107 715824
701 65790 92273 144 1276052
702 65846 68542 93 151623
703 65906 66158 59 13499
704 65941 71577 119 196563
705 65967 70345 5 5582
706 66265 70835 117 119702
707 66305 75778 69 193742
708 66583 67205 16 2329
709 66645 67851 36 9882
710 66691 79408 55 344600
711 66818 74625 73 206081
712 66855 77441 111 1209523
713 66881 67037 46 1203
714 67117 72122 99 116404
715 67138 67846 13 9440
716 67190 67387 107 6592
717 67348 74681 134 179030
718 67351 72722 26 36639
719 67397 74090 141 270228
720 67437 67929 97 34669
721 67469 80543 75 413723
722 67658 75810 92 140005
723 67715 68418 22 8382
724 67796 69930 67 113974
725 67885 70225 23 14005
726 68016 69088 137 59576
727 68030 73309 104 179422
728 68132 82623 9 86740
729 68194 69401 7 7577
730 68516 79791 18 103810
731 68575 69652 21 11956
732 68801 69548 110 34175
733 68820 71077 138 143731
734 68888 69998 43 83905
735 68935 75911 86 156946
736 68964 69993 22 5058
737 69288 73247 89 150212
738 69308 72048 16 23324
739 69335 77922 57 112064
740 69617 77212 66 249046
741 69734 76922 147 267861
742 69813 73841 7 26781
743 69884 71602 143 96631
744 69888 87487 114 1078436
745 69945 70500 7 1270
746 69997 75172 70 150337
747 70036 72867 8 7556
748 70107 89556 30 203016
749 70165 73925 20 44915
750 70599 74294 8 18960
751 70662 76218 120 186435
752 70676 72816 45 26400
753 70687 74177 5 18252
754 70778 77134 16 60474
755 70954 85522 6 31732
756 71029 73486 5 6382
757 71177 74139 119 187564
758 71264 76973 20 21668
759 71276 76109 30 19780
760 71513 73733 99 102120
761 71540 73790 36 208168
762 71624 77604 57 40524
763 71637 84266 11 23026
764 71672 72299 46 8796
765 71681 76060 38 69136
766 71717 79697 10 4111
767 71738 73928 113 83651
768 71741 72524 9 4083
769 71861 79584 8 27403
770 71899 75556 67 76704
771 71943 81106 92 139409
772 72036 83883 144 322978
773 72101 75182 138 186011
774 72147 78743 37 86171
775 72361 72802 50 4815
776 72562 72790 23 4693
777 72619 74232 99 62001
778 72826 73784 23 3935
779 73100 77824 92 253302
780 73124 73334 63 13590
781 73205 78796 31 29580
782 73255 73257 56 114
783 73298 75490 8 4850
784 73324 74119 57 14329
785 73328 74002 113 18553
786 73374 74468 32 14925
787 73461 77394 39 104318
788 73482 74589 5 1710
789 73511 73968 62 43792
790 73730 77017 131 190839
791 73789 76106 28 21604
792 73862 82731 8 13993
793 73963 75274 144 48608
794 74233 76302 26 41631
795 74570 86338 35 133499
796 74580 85006 105 304469
797 74624 80864 67 223792
798 74693 76015 116 59848
799 74823 99887 90 796593
800 74870 74914 5 216
801 74949 80827 142 609795
802 74991 75121 17 1197
803 75043 77579 63 71207
804 75185 76459 30 11696
805 75299 80979 50 115581
806 75444 77898 39 69091
807 75603 83369 136 528052
808 75679 92705 87 472546
809 75841 76824 89 29533
810 76213 80803 140 138008
811 76340 89916 14 59850
812 76381 88833 15 24565
813 76584 79010 65 61550
814 76665 77554 52 19268
815 76672 79944 110 107964
816 76698 78246 76 55522
817 76778 86507 87 357866
818 76850 78390 139 67625
819 76981 85759 52 58279
820 77149 77911 144 31482
821 77223 83955 130 551166
822 77304 89414 115 955691
823 77483 86088 5 24566
824 77492 79481 13 13042
825 77537 91479 105 394186
826 77540 85781 36 72324
827 77544 81946 39 45585
828 77570 81214 119 224708
829 77656 79444 43 23581
830 77993 79843 9 8471
831 78062 80500 118 116925
832 78091 78379 87 3843
833 78114 80738 34 34135
834 78172 81565 56 114744
835 78311 92829 9 135587
836 78409 80881 20 20727
837 78529 84136 91 109930
838 78741 82734 84 181819
839 78791 83673 36 80739
840 78930 91642 86 849358
841 78965 79368 5 975
842 79113 94082 67 957565
843 79159 82271 7 10812
844 79168 87989 148 370465
845 79415 79437 59 1780
846 79440 93640 138 665723
847 79505 84349 15 36215
848 79580 87704 87 798001
849 79687 86430 47 192969
850 79767 80860 14 10027
851 79780 85408 63 145526
852 79845 87766 18 144400
853 80096 80900 67 39927
854 80137 85528 21 71648
855 80163 88546 136 208779
856 80236 80666 105 16924
857 80249 85174 21 51697
858 80315 82791 15 25218
859 80437 82666 80 55400
860 80480 90196 8 28076
861 80542 81255 85 82872
862 80560 81184 127 46150
863 80673 82469 108 83851
864 80742 83859 99 231879
865 80772 88617 27 45663
866 80839 85489 7 9264
867 80845 86096 38 61946
868 81072 81138 42 1225
869 81121 88991 49 75379
870 81125 83891 72 108260
871 81438 84260 103 140950
872 81490 81531 63 1948
873 81660 83341 58 41566
874 81805 87004 44 103065
875 82055 84687 9 15867
876 82247 89430 116 488625
877 82302 86771 104 79191
878 82399 85419 10 8093
879 82878 86198 45 56361
880 82980 92503 61 93722
881 83041 84071 61 20646
882 83143 91327 138 289654
883 83300 85333 129 30188
884 83326 85978 24 17015
885 83546 97518 145 678103
886 83667 86810 67 83452
887 83703 83721 137 2421
888 83714 90291 70 127137
889 83769 86849 81 167454
890 83997 89280 14 28478
891 84470 87442 8 21748
892 84474 85114 31 11858
893 84659 88133 12 16417
894 84886 90068 16 34296
895 84995 91822 18 111974
896 85071 88544 141 323018
897 85141 91252 83 327647
898 85334 87047 60 55474
899 85386 86902 10 11990
900 85615 89899 7 14413
901 85651 86708 28 12324
902 85760 92136 38 89148
903 85881 91169 124 233704
904 86018 87382 68 13087
905 86045 86142 28 1169
906 86288 92310 41 107387
907 86314 91678 24 51068
908 86342 87634 8 6488
909 86402 86877 13 6807
910 86581 86969 92 20562
911 86655 87441 78 61651
912 86663 88685 59 85695
913 86667 95120 19 102059
914 86726 90562 26 80766
915 86889 94185 17 38002
916 86987 91791 5 10776
917 87230 90494 127 111485
918 87239 88550 136 95290
919 87470 96846 94 541048
920 87541 94490 22 81473
921 87580 91246 61 269239
922 87784 93734 31 139653
923 87829 90830 37 56845
924 87843 94097 4 10224
925 87900 89626 81 114338
926 88210 88523 106 8124
927 88259 94587 38 199782
928 88503 94060 14 21164
929 88664 96659 32 103306
930 88739 94126 20 35495
931 88992 90317 128 31345
932 88995 89050 5 204
933 89176 90751 8 2579
934 89183 94625 19 109578
935 89194 94688 104 569057
936 89269 90376 109 48011
937 89346 89778 26 6470
938 89516 93226 81 94241
939 89682 96245 81 860848
940 90133 95872 134 519094
941 90394 92012 125 151069
942 90576 95412 15 56042
943 90603 99897 50 428676
944 90632 91741 78 59943
945 90641 92223 46 28762
946 90679 98234 119 224083
947 90747 93423 17 14254
948 90867 93631 91 141999
949 90972 99736 108 651535
950 90976 96963 5 13150
951 91036 92015 74 26193
952 91099 92560 41 21777
953 91459 95487 146 412367
954 91500 95890 51 231250
955 91716 99251 66 168913
956 91796 95992 25 78791
957 91836 92835 14 6026
958 91854 94419 29 23844
959 91952 93578 141 99632
960 92144 92431 16 767
961 92145 93998 19 40039
962 92563 92882 105 11767
963 92676 93626 134 199442
964 92953 94759 7 4600
965 92998 97146 7 14389
966 93029 94308 16 21779
967 93113 96642 96 332192
968 93258 95702 106 122667
969 93278 98891 29 84259
970 93475 95499 60 109555
971 93593 95350 45 32987
972 93596 96675 31 31182
973 93681 98008 32 80170
974 93725 98215 41 19660
975 93866 97842 9 20097
976 93884 97666 64 47760
977 94302 97375 41 23563
978 94480 96869 52 83761
979 94562 99147 43 230439
980 94572 94829 56 12843
981 94730 94950 82 2783
982 94920 96467 73 25105
983 94989 98053 24 31449
984 95109 98606 83 135540
985 95177 98699 13 32440
986 95250 96982 46 149471
987 95359 98772 106 253913
988 95442 96170 103 25386
989 95876 96340 140 56389
990 96178 99160 110 257020
991 96264 99652 39 33567
992 96520 96761 78 11004
993 96906 98571 52 17747
994 97111 99129 72 26295
995 97499 98741 52 18732
996 97738 99997 128 126694
997 97795 97852 122 15533
998 98239 99749 7 6005
999 98303 99308 109 57795
