50 1000 0.063
..................###.....#.......####............
...............#.####..#.##........####...........
..........#....#####..##..#.........#...###.......
..........##.###.##.##.##.#.......##...###........
..........##.##.###.#..#..........####.#.#........
##.......###..#.#....##........########..#...#....
.###......#.........###.........#....#.......####.
..##.....##.....#...#...........##............###.
........###....##.#.............##..............##
.........#....#.#.##......#....##.....#.........#.
........##.....####.....###....#.....###..........
..........#.....##.##..##.#....#....####...##.....
........####....##.#####..###.#...###.#..####.....
...####....#....###.##.....#####.###..######......
..#####...###....#.#####....###..###.######.......
.....#...##.#......##.#.#..#..#...##.###.#........
..........#.........#...#####.#...#..###.##.......
....................##...#.#......#...#####.......
....#..............###................##.#........
..#.##........#######..#..............#..###......
..#....###.#.##...###..#...##..........##.#.......
........########.###.####..#####......#...##......
........##...###.......#.##.#.###.....#....##.....
........##....#.##.....####...##......##...###....
...#....#....##.#......##.#....###....####........
#..#...#####..#.......##.#...........###.#........
#..#...###..####.##########...#........##.....##..
#####.####.####..####.#####...#........#......###.
..###...#.###########.#.####..........#.........##
.#######..#.#.#..#.###.#..####.......###.......##.
...##.#.##..####.########.##.##......##...........
##.####.#......##..######.##.##.#.####............
##.##.###......#....##.##.....###.####..#.........
#####.##..#.....#.#.....#......######..####.......
###..######.....###.##..###.....######.###........
.##...#.##..#....##.##...#....#########.###.......
.......###..#....###.##.##....###.....######......
.....##..####.#####.###..#....##.....##..##.......
...###..#####.########.#####...##....###..........
..#.#...###.#..#.#.#####..##...####..#............
..#.#..............##....#.#.#######..##........#.
..##..#............##....#....####...#.##......###
...##.#............############..#######.......###
..########.........#...####..###...#######........
..####.##.........##########........#.###.........
.....###.........#####..#.##..........#.#..#.#....
.......#..####....###..#...............##..###....
..........##.........###..................##.....#
..........###........####................###....##
......................##..................##....#.
0 124 5284 13 43052
1 207 10839 129 370538
2 237 18005 24 151345
3 288 4616 12 20042
4 296 2167 4 2781
5 327 1056 6 1690
6 413 3768 39 62317
7 484 7502 9 39350
8 486 6915 30 99016
9 547 3909 58 37864
10 574 7624 39 75358
11 639 8639 146 300167
12 787 1488 24 14236
13 908 3781 20 49656
14 965 5738 73 31287
15 1011 7421 96 152901
16 1313 1404 32 4969
17 1385 5661 70 39445
18 1409 5852 78 72898
19 1607 9222 97 624529
20 1722 2065 33 17199
21 2201 14113 27 220696
22 2229 4078 24 42454
23 2295 8775 41 134232
24 2361 8953 7 15847
25 2466 30399 18 134818
26 2532 4621 31 14629
27 2567 14792 8 22784
28 2616 9040 34 58886
29 2618 5242 147 237803
30 2625 8335 6 11654
31 2646 37916 77 1278928
32 2649 4019 79 34057
33 2657 18949 31 38615
34 2660 3343 85 41382
35 2774 9343 10 48055
36 2791 20345 57 458669
37 2912 3258 8 1780
38 2967 8084 6 25009
39 2979 3487 50 17260
40 2988 3390 78 14484
41 3038 14196 118 1643561
42 3057 5269 32 31337
43 3281 17051 34 277074
44 3356 4670 5 2061
45 3397 8645 25 18917
46 3522 4303 25 6217
47 3631 10039 148 350263
48 3859 7585 69 81012
49 3999 6017 14 10897
50 4026 10269 7 10772
51 4029 7264 57 152360
52 4170 5627 132 61495
53 4282 6523 129 79850
54 4289 4415 100 22685
55 4496 6222 96 59496
56 4587 10702 150 341850
57 4771 14415 32 141275
58 5366 13488 27 73497
59 5451 15118 112 308631
60 5512 9019 5 4385
61 5527 34306 69 903150
62 5532 9535 35 117160
63 5556 13636 87 344605
64 5617 9953 142 159609
65 5721 7483 141 204656
66 5856 6046 21 2720
67 5925 11281 6 7187
68 6058 7679 115 65065
69 6076 7495 5 1527
70 6078 6317 149 18923
71 6251 6310 129 7861
72 6430 13775 123 380356
73 6566 7742 40 30342
74 6591 8652 55 81080
75 6594 8459 55 97346
76 6659 16601 21 103322
77 6762 17914 74 343324
78 6790 8656 63 48122
79 6881 7522 28 4109
80 7184 13316 50 105224
81 7255 7736 30 7881
82 7263 16045 87 413725
83 7282 17054 136 750632
84 7288 14266 77 196895
85 7392 15400 45 289768
86 7528 7764 41 5179
87 7614 10802 118 75874
88 7822 7839 116 926
89 8206 10508 6 8345
90 8311 11016 77 66043
91 8324 28039 22 104041
92 8576 9940 54 35847
93 8734 11202 30 51394
94 8756 11390 53 50185
95 9210 19098 111 260447
96 9216 12558 90 232770
97 9268 10831 11 5541
98 9356 10764 29 81294
99 9372 10419 54 62434
100 9448 11337 110 124540
101 9456 19460 46 161007
102 9567 12520 53 92099
103 9627 22959 28 88951
104 9642 17366 137 244548
105 9713 26779 81 620959
106 9813 10903 72 27106
107 9981 26836 5 90219
108 10047 14298 136 613307
109 10454 13230 5 6472
110 10463 15267 21 65424
111 10487 14570 106 114638
112 10740 13812 4 2445
113 11346 13745 70 22689
114 11610 19304 126 361315
115 11768 14691 147 203152
116 11874 16636 41 134378
117 11976 14799 44 98013
118 12016 22212 12 77664
119 12044 12212 35 6330
120 12365 20533 11 35291
121 12378 18373 27 76373
122 12545 29740 44 297352
123 12762 13767 126 77010
124 12919 14996 88 86878
125 13098 25822 40 197719
126 13172 20867 16 58338
127 13426 30264 54 357666
128 13866 24317 40 376181
129 14026 18312 22 20331
130 14049 24695 144 648302
131 14184 19801 27 32551
132 14220 16285 103 111883
133 14235 21097 140 644224
134 14317 22287 138 122381
135 14464 34480 11 90739
136 14722 14913 131 35780
137 14774 22726 6 12202
138 14829 14971 33 2073
139 14970 15546 91 28094
140 14997 20720 15 20728
141 15028 18008 90 55721
142 15080 18799 62 92226
143 15159 18500 111 180476
144 15217 17630 105 85397
145 15275 31704 138 1544959
146 15355 16606 34 16668
147 15360 17418 72 63190
148 15393 22095 34 130567
149 15513 16172 30 13894
150 15568 16779 81 22009
151 15607 32704 8 34975
152 15749 31096 13 139975
153 15820 19611 39 66372
154 15866 17648 127 72337
155 15892 19429 52 82280
156 15930 26309 4 22300
157 15945 24643 62 139943
158 16041 18316 43 29723
159 16136 28897 143 482012
160 16187 18133 16 21013
161 16339 21538 46 152430
162 16559 16664 18 449
163 16564 32172 6 104817
164 16592 24691 26 170429
165 16698 20067 27 89381
166 16715 20734 37 111513
167 16750 28489 14 86672
168 16803 18347 8 3445
169 16865 25137 93 218535
170 16923 22535 65 198694
171 16954 19156 5 2224
172 17052 26360 20 104478
173 17063 18117 123 78172
174 17149 28412 135 700198
175 17171 19376 49 103536
176 17328 23731 86 389513
177 17389 17857 107 23894
178 17450 19864 12 9635
179 17515 33429 29 170538
180 17794 32216 133 386972
181 17844 22604 10 86198
182 17981 26452 136 223828
183 18211 22658 65 133658
184 18427 54413 99 1065335
185 18482 18777 134 29565
186 18532 19671 139 20058
187 18610 29196 6 25607
188 18709 21118 93 119088
189 18754 24044 26 122125
190 18912 25298 141 480414
191 18998 27065 98 175064
192 19070 23739 41 67568
193 19118 28005 75 326119
194 19268 24342 17 56428
195 19478 24750 33 66404
196 19666 20083 5 661
197 19715 27632 78 441281
198 19740 24382 52 83360
199 20350 24375 63 58404
200 20519 23654 62 65466
201 20535 29818 60 179673
202 20542 21849 120 88645
203 20584 20980 20 1986
204 20677 24872 16 56054
205 20750 23713 11 4572
206 20836 25915 141 236642
207 20988 22419 27 15418
208 21238 39250 31 224323
209 21328 21657 12 2577
210 21432 23075 92 80264
211 21612 29856 92 260922
212 21666 39223 31 151069
213 21756 22902 52 49307
214 21889 22858 80 27112
215 22124 24572 108 185377
216 22261 25450 33 53582
217 22405 23330 72 48213
218 22555 24933 51 56636
219 22587 41200 70 848085
220 22813 24537 85 72227
221 22822 33337 7 11049
222 22914 31142 4 11078
223 22999 23780 19 17661
224 23002 25058 86 35412
225 23013 23282 54 7972
226 23093 25756 50 33492
227 23300 25533 89 204895
228 23318 28294 28 24355
229 23413 29512 116 398731
230 23480 23790 76 26818
231 23500 23557 31 1233
232 23681 23844 59 14739
233 23842 34933 52 178817
234 23909 26002 58 57220
235 23983 29342 44 70721
236 24012 33022 27 74602
237 24047 32231 50 245953
238 24134 28786 35 38356
239 24186 27900 53 110832
240 24292 25322 93 118338
241 24362 26846 122 242981
242 24388 43931 40 139083
243 24662 35857 150 923798
244 24683 26974 109 83641
245 24865 32842 95 301622
246 24985 28647 120 240797
247 25377 26087 19 6442
248 25725 31477 51 129323
249 25795 34412 59 67722
250 25828 39490 36 214666
251 25935 57285 51 442859
252 26078 28145 41 33496
253 26124 37809 90 527073
254 26139 28375 5 3425
255 26229 31563 78 114970
256 26478 28155 80 43140
257 26636 28199 118 151182
258 26796 28958 17 23533
259 26851 27544 143 26022
260 26956 29334 13 8475
261 27020 28681 6 4111
262 27067 37121 71 252484
263 27513 28668 15 20611
264 27546 38825 60 875783
265 27547 33020 95 279496
266 27627 34083 37 35530
267 27839 29226 73 32671
268 27999 40565 104 835627
269 28227 36767 49 389076
270 28337 31914 74 186863
271 28389 37494 45 376039
272 28594 29190 111 15491
273 28689 55049 132 1079405
274 28759 33004 43 104439
275 28845 38502 14 41633
276 29132 31050 74 65360
277 29294 32922 143 261894
278 29303 29983 90 43195
279 29317 35336 9 6894
280 29318 49610 94 1351247
281 29344 32319 28 49654
282 29370 37082 10 13489
283 29394 55783 24 174118
284 29420 38384 148 853353
285 29513 35862 6 5017
286 29683 29762 15 665
287 29709 48614 6 25864
288 29729 31697 19 24729
289 30068 37943 21 60119
290 30120 40617 63 149296
291 30167 47357 64 355981
292 30277 36115 140 706310
293 30284 53723 72 380178
294 30343 32708 69 95262
295 30387 32688 7 18341
296 30412 33558 11 7795
297 30428 34078 126 71058
298 30557 30950 128 19870
299 30606 39504 42 118973
300 30861 44407 16 125960
301 30922 34909 13 7860
302 30942 34345 68 137463
303 31043 34580 43 203024
304 31103 33412 59 89824
305 31168 33703 18 11978
306 31252 31318 109 3284
307 31936 37085 134 252618
308 32153 32764 11 1918
309 32269 32626 64 10413
310 32272 41365 124 331915
311 32273 44770 100 533813
312 32492 44884 7 15944
313 32727 39117 145 728654
314 32844 34174 46 43405
315 32845 45130 16 123002
316 32905 40628 22 175352
317 32940 34932 11 12242
318 33091 35334 36 92271
319 33242 34382 95 62365
320 33355 41430 22 50034
321 33399 33886 23 6113
322 33452 41481 116 350101
323 33482 34966 37 29851
324 33494 43439 56 435626
325 33540 43978 4 8306
326 33566 38815 143 794710
327 33600 45578 146 655641
328 33769 34706 66 26859
329 33801 41224 51 118863
330 33914 41887 8 18414
331 34121 41116 80 399714
332 34143 37329 73 81816
333 34269 37268 61 93329
334 34356 36156 121 32791
335 34441 35255 23 12488
336 34686 39583 22 24247
337 34714 37486 131 159750
338 34871 56651 44 297676
339 34877 37369 13 22105
340 34941 43940 135 741403
341 34974 46763 137 682883
342 34981 39717 136 136494
343 35198 40717 19 96471
344 35277 38308 50 45044
345 35332 41655 43 126013
346 35368 43859 10 19561
347 35434 36198 62 25165
348 35459 38961 32 37052
349 35708 38241 68 121036
350 35785 40503 9 29461
351 35884 42091 16 70661
352 36026 40141 53 166784
353 36068 43147 28 47747
354 36085 36918 28 11839
355 36145 40511 117 179202
356 36162 44016 115 215943
357 36552 40423 127 113104
358 36584 38527 122 46354
359 36595 45684 66 305155
360 36744 42052 58 323993
361 36765 41014 83 190765
362 36870 39011 24 12446
363 36945 42852 7 21135
364 36988 37794 6 1938
365 37093 43652 27 85898
366 37122 50044 8 24388
367 37217 38229 31 28548
368 37250 42845 16 23784
369 37458 56554 6 40816
370 37579 41211 121 206473
371 37822 40301 143 190138
372 37848 39354 25 39676
373 37928 42475 37 94718
374 38010 42723 44 80257
375 38434 39613 106 175604
376 38439 43828 9 10392
377 38488 39547 80 74623
378 38580 46342 70 326470
379 38717 40066 30 13220
380 38885 41347 4 6758
381 39013 39035 81 815
382 39033 48959 7 12067
383 39103 43363 10 42721
384 39212 52629 99 455820
385 39263 43039 63 110652
386 39318 40395 72 32510
387 39459 42106 13 10721
388 39529 42804 54 49849
389 39538 42744 14 10211
390 39614 43965 23 31572
391 39651 40663 88 49945
392 39711 57218 108 547753
393 39733 51636 72 439127
394 39744 44217 19 24761
395 39776 44271 36 67887
396 39878 47226 15 69563
397 39901 43578 98 378026
398 40275 46997 27 275334
399 40441 43154 10 11797
400 40478 60223 115 1021724
401 40561 52091 24 327167
402 40605 41874 84 20878
403 40653 55556 9 28446
404 40707 41519 145 144846
405 40719 42598 9 4109
406 40725 45038 25 47271
407 40798 41307 9 780
408 40812 64515 120 944896
409 40885 41765 31 13321
410 41017 43544 16 17214
411 41187 44312 13 19818
412 41292 43135 102 93015
413 41294 41588 34 1131
414 41355 41360 107 435
415 41391 43629 5 7682
416 41404 41445 49 1067
417 41477 53898 57 133310
418 41523 48386 50 142614
419 41559 47088 12 57451
420 41566 45633 127 210978
421 41688 42704 9 2314
422 41696 49855 105 207630
423 41871 44356 125 180774
424 41900 47300 7 27481
425 41913 43829 96 238345
426 41983 43158 7 1625
427 42088 54358 49 227818
428 42095 46173 137 385725
429 42360 42782 45 4895
430 42373 53573 92 633585
431 42455 54766 51 310797
432 42636 58825 47 312326
433 42841 43634 76 24309
434 42863 43005 25 6698
435 42889 52049 13 36509
436 43062 44724 146 159873
437 43136 44380 14 22061
438 43424 44886 124 72283
439 43820 44039 141 14615
440 43853 65551 67 379583
441 43866 60461 123 1630373
442 43945 45933 57 82952
443 44048 44675 12 3516
444 44121 47780 40 22189
445 44197 63418 38 226779
446 44343 49788 10 14194
447 44396 47395 21 16097
448 44546 50105 10 13776
449 44659 63542 32 182287
450 44709 50772 50 212001
451 44773 45181 10 3574
452 44814 48973 5 10265
453 44942 49682 145 186001
454 44957 45680 64 19741
455 44964 50606 14 25670
456 44974 47566 98 133150
457 45106 53307 54 206544
458 45117 50541 8 12569
459 45209 48890 149 413116
460 45314 71429 107 2868268
461 45379 62286 20 205112
462 45415 53271 106 177844
463 45427 55731 92 389592
464 45444 45820 94 32598
465 45564 57792 8 50830
466 45626 49736 39 86014
467 45635 46862 110 43726
468 45798 49012 56 56681
469 45882 50286 9 34879
470 46079 51557 31 59353
471 46112 49915 104 117344
472 46127 46848 114 67999
473 46128 52164 20 22650
474 46244 49974 105 83306
475 46285 46978 26 11381
476 46292 61647 96 888351
477 46429 53721 110 386463
478 46552 51690 131 775135
479 46563 51734 59 51517
480 46627 54224 125 503038
481 46712 47660 145 110705
482 46715 48074 6 4090
483 46834 70221 104 857587
484 46853 49910 14 20703
485 47008 55766 74 262690
486 47433 51633 27 20583
487 47544 57015 127 169969
488 47658 58163 32 71508
489 47914 60351 14 58970
490 47931 49629 102 34640
491 47936 55192 11 40703
492 48096 48742 135 81996
493 48100 65894 83 470019
494 48274 66657 8 207927
495 48299 55451 106 1069345
496 48447 70303 12 279895
497 48580 55600 14 19719
498 48702 51443 52 59083
499 48764 54700 43 149864
500 48853 52340 16 52994
501 49122 51731 123 39154
502 49149 69261 144 426817
503 49307 51100 116 137796
504 49334 50039 63 16206
505 49438 69237 23 114684
506 49467 49849 53 3076
507 49868 52258 147 133895
508 49967 53384 6 6060
509 50079 76097 51 96706
510 50208 56815 65 324590
511 50368 54549 23 51322
512 50377 54126 64 190402
513 50495 62523 96 1004844
514 50499 51427 122 26029
515 50547 53293 62 38482
516 50596 53871 145 131616
517 50669 54415 46 108483
518 50685 56652 83 129644
519 50763 73289 15 218356
520 50789 51484 66 19358
521 51035 51704 15 2989
522 51247 58743 85 178147
523 51264 62131 6 29118
524 51280 56508 140 269414
525 51315 53983 4 5351
526 51340 53162 11 33092
527 51354 52097 34 17649
528 51468 54578 107 142623
529 51501 52461 27 8964
530 51526 69375 120 1691786
531 51569 56536 101 202085
532 51601 52666 72 77484
533 51623 54527 38 11776
534 51782 52215 6 1747
535 51816 56202 11 28625
536 51895 52474 59 47531
537 52136 52465 47 5505
538 52265 58390 12 44225
539 52266 58280 26 76199
540 52328 62521 49 305819
541 52525 52866 29 3444
542 52661 58139 9 22418
543 52669 54818 110 90650
544 52926 54750 114 73935
545 53034 54639 94 92779
546 53136 60908 141 749244
547 53321 74240 16 76648
548 53452 56532 37 55188
549 53548 60430 15 64629
550 53633 62303 72 159361
551 53660 54468 84 19961
552 53881 54833 143 58613
553 53902 55729 11 8452
554 54229 57465 136 232487
555 54266 60391 50 43860
556 54521 64817 66 96299
557 54625 59330 71 24469
558 54674 68026 39 69158
559 54746 66176 116 191441
560 54775 56654 78 131445
561 54820 64732 131 437089
562 54951 78777 113 582528
563 55083 55164 20 622
564 55117 69331 103 276320
565 55215 56211 133 76812
566 55251 61044 40 33102
567 55300 55918 74 29896
568 55318 71351 36 103041
569 55325 57302 13 23526
570 55456 58616 96 143417
571 55535 59674 53 58341
572 55580 58413 77 363152
573 55728 57664 5 7816
574 55950 64506 49 419799
575 55982 61674 12 9749
576 56072 60421 18 49596
577 56099 72074 45 125236
578 56199 74324 7 47007
579 56222 61189 6 21425
580 56327 57349 12 6273
581 56329 60229 60 111909
582 56452 56457 29 165
583 56550 57417 30 3748
584 56722 57087 64 47507
585 56854 57554 75 13068
586 56981 58519 46 24761
587 57119 60086 43 35253
588 57128 60289 47 53850
589 57157 58263 5 808
590 57379 59686 99 79867
591 57414 72919 74 600972
592 57508 57540 116 3019
593 57555 59670 82 59513
594 57712 65213 113 131044
595 57755 58908 25 9078
596 57793 86222 29 171959
597 57809 63215 42 122864
598 57904 58278 64 5900
599 57924 67156 103 139254
600 58089 68590 72 138641
601 58162 59039 118 51095
602 58239 68494 86 317949
603 58331 63139 10 29807
604 58377 64875 68 190943
605 58522 59437 139 27888
606 58529 59333 92 84138
607 58543 59226 96 27357
608 58562 62488 4 7459
609 58820 60323 84 42034
610 58923 63863 81 136841
611 58992 82981 4 27047
612 59047 62139 21 33931
613 59155 66646 6 14054
614 59158 61546 108 185752
615 59536 60379 14 3484
616 59575 62633 80 61007
617 59714 60655 43 20828
618 59720 69965 124 369216
619 59822 94407 36 1029114
620 59872 62517 91 176446
621 60316 60339 134 5131
622 60454 61272 24 7408
623 60476 62591 24 18168
624 60517 60999 48 20206
625 60597 74090 32 278065
626 60614 61758 57 22154
627 60682 64091 113 215226
628 60771 62983 85 66814
629 60795 64380 6 11918
630 60864 80997 35 240728
631 60930 61081 100 18254
632 61048 62566 56 30506
633 61221 67424 71 157942
634 61297 67449 68 266620
635 61436 61772 16 3550
636 61779 86943 144 1837441
637 61866 65094 35 68595
638 61904 76787 10 147109
639 61924 69710 29 98669
640 62082 63246 17 13082
641 62109 74533 43 115178
642 62168 67906 50 170713
643 62182 65962 105 75548
644 62219 62758 102 17801
645 62233 63641 130 42731
646 62261 66066 48 37333
647 62361 63773 11 5020
648 62580 62716 31 1374
649 62608 66984 40 173439
650 62764 64811 59 26139
651 62921 73341 25 97641
652 63075 75551 19 41984
653 63176 67531 16 69214
654 63263 81971 27 438806
655 63311 65647 64 90961
656 63337 65000 11 15111
657 63366 67231 57 151529
658 63483 73462 4 35004
659 63594 67769 13 38918
660 63603 65058 77 85430
661 63657 67318 15 19419
662 63759 65810 6 6189
663 63828 65493 131 340778
664 63942 66609 81 93634
665 64050 71491 18 38146
666 64161 67292 7 17964
667 64174 67198 45 85760
668 64251 66573 49 55487
669 64641 84628 35 664862
670 64675 65892 52 79481
671 64736 67659 94 243256
672 64740 70697 91 205722
673 64903 72987 5 13240
674 64914 65777 76 41301
675 64969 84299 11 142040
676 65006 87596 25 156703
677 65057 74000 5 28809
678 65126 65128 6 37
679 65428 66294 9 2312
680 65475 66133 15 9952
681 65504 68528 5 4911
682 65563 68128 104 202376
683 65628 74375 6 11854
684 65934 78267 46 186711
685 65936 84220 133 1598969
686 66148 70676 5 10716
687 66203 68677 94 113090
688 66323 68945 141 144898
689 66423 66926 125 24279
690 66618 68083 84 56922
691 66644 67511 14 27156
692 66730 71376 66 104200
693 66893 72859 12 50416
694 67010 71553 26 59073
695 67161 69226 31 24074
696 67237 70228 16 3865
697 67362 67520 78 6288
698 67427 76947 32 253161
699 67696 76305 36 110058
700 67756 71064 62 54324
701 67783 70162 17 26228
702 67808 73545 65 329700
703 67916 73275 19 30987
704 67918 77191 7 25168
705 67931 71719 10 18826
706 68085 71015 80 211197
707 68218 68460 75 13071
708 68331 72832 133 400348
709 68375 71900 39 58194
710 68413 73442 43 44834
711 68648 75375 25 119300
712 68925 77088 67 409862
713 68978 76156 128 230256
714 68982 78782 24 107327
715 69336 90042 35 197526
716 69385 78214 21 36586
717 69418 75940 73 228471
718 69505 71348 18 12074
719 69638 76205 50 107621
720 69765 71845 68 47701
721 69888 75559 107 174167
722 70153 81307 126 572888
723 70173 87466 90 514368
724 70183 71115 124 54733
725 70332 76358 90 110036
726 70390 78503 4 20314
727 70674 78639 64 214306
728 70886 71592 42 26658
729 70932 74876 8 7079
730 70977 78052 115 327115
731 70995 71583 123 49654
732 71046 75645 16 45117
733 71159 78769 60 244795
734 71268 71524 118 12395
735 71485 72177 136 35910
736 71596 78117 11 16403
737 71732 74989 30 27713
738 71806 74688 51 76014
739 71852 82588 7 27207
740 71889 72736 98 53570
741 72209 72426 25 4019
742 72352 82531 47 99777
743 72372 79575 24 50612
744 72460 83002 112 808702
745 72504 81069 27 87701
746 72553 95166 51 345653
747 72701 73257 22 10842
748 72780 79329 62 207891
749 72823 73079 16 3543
750 72848 73707 20 7299
751 72928 79019 86 164136
752 72933 79379 7 12835
753 72973 78516 95 82465
754 72978 89464 140 636343
755 72983 76091 51 107373
756 72984 76169 11 18009
757 73015 74224 65 51894
758 73033 87517 19 69484
759 73267 78428 6 14383
760 73284 82228 44 60261
761 73483 78910 25 21891
762 73550 81912 42 197165
763 73620 75403 28 23663
764 73643 75206 121 102861
765 73724 85999 113 1189349
766 73727 74618 97 36714
767 73733 74165 12 3979
768 74303 80547 50 149692
769 74791 76699 37 6947
770 74888 76540 99 288851
771 74928 85642 46 185707
772 74944 75430 141 38959
773 75024 89955 38 451882
774 75067 79029 121 196828
775 75483 79716 23 29605
776 75546 78677 29 120011
777 75584 75829 12 2114
778 75592 77306 45 42631
779 75728 76632 117 56388
780 75732 75866 7 957
781 75792 77566 91 32458
782 75806 75931 74 5178
783 76040 77848 37 53429
784 76104 91968 125 641791
785 76123 77159 94 45631
786 76171 80086 99 408705
787 76240 78688 87 95686
788 76288 79168 17 23873
789 76333 76888 21 5403
790 76348 79303 35 72257
791 76360 83784 56 74872
792 76500 76725 113 13989
793 76565 76621 95 3040
794 76690 87724 63 544737
795 76784 77688 9 5760
796 76928 78915 17 9896
797 76958 89469 19 48175
798 77019 79403 39 91402
799 77069 83921 7 20402
800 77185 82350 98 330072
801 77251 94831 38 518602
802 77297 81660 66 100049
803 77307 78098 53 15018
804 77324 79134 118 102652
805 77348 80844 43 78111
806 77457 79412 16 33975
807 77534 86137 44 100991
808 77572 81583 5 12382
809 77767 84111 12 26903
810 78078 79937 17 15374
811 78083 80302 74 95894
812 78150 80900 49 14135
813 78239 78924 92 44505
814 78276 78802 9 3814
815 78367 89652 8 71548
816 78381 85033 78 182014
817 78441 79158 108 35892
818 78499 79060 102 33842
819 78541 78638 92 5999
820 78659 84149 17 16648
821 78732 85803 14 68721
822 78784 81263 130 344437
823 78849 82082 11 17803
824 79186 81273 124 74978
825 79254 81783 34 35772
826 79280 81474 22 20320
827 79380 84141 11 28766
828 79454 86201 21 37589
829 79460 94760 83 496251
830 79759 80882 73 110926
831 79817 80660 25 12493
832 79915 81964 27 25954
833 79988 80224 41 5230
834 80010 81157 30 40226
835 80025 82460 26 20339
836 80089 93324 29 101532
837 80110 81941 28 14456
838 80178 80500 67 10519
839 80277 84743 61 177376
840 80308 80663 53 8972
841 80426 87349 124 467260
842 80428 82236 84 48177
843 80644 89760 102 1817532
844 80732 96554 7 34563
845 81225 83951 88 87403
846 81261 83095 7 6316
847 81381 81492 41 4798
848 81422 90451 91 327146
849 81461 83739 51 101472
850 81609 82666 143 57142
851 81630 89471 130 1143378
852 81907 82282 97 11924
853 81947 86850 140 155284
854 82169 82190 98 3264
855 82203 83197 16 3352
856 82342 98638 6 26514
857 82403 84789 114 254143
858 82575 84718 78 113396
859 82778 83112 22 15391
860 82814 83375 13 6979
861 83099 89925 66 527712
862 83204 89571 19 31739
863 83241 83602 31 21313
864 83251 90346 82 238222
865 83379 91935 87 360496
866 83448 87545 42 88757
867 83474 85761 98 126408
868 83541 85017 14 14824
869 83549 85817 58 42526
870 83731 85372 9 15006
871 83751 93471 109 657650
872 83901 86799 15 11374
873 83936 87836 20 49290
874 83959 85727 58 61005
875 83980 85217 127 87485
876 84099 85485 6 8243
877 84236 90251 65 267651
878 84514 88804 88 75291
879 84581 87126 18 13959
880 84605 89877 100 166972
881 84800 90573 25 47979
882 85045 93247 52 185644
883 85081 85578 83 20738
884 85113 85188 148 14764
885 85370 92170 8 15848
886 85447 98132 57 226077
887 85449 86142 10 3219
888 85490 89712 63 90275
889 85547 88272 105 146484
890 85814 95459 121 1101940
891 85882 89273 108 87312
892 86021 90461 28 41846
893 86055 87709 101 108603
894 86069 90199 130 91270
895 86089 86204 53 1022
896 86124 89720 128 336786
897 86275 88636 64 26983
898 86328 92234 105 109004
899 86468 87761 29 15538
900 86759 88852 148 108707
901 87200 91036 73 454162
902 87253 88490 29 23896
903 87255 89028 23 14287
904 87262 88041 20 10416
905 87304 87504 12 1271
906 87350 92007 8 15892
907 87679 90224 62 130313
908 87794 93347 26 121941
909 87856 90055 130 111924
910 87981 97869 41 260861
911 88018 93237 113 315717
912 88021 91325 70 166272
913 88159 91932 5 14731
914 88238 94839 90 178611
915 88344 93394 22 47134
916 88376 92134 11 23636
917 88382 90658 74 67127
918 88412 92128 46 47727
919 88491 91004 108 64980
920 88519 91523 10 9649
921 88585 94420 55 270537
922 88690 89244 74 36677
923 88707 97011 105 327103
924 88800 94060 67 161559
925 88822 94145 51 70155
926 88895 93947 50 40174
927 88940 96632 5 14428
928 89114 93448 5 9318
929 89135 91797 19 8873
930 89354 89939 18 10511
931 89442 90907 13 11177
932 89491 95560 43 90804
933 89591 90463 9 3166
934 89614 90698 52 32104
935 89636 89907 25 1864
936 89640 90507 60 56513
937 89749 90450 53 10053
938 89763 92172 70 58492
939 89836 95820 51 165577
940 89937 94328 76 210459
941 90114 98414 105 269588
942 90200 94914 106 268503
943 90212 94934 53 188852
944 90280 96210 11 22462
945 90402 93599 10 56515
946 90410 94190 60 61525
947 90426 91616 115 61511
948 90469 94122 28 82173
949 90725 91439 14 4060
950 90946 97566 103 145393
951 91053 95398 137 143581
952 91118 91535 57 13631
953 91173 93732 28 31721
954 91254 94219 4 1554
955 91368 95382 5 11760
956 91659 94335 127 333748
957 91705 96075 101 143906
958 91918 95305 10 10126
959 92311 99865 42 206184
960 92350 93008 5 2768
961 92358 92961 93 11374
962 92491 95662 67 47202
963 92617 98101 11 42975
964 92784 93098 25 4908
965 92816 94284 8 3784
966 92933 94988 15 24329
967 93214 93285 6 136
968 93336 96294 42 38444
969 93423 94588 115 86032
970 93759 95054 66 24702
971 93764 94255 22 4493
972 94070 98419 23 63609
973 94078 95180 116 80899
974 94108 99937 42 174688
975 94144 96483 100 63412
976 94326 97319 6 11097
977 94569 96367 130 120672
978 94570 96800 6 5831
979 94575 95808 51 27275
980 94653 94815 19 6706
981 95150 99441 33 261796
982 95152 96126 97 128476
983 95523 96488 63 46516
984 95526 96394 26 6116
985 95539 96147 11 3133
986 96001 96928 50 24661
987 96319 97794 91 45943
988 96499 97486 137 24115
989 96510 97142 13 6185
990 96654 97580 124 57753
991 97048 97809 10 6868
992 97275 99695 116 55284
993 97555 98062 46 15220
994 97577 97616 48 1775
995 97648 98771 118 53944
996 97980 99572 11 6822
997 98122 99827 6 9319
998 98745 99696 145 38890
999 99312 99967 31 9998
