50 1000 0.056
.....................#............................
..................#..###..........................
...........##.....##..#.......#...................
...........#..................#...................
##.........##.....................................
#........................................##.......
..........#...............................#.......
..........##......................................
........###.......................................
...........#....................###...............
..........##.............##......#................
.................................#................
........................#.........................
.....####...............##........................
.#.....#..........................................
.###......................##..###.................
..........................##.....##.........#.....
..........................#.................#.....
..................................................
..................................................
..................................................
............###..............................##...
............#.#...............................#...
............#.............##......................
..................................................
...........................................#......
.......#...................................##.....
.......#.............................#......#.....
.......#.............................#............
.......#.............#............................
.....................#............................
.................#................................
..#.............###.....####..#...................
...........................#......................
....##......#.....................................
....#.................#...........................
...##.................#...........................
..................................................
.........#.....................................##.
.........#...............###...##.................
..#.....#.................#....#..................
..#.....##........................................
........#.........................................
..................#........####...................
##................##..........#....#..............
..................#................#........##....
.....#............................................
....##.....#........................#.#...........
....##...............#..............###...........
..........#..........#................#...........
0 57 2216 5 8035
1 69 98 50 1926
2 130 3225 59 48247
3 411 4779 96 161781
4 439 4280 33 147948
5 464 19526 113 796374
6 599 8602 52 172365
7 1085 16172 80 187457
8 1134 3093 21 27277
9 1158 5794 79 200283
10 1240 5096 21 43246
11 1268 2417 147 50839
12 1372 1871 11 7071
13 1492 8684 15 17816
14 1517 1775 18 1008
15 1612 6032 90 176920
16 1669 2292 39 16790
17 1888 8140 141 210128
18 2051 2064 127 2510
19 2116 7129 27 77597
20 2238 6312 31 77831
21 2310 4546 81 57003
22 2391 10300 8 13199
23 2413 11853 129 1302751
24 2428 6950 12 49393
25 2491 3832 17 4841
26 2500 8261 8 15383
27 2515 7708 45 42508
28 2541 8765 84 81793
29 2694 15524 15 35877
30 2753 4520 50 16975
31 2830 11397 62 95298
32 2901 6060 125 177848
33 2914 5611 99 147206
34 2961 5374 136 78639
35 3022 5669 89 139114
36 3029 12827 15 86613
37 3142 3228 107 5486
38 3162 13769 37 126209
39 3179 4564 10 9860
40 3295 3424 41 2786
41 3312 9217 38 242819
42 3357 6510 44 197342
43 3358 3965 86 45249
44 3438 7261 53 151539
45 3452 4783 56 79310
46 3468 4078 44 12194
47 3801 10644 103 721262
48 3804 6452 106 199917
49 3895 7406 51 83705
50 3922 4677 82 25678
51 4001 4834 13 6245
52 4006 10536 60 194672
53 4055 6057 13 4467
54 4190 8561 118 212152
55 4222 10330 116 129146
56 4278 9908 58 174183
57 4794 12064 64 200724
58 4895 6937 92 122268
59 4932 12859 109 142172
60 4995 9211 31 94894
61 5024 8626 72 175177
62 5169 21623 140 1143132
63 5195 5535 144 10494
64 5236 11712 103 134390
65 5396 5921 148 67815
66 5399 5748 133 57942
67 5531 11513 5 5745
68 5594 6933 75 41773
69 5731 28513 60 661410
70 5804 9206 28 141468
71 5849 12378 77 278127
72 5983 9496 82 324495
73 6049 6214 8 534
74 6150 8026 27 25557
75 6160 11174 8 12579
76 6201 9239 21 36475
77 6308 8550 91 194675
78 6333 7481 97 65016
79 6497 15790 64 118760
80 6504 8349 19 23799
81 6584 20928 81 623520
82 6633 14229 32 122319
83 6649 13045 86 112837
84 6799 9921 129 89839
85 6839 8937 83 80091
86 6855 10226 27 7588
87 6920 16374 10 47423
88 6996 13672 18 96829
89 7190 12625 120 1144518
90 7304 17818 34 142839
91 7357 7614 18 2836
92 7417 8258 114 41370
93 7579 12168 83 200960
94 7767 7894 68 2984
95 7785 12270 36 59321
96 7813 25611 41 242625
97 7941 12814 62 99527
98 8013 24098 74 532268
99 8044 8574 78 58442
100 8355 16415 7 9595
101 8520 13614 85 330766
102 8620 21077 56 583603
103 8627 13075 79 116535
104 8646 8960 146 21543
105 8839 9091 102 22845
106 8845 14827 69 185085
107 8931 10435 4 1259
108 9099 10496 12 6742
109 9139 10963 12 9518
110 9242 12766 144 133173
111 9623 22116 78 169169
112 9691 21419 149 422024
113 9693 12123 22 79570
114 9812 12931 17 19244
115 9847 15107 126 233139
116 9976 10339 37 5344
117 10095 14522 85 209440
118 10227 13318 86 308757
119 10280 18414 27 150812
120 10307 19505 75 353686
121 10332 13501 144 123539
122 10384 13569 20 69670
123 10404 11944 40 21345
124 10489 13354 61 58354
125 10540 11537 8 6940
126 10643 12446 37 14439
127 10664 19964 129 938734
128 10747 11178 12 754
129 10861 19923 88 231242
130 10896 15744 84 208167
131 10925 14636 9 12805
132 10929 34395 21 235969
133 11120 11886 70 53476
134 11122 14812 16 10330
135 11155 11596 48 24398
136 11368 19022 49 41805
137 11654 16689 12 14332
138 11705 14661 94 292228
139 12045 13729 52 26399
140 12222 26547 66 297998
141 12265 14795 37 52333
142 12284 17356 130 205658
143 12463 17927 18 59561
144 12633 18221 11 34327
145 12821 15379 77 49711
146 12855 20629 5 15617
147 13223 20544 123 368053
148 13472 14359 96 62297
149 13624 14215 43 14279
150 13639 15188 11 13008
151 13659 26164 13 97693
152 13987 19327 81 121821
153 14028 18344 143 159239
154 14243 15308 14 27442
155 14256 14373 14 958
156 14264 19243 10 14830
157 14395 21282 71 90269
158 14411 18346 50 82601
159 14425 30707 134 783836
160 14492 18432 16 19350
161 14616 24901 132 525807
162 14618 17467 9 7444
163 14719 15186 75 12756
164 14858 26906 81 189567
165 14902 22962 93 327894
166 15199 15845 37 7071
167 15231 16371 144 53202
168 15234 16242 73 36353
169 15289 15614 65 11829
170 15335 23504 7 23683
171 15349 17506 100 219731
172 15556 15969 136 35802
173 15871 16698 138 49595
174 16104 19121 96 88418
175 16109 17955 15 16296
176 16302 18343 121 89377
177 16372 16724 7 1950
178 16512 35931 144 624339
179 16659 17427 33 18875
180 16750 32109 58 278538
181 16803 20732 11 24543
182 17145 21540 33 158956
183 17159 28561 5 29651
184 17164 31194 44 402892
185 17319 25043 83 453024
186 17343 33998 8 65653
187 17383 18551 85 63933
188 17532 21904 141 105728
189 17593 20044 46 37829
190 17806 18186 102 7504
191 17840 19653 22 18292
192 18140 28027 81 379441
193 18147 29553 6 24651
194 18238 24751 72 45564
195 18267 26233 78 146481
196 18376 19360 63 18713
197 18482 27671 102 641144
198 18673 18869 135 21381
199 18836 21015 95 56887
200 18852 25373 9 25867
201 18864 22526 107 169146
202 18876 28414 46 200982
203 18878 22479 84 118857
204 19137 24000 106 146046
205 19179 23371 42 36191
206 19289 23396 33 44993
207 19345 24912 47 116447
208 19387 19588 143 24525
209 19502 22084 46 73507
210 19519 21642 42 26229
211 19532 25190 5 7524
212 19640 25236 34 39688
213 19745 23614 42 29871
214 19775 24873 79 201674
215 19857 25013 27 50603
216 19864 24390 13 32226
217 19971 22311 45 43813
218 20075 23941 20 21028
219 20138 22197 21 21029
220 20303 23811 24 56070
221 20541 27368 102 264704
222 20614 29799 32 351319
223 20685 22777 136 142043
224 20704 22323 147 102376
225 20947 41137 7 58500
226 21086 33429 9 31065
227 21106 23728 12 10817
228 21129 22033 21 6509
229 21134 22130 11 5790
230 21218 28281 64 158681
231 21309 34766 64 214133
232 21386 31501 7 29515
233 21543 22541 8 2582
234 21544 22751 5 3422
235 21658 24349 36 75955
236 21771 26586 42 168832
237 21945 25526 150 188376
238 22055 25448 9 6289
239 22117 28100 44 56149
240 22121 34654 136 319222
241 22143 37360 66 210989
242 22302 42492 150 1252783
243 22348 28891 40 409330
244 22396 28348 11 19055
245 22400 32049 37 344969
246 22615 25888 150 85735
247 22639 22647 107 289
248 22880 29341 123 240683
249 22917 25463 29 31855
250 22956 25191 23 27682
251 23123 25713 34 42541
252 23285 26279 145 315652
253 23381 31497 56 180142
254 23605 24464 138 33995
255 23625 24674 34 20766
256 23629 35953 6 16226
257 23674 26597 91 228669
258 23799 24092 57 9771
259 24173 25707 51 46717
260 24293 24696 148 10806
261 24338 36223 133 234129
262 24422 32247 124 233235
263 24498 35678 30 96261
264 24503 38482 23 182501
265 24504 38914 110 622348
266 24663 24936 30 3448
267 24717 25341 17 3952
268 24722 28198 145 374110
269 24723 25000 36 8154
270 24899 29591 7 4066
271 25028 27353 6 6742
272 25084 35750 6 24839
273 25328 26043 137 121979
274 25630 26083 57 29631
275 25676 27731 104 65840
276 25702 29867 45 54175
277 25734 32563 73 248572
278 25755 32169 141 446358
279 25803 37313 23 155924
280 25831 26482 131 38909
281 25843 27187 113 124568
282 25850 26107 55 4255
283 25899 26763 38 8333
284 26008 34034 77 578366
285 26009 30800 38 133193
286 26042 29558 127 83901
287 26192 27858 41 33136
288 26436 43455 92 267521
289 26495 29234 44 52090
290 26552 31183 24 79688
291 26642 28731 74 60993
292 26652 27863 46 29581
293 26821 33811 52 149737
294 26996 31767 11 61486
295 27000 29215 84 38540
296 27062 29953 28 43574
297 27164 27534 50 6518
298 27540 48382 56 257825
299 27583 27756 37 4378
300 27687 30908 26 60214
301 27953 39798 23 79066
302 27977 30195 33 64379
303 28028 29625 138 89407
304 28145 29025 24 5300
305 28356 39010 5 18162
306 28429 29254 6 1461
307 28471 28715 113 35982
308 28550 40177 100 175161
309 28755 31991 111 125469
310 28862 30738 41 56310
311 28997 31253 35 12581
312 29046 39095 11 33708
313 29115 31586 127 456072
314 29116 30353 18 2329
315 29202 54387 66 617897
316 29312 52518 102 891734
317 29750 37066 89 230278
318 29808 30414 34 32818
319 29893 31140 10 7057
320 29903 33925 68 73101
321 30056 31241 119 21963
322 30205 36512 111 444629
323 30218 32057 138 80140
324 30554 33667 120 215616
325 30613 39441 100 380874
326 30713 42391 29 246840
327 30729 31257 13 2139
328 30736 33739 96 105935
329 30795 31080 47 5622
330 30821 32541 6 6932
331 30853 39770 48 150559
332 31044 36070 24 128913
333 31206 34362 123 167758
334 31256 40609 42 258992
335 31386 33259 122 88106
336 31581 33546 74 45423
337 31653 32880 8 5951
338 31663 32923 50 21575
339 31777 32891 46 37098
340 31915 47487 13 43970
341 31976 35530 140 455560
342 31994 33472 49 21444
343 32128 36695 136 254260
344 32178 38637 44 82136
345 32231 36242 26 37173
346 32373 33778 9 7296
347 32417 34552 19 9647
348 32538 38097 49 43872
349 32722 34230 6 4224
350 32765 35738 17 25501
351 32889 43335 60 143168
352 32892 33653 5 982
353 32943 46679 24 353056
354 33045 39753 77 116866
355 33266 37290 66 210804
356 33743 33775 38 399
357 33927 34389 23 1248
358 33981 35101 29 13378
359 34038 43332 104 299854
360 34120 35905 16 8132
361 34434 38491 126 138570
362 34484 44813 7 23470
363 34524 37222 10 5880
364 34621 34852 56 3423
365 34629 43092 90 340815
366 34791 34917 5 361
367 34851 41692 126 176727
368 34909 35020 26 3298
369 34922 41307 21 103608
370 34947 35522 11 2315
371 34955 34961 11 94
372 35010 38206 14 39935
373 35019 38957 9 11888
374 35170 38886 104 163423
375 35291 41856 72 115503
376 35403 37316 141 122409
377 35464 37814 7 2935
378 35471 46430 10 20871
379 35623 38727 46 52661
380 35633 39365 44 59644
381 35772 39552 79 127020
382 35885 39576 30 58645
383 35924 37331 60 46131
384 36048 37586 19 32742
385 36209 49253 71 450259
386 36270 45224 67 174787
387 36380 38130 38 16475
388 36388 38629 65 84398
389 36709 36772 13 301
390 36784 39755 6 10716
391 36806 38812 75 68209
392 36815 39794 56 38526
393 36823 38770 149 199667
394 37020 40540 4 9006
395 37097 38750 8 3170
396 37110 42805 4 10148
397 37130 42559 103 230405
398 37380 40080 12 12891
399 37545 47173 106 318068
400 37564 38037 70 15682
401 37741 48693 10 95017
402 37842 39591 53 28141
403 37843 38665 114 76963
404 37950 42796 23 62359
405 38007 58317 34 178064
406 38008 46108 39 83734
407 38171 38409 150 15049
408 38268 50079 95 575711
409 38288 42449 87 129263
410 38459 39941 6 4829
411 38474 39338 4 697
412 38533 38681 50 3476
413 38986 42528 92 246735
414 39151 45631 91 209632
415 39200 41702 9 9094
416 39247 41871 45 67601
417 39311 45111 102 146822
418 39511 41757 97 142003
419 39700 50690 18 46312
420 39734 42564 17 49405
421 39962 47004 23 43401
422 40018 40899 76 39881
423 40191 57244 18 167302
424 40290 45702 69 283939
425 40410 42949 43 20532
426 40773 43572 146 247747
427 40803 54266 99 311366
428 40824 41571 147 135378
429 40908 52593 70 734715
430 40918 53497 43 602720
431 40929 42130 16 9915
432 40961 41251 149 44737
433 41117 47126 69 57176
434 41174 44566 43 48609
435 41270 49740 13 26386
436 41375 50389 26 124587
437 41769 50645 52 136622
438 41864 56289 18 154606
439 41983 43365 10 1001
440 42222 49276 57 259405
441 42282 52291 104 80339
442 42306 48971 141 517067
443 42398 42750 85 32581
444 42414 46118 23 40202
445 42512 53729 88 303902
446 42620 45983 21 43784
447 42847 68722 42 107530
448 43069 46061 17 16817
449 43260 48794 17 39828
450 43400 44205 16 16761
451 43456 49531 79 239444
452 43497 48458 11 28668
453 43565 59047 42 407257
454 43683 55094 4 31747
455 43719 59728 23 182795
456 43815 45312 53 60879
457 43862 45015 27 15849
458 43992 47478 57 37628
459 44077 45368 84 70805
460 44078 45466 149 284969
461 44165 44788 55 12265
462 44350 45548 83 38313
463 44394 50548 55 116309
464 44497 49072 70 76845
465 44536 45652 6 3997
466 44691 63327 89 1791970
467 44706 46519 43 33752
468 44707 46086 80 75380
469 45108 54184 145 336716
470 45165 48659 14 21266
471 45299 50270 40 66434
472 45497 47900 148 101478
473 45571 48433 14 5143
474 45708 50757 83 123191
475 45762 47996 19 12632
476 45785 49919 138 170831
477 45791 45912 36 3269
478 46008 48043 107 193200
479 46014 46244 44 6307
480 46058 49878 37 52456
481 46117 51803 143 269064
482 46130 48751 8 6089
483 46351 47605 105 38018
484 46426 47854 11 10800
485 46625 53645 8 23750
486 46671 46929 25 2324
487 46689 53896 94 173947
488 46739 48005 34 15907
489 46959 47811 44 31398
490 47045 49897 23 46886
491 47050 48896 110 163981
492 47061 47920 36 7064
493 47094 50455 46 33711
494 47115 49803 12 11063
495 47122 48814 65 78546
496 47392 49348 85 110734
497 47493 59600 69 291147
498 47745 49619 117 55628
499 47773 49913 59 30982
500 47842 53011 91 188804
501 47855 55296 48 160633
502 47862 59431 112 1691542
503 47904 48860 32 17573
504 47956 50460 148 606198
505 47971 58178 27 113705
506 48002 49011 78 24274
507 48032 50406 106 97835
508 48121 60583 23 52242
509 48124 82285 106 962198
510 48172 51213 111 255424
511 48354 51552 51 184811
512 48356 64789 47 585613
513 48449 58408 66 204490
514 48964 49034 139 8914
515 48984 56313 90 194665
516 49126 49718 138 33344
517 49168 51161 18 51314
518 49395 51712 4 2610
519 49403 50127 18 3637
520 49558 55983 127 126109
521 49939 69034 28 194693
522 50000 52726 78 29313
523 50321 50972 31 12705
524 50578 55919 55 182401
525 50591 54946 60 43087
526 50647 59380 146 421261
527 50673 52215 46 13346
528 50683 50685 50 71
529 50847 56891 102 454536
530 50879 62727 28 136755
531 51114 51898 9 5500
532 51411 56635 47 279322
533 51441 56000 134 147224
534 51457 51563 60 7139
535 51459 54246 27 27744
536 51523 54253 137 143524
537 51527 53278 53 34064
538 51581 53046 67 49444
539 51606 55299 24 19769
540 51629 51869 14 2861
541 51768 54692 17 23032
542 51846 63674 33 105674
543 51866 53919 72 61946
544 51905 53299 31 6209
545 51918 52379 63 9935
546 51990 52287 24 3643
547 52171 56515 34 141033
548 52288 65940 20 64857
549 52298 53807 54 62179
550 52362 57214 12 48786
551 52388 56203 138 257334
552 52678 69723 5 23583
553 52746 58302 121 242947
554 52870 56156 44 329027
555 52927 54826 68 116761
556 52972 58219 23 55740
557 53016 57109 21 119930
558 53025 54940 9 19205
559 53102 53898 93 83596
560 53257 67151 10 33714
561 53321 56396 6 10969
562 53535 57739 126 251469
563 53648 58356 9 15088
564 53796 55796 98 93184
565 53865 55895 90 125806
566 53879 58386 119 87808
567 53916 54260 99 42049
568 53955 71933 27 184255
569 54102 61182 76 271989
570 54536 56975 30 43371
571 54850 55001 79 8094
572 54861 58529 10 6535
573 54962 55586 18 5519
574 54981 59986 26 44356
575 55244 55965 42 20459
576 55546 70423 15 114450
577 55590 55776 84 11003
578 55607 58413 10 10157
579 55635 58464 46 37199
580 55692 58048 78 70016
581 55697 61477 30 47322
582 55701 71394 51 321921
583 55706 56605 135 52587
584 55802 58904 57 107618
585 55906 61488 77 167585
586 55914 61592 83 135627
587 55954 88792 40 1095094
588 56172 56640 6 632
589 56192 57487 8 5535
590 56311 65537 11 23361
591 56436 64625 20 37775
592 56550 59034 63 227374
593 56669 58157 32 47555
594 56819 59067 71 150475
595 56932 56984 15 593
596 56967 58824 17 17674
597 56991 58179 33 25951
598 57023 58861 38 13536
599 57071 57473 121 59934
600 57078 67772 133 341312
601 57114 59797 102 66943
602 57278 60253 103 157689
603 57349 58981 149 116542
604 57497 60963 103 169237
605 57590 64622 51 96436
606 57766 61204 134 190379
607 57784 58566 97 40308
608 57874 59861 16 8516
609 57973 65416 46 240477
610 57988 60130 141 88690
611 58073 59225 129 61311
612 58249 59564 136 230167
613 58251 84142 135 1540244
614 58549 64671 147 460959
615 58726 60905 121 71096
616 59065 61080 114 117436
617 59130 62666 69 94202
618 59168 65135 91 874188
619 59251 72042 83 611599
620 59303 60363 117 58892
621 59306 66687 18 170522
622 59369 59724 6 1134
623 59565 63968 40 163775
624 59636 61290 131 108503
625 59702 68040 97 317073
626 59791 61101 18 8535
627 59822 63816 22 74180
628 59831 65631 18 69288
629 60068 62132 18 32124
630 60101 60249 139 13208
631 60147 60475 137 40769
632 60219 71512 21 94165
633 60222 60518 86 17561
634 60228 68095 72 552175
635 60271 62141 64 94535
636 60354 61138 6 1612
637 60357 60778 111 15349
638 60371 62933 107 211124
639 60501 61091 122 18511
640 60555 62787 38 37676
641 60578 79513 93 688368
642 60707 61359 19 2917
643 60739 63188 59 171435
644 60762 61946 100 60601
645 60980 74308 116 717746
646 61126 64811 5 7580
647 61176 63111 33 14021
648 61258 65409 129 91926
649 61316 62169 13 4401
650 61323 65364 11 17240
651 61484 62886 40 29149
652 61540 78629 120 800227
653 61824 66222 131 186884
654 61842 71250 136 533205
655 61984 69193 4 14706
656 62015 62188 74 7516
657 62118 64614 101 104382
658 62305 66614 36 323756
659 62663 66470 61 220086
660 62707 67505 11 18778
661 62715 65574 118 86630
662 63113 75953 34 280864
663 63340 69965 37 147113
664 63726 72630 9 89011
665 63746 77130 5 21675
666 63776 66377 136 203299
667 63833 68216 150 203204
668 63841 85909 43 311391
669 63941 68602 130 387918
670 64017 65274 40 9298
671 64053 72760 38 271579
672 64235 66813 66 142859
673 64301 67521 46 62640
674 64478 69453 52 176163
675 64593 68736 92 70408
676 64629 67011 26 35366
677 64745 73269 4 12760
678 64959 65036 86 5337
679 65058 68828 7 17184
680 65089 72359 37 91351
681 65123 68591 51 210293
682 65199 69308 4 4528
683 65355 65905 45 10831
684 65411 68847 47 56530
685 65492 81155 64 450420
686 65494 66081 8 2347
687 65522 70842 137 242521
688 65566 66338 21 7510
689 65608 65704 89 3227
690 65633 74810 79 320034
691 65716 72471 143 636653
692 65750 70616 32 38797
693 65882 66221 134 15946
694 66121 66885 87 39434
695 66145 76922 57 367162
696 66280 81278 6 63669
697 66368 68843 140 224377
698 66436 66984 82 10347
699 66628 74407 43 139781
700 66662 72260 11 59812
701 66721 69759 7 5469
702 66834 67238 73 11437
703 67050 68651 85 116556
704 67109 86376 22 133540
705 67243 81935 8 22984
706 67248 69568 30 27580
707 67295 69338 67 49529
708 67500 69198 17 31782
709 67586 68197 73 13154
710 67653 81186 29 307005
711 67677 97466 74 707476
712 67719 73683 96 189177
713 67734 69830 5 9315
714 67878 83205 89 169747
715 67989 69634 52 18614
716 68134 69617 27 21597
717 68246 69572 68 18345
718 68278 68971 7 1813
719 68439 71009 83 43550
720 68488 83929 63 445777
721 68528 82142 123 572865
722 68738 70600 61 89849
723 68765 82401 52 212807
724 68779 77232 7 24424
725 69008 74054 22 74337
726 69064 82459 24 223915
727 69076 89094 33 288205
728 69140 71780 88 69689
729 69379 72515 113 170453
730 69520 73722 35 106025
731 69525 70819 103 113067
732 69556 69746 20 6193
733 69828 69862 25 518
734 69851 74694 75 349115
735 69946 76076 49 186080
736 70009 70056 6 278
737 70057 74301 27 45033
738 70203 76883 94 292516
739 70257 70633 35 12793
740 70359 72716 12 7925
741 70403 73829 101 87398
742 70626 75590 17 31977
743 70755 70935 23 2466
744 70774 75257 8 9829
745 70823 82572 148 403559
746 71073 74584 133 220665
747 71192 72347 7 7357
748 71215 75539 56 98998
749 71373 74436 106 130753
750 71656 73111 5 2285
751 71722 83181 24 124356
752 71765 71916 18 714
753 71795 73553 148 521346
754 71873 77697 94 117506
755 71885 83733 11 36461
756 72058 72898 75 56928
757 72317 75982 117 184243
758 72468 78527 40 109523
759 72635 75412 25 60627
760 72664 73016 128 16397
761 72710 73543 16 4793
762 72752 74626 52 55151
763 72770 73466 4 680
764 72843 73447 120 24314
765 73005 76068 143 162173
766 73053 75974 96 126129
767 73101 81077 117 590557
768 73152 87708 51 343000
769 73250 73360 6 765
770 73328 76583 50 49446
771 73523 77355 131 297529
772 73591 73637 148 3297
773 73595 77088 147 144930
774 73680 79474 48 194375
775 73768 76768 57 102295
776 73798 78048 31 68874
777 73827 77157 140 126347
778 73929 75529 8 9668
779 73973 78785 71 221006
780 74065 74243 19 2717
781 74148 76651 28 34096
782 74164 76221 94 88020
783 74319 83587 30 287799
784 74434 75245 122 56933
785 74552 82667 120 231887
786 74596 81400 56 194619
787 74627 78005 68 125293
788 74642 75604 92 35648
789 74945 77307 28 35987
790 74958 77838 118 189874
791 75060 79006 91 140644
792 75071 90481 75 436645
793 75106 75739 8 2782
794 75197 80443 134 444978
795 75240 83159 66 486555
796 75451 76594 45 6775
797 75695 77726 121 42795
798 75738 78792 7 3186
799 76117 80166 139 219678
800 76156 77215 101 87009
801 76336 92058 50 285474
802 76501 77042 126 27217
803 76646 83038 98 208396
804 76675 81955 41 136651
805 76707 78831 53 60929
806 76708 85233 46 201833
807 76723 80185 99 85752
808 76819 92857 140 1250049
809 77035 79670 18 3543
810 77365 84310 40 59298
811 77620 84040 68 197051
812 77683 85703 17 139273
813 77715 87747 63 128411
814 77718 90278 113 2161463
815 77831 79654 96 111799
816 77881 89887 24 251485
817 78003 78302 136 30986
818 78272 85790 5 5991
819 78463 94174 5 40165
820 78548 80791 25 41014
821 78585 80475 45 45405
822 78590 82811 55 194697
823 78694 80207 11 4810
824 78717 83747 97 88470
825 78883 81248 15 5932
826 78930 87204 132 1144032
827 79013 79467 34 10176
828 79014 80638 100 122847
829 79196 80221 10 5996
830 79239 82519 27 28692
831 79263 84709 117 213858
832 79359 80104 129 86787
833 79508 85062 80 247201
834 79628 79979 119 21301
835 79780 87073 97 218382
836 80059 81142 57 16979
837 80078 84808 12 25693
838 80088 90386 7 22397
839 80142 84506 74 190726
840 80176 82523 70 60527
841 80375 86192 27 20018
842 80479 80498 58 1140
843 80492 83156 71 52613
844 80576 81629 115 50575
845 80618 80813 98 23119
846 80694 87637 4 16954
847 80726 80830 90 4596
848 80766 81072 35 8114
849 80851 84227 40 84604
850 81177 88962 40 292880
851 81334 93908 53 86791
852 81375 85967 76 83631
853 81386 83935 7 7224
854 81439 87671 5 8292
855 81459 85803 9 11118
856 81537 91352 59 98341
857 81777 83256 6 3130
858 81821 87282 138 207897
859 81881 85451 45 213722
860 82026 84662 42 57530
861 82144 90214 12 81726
862 82175 83183 96 188994
863 82286 89671 51 333273
864 82456 84830 60 55600
865 82515 83808 99 45207
866 82551 86867 143 321660
867 82635 83822 25 14921
868 82639 86724 63 81587
869 82691 83476 135 78588
870 82721 90205 9 15390
871 82795 85927 6 12261
872 82799 86505 87 110429
873 82965 83673 89 14028
874 83002 83644 62 25725
875 83290 87247 109 172390
876 83307 87373 102 186010
877 83373 83550 102 11300
878 83389 90387 11 11048
879 83394 85992 48 29820
880 83554 87435 11 13948
881 83762 85395 109 127458
882 83777 86775 13 17977
883 83847 97480 5 24647
884 83916 86709 25 19808
885 83958 85157 7 6244
886 83976 85010 120 29514
887 84079 97508 146 527305
888 84232 89324 126 233580
889 84501 96998 7 26282
890 85316 87144 13 9795
891 85419 86154 35 33693
892 85571 86235 7 702
893 85662 90117 33 62616
894 85667 88703 21 42812
895 85682 96241 91 162815
896 85732 87574 71 59808
897 85781 88813 37 78185
898 85842 90822 24 39441
899 85921 87005 98 50538
900 86189 86292 5 260
901 86236 96658 15 20860
902 86254 88380 139 217713
903 86291 88586 143 453853
904 86302 89964 137 187192
905 86653 88359 21 15986
906 86749 97765 7 36685
907 86770 97396 66 384931
908 86777 89326 18 23818
909 86907 89939 63 87091
910 86951 96645 120 704731
911 87004 88037 61 9128
912 87381 87658 100 31870
913 87404 89856 53 62944
914 87419 87769 118 29011
915 87439 87642 122 10004
916 88108 95365 8 13756
917 88201 92561 73 143880
918 88239 97610 48 112692
919 88272 96817 118 749758
920 88273 88295 38 1114
921 88302 93096 129 294807
922 88433 89738 14 12078
923 88444 89429 89 32746
924 88499 96174 127 358142
925 88579 96560 91 215622
926 88622 92829 48 53340
927 88769 91485 12 19354
928 88807 89052 112 11121
929 88818 90508 92 45594
930 88820 89844 45 9343
931 88850 92249 134 63087
932 89076 92377 43 26268
933 89182 89531 90 36805
934 89198 97072 121 99280
935 89204 93216 147 111550
936 89217 90195 107 61435
937 89220 91594 9 15262
938 89289 92701 141 227720
939 89291 93337 30 46982
940 89309 99762 5 12172
941 89391 92106 43 61949
942 89464 98974 46 161930
943 89662 95079 104 173521
944 89723 96508 70 318277
945 89747 94855 45 58104
946 89814 95996 94 140106
947 89943 90940 123 29819
948 89944 90673 16 17922
949 89990 93245 33 49562
950 90065 91910 45 54387
951 90267 91191 73 45704
952 90371 96135 12 22394
953 90649 94141 143 330833
954 90734 91814 63 11315
955 91200 98902 53 73151
956 91291 99181 63 391453
957 91466 98274 73 154986
958 91542 96596 27 79393
959 91685 94591 17 28286
960 91722 95154 131 388339
961 91786 96668 60 114045
962 92496 93033 17 8818
963 92511 97442 73 120924
964 92550 94401 50 27223
965 93012 95935 44 82445
966 93053 96483 34 48498
967 93120 95731 64 188701
968 93239 99445 20 61298
969 93329 95277 10 9598
970 93455 96320 19 18657
971 93460 95615 15 9457
972 93606 94881 31 33880
973 93681 98358 100 167093
974 93789 95065 145 92548
975 93896 94360 16 3553
976 94084 95795 7 12078
977 94378 94674 20 2819
978 94749 96044 149 71341
979 94991 95614 85 21882
980 95283 99677 118 595812
981 95725 98592 11 23221
982 95798 98321 95 108418
983 95965 96177 7 707
984 96309 97374 19 7882
985 96319 98526 148 299260
986 96376 98859 58 31146
987 96424 96580 20 2093
988 96557 97077 141 29656
989 96777 99089 43 15072
990 97019 99972 134 275747
991 97096 98727 118 184033
992 97423 99080 134 253585
993 97561 99267 145 49607
994 98052 99689 10 9289
995 98317 98731 25 3688
996 98465 98750 100 12780
997 98671 99430 13 4058
998 99401 99666 102 11684
999 99527 99590 20 3458
