50 1000 0.063
......................................###.........
..................................................
.##...............................................
..#...............................................
..................................................
..................................................
......................##..........................
.....................######...................###.
.........................#.....................##.
.........................#.....................#..
..................................................
..................................................
.............................#....................
......................##....##....................
......................#......#....................
......................#...........................
..................................................
..................................................
..................................................
...........................##.###.................
...........................#####....#.............
....................................####..........
..................................................
..................................................
..................................................
..................................................
..................................................
..................................................
.................................#................
.......#..........................................
.......###........................................
..................................................
.............#................................#...
...........###.............................#..##..
.............#.............................#...#..
.............#....................................
................................#.................
..................................................
........................................##........
.................................#................
................................##................
.......###......................###.......#.......
.........#.#......................................
...........##.....................................
................................................##
..................................................
..................................................
..................................................
..................................................
..................................................
0 111 3125 16 24502
1 227 6066 120 359749
2 259 26665 38 414145
3 274 1716 101 28904
4 305 7811 11 47267
5 309 2143 26 11330
6 381 2227 10 7117
7 546 2960 94 98338
8 564 3401 20 25503
9 603 46750 10 118140
10 678 6815 37 122841
11 704 2986 32 30370
12 750 11238 37 102913
13 794 4784 77 239590
14 827 2114 126 28896
15 869 6913 9 15352
16 950 3559 16 13818
17 962 1843 8 2757
18 1007 1944 73 48963
19 1126 5721 129 340196
20 1445 4567 68 80858
21 1485 9493 99 947201
22 1523 7680 13 65709
23 1568 3847 92 87387
24 1620 8078 33 72555
25 1649 2895 11 7168
26 1968 13932 9 112797
27 2023 5089 44 111668
28 2033 7197 52 72596
29 2174 19092 50 460256
30 2373 5213 137 346799
31 2403 14170 14 180270
32 2449 3345 30 9441
33 2647 3626 60 20784
34 2720 4692 88 161979
35 2755 6348 93 245234
36 2864 6234 45 62373
37 2886 5510 65 66302
38 3070 3109 40 2233
39 3134 4343 113 64488
40 3736 11665 37 277124
41 3803 6459 103 77156
42 4036 6346 54 46692
43 4097 6590 117 189672
44 4263 11260 56 178408
45 4417 15728 8 21640
46 4474 11307 59 186445
47 4600 5582 59 29610
48 4605 6998 47 56160
49 4676 12110 144 1088762
50 4868 16000 56 211542
51 4991 11475 11 12683
52 5230 12980 20 57092
53 5266 5822 5 802
54 5283 7398 33 38976
55 5305 27457 150 1366751
56 5525 9325 40 70919
57 5664 17264 49 485087
58 5700 9098 115 79575
59 5752 6788 52 61260
60 5792 9707 67 46163
61 5897 9120 20 16998
62 5924 6252 10 2083
63 5933 7424 107 121422
64 5935 10894 117 394398
65 6011 7011 10 9079
66 6092 6814 85 36393
67 6149 9392 39 140725
68 6245 6574 73 48066
69 6295 8139 137 56436
70 6409 11508 52 143440
71 6414 8715 80 263094
72 6415 9606 14 20311
73 6457 7494 17 11290
74 6464 19802 28 145667
75 6575 16808 117 273831
76 6680 11262 46 36207
77 6699 13501 110 220752
78 7018 13200 35 70586
79 7040 19587 34 57269
80 7086 21528 38 435358
81 7125 11107 15 20228
82 7227 22662 56 209480
83 7302 13717 7 14037
84 7349 10368 44 43555
85 7364 7899 44 14248
86 7393 7928 13 3757
87 7518 10981 61 78090
88 7565 15220 50 78990
89 7616 10782 53 56574
90 7686 12928 106 477455
91 7823 9414 10 8352
92 8014 25725 137 1052657
93 8038 10093 32 60553
94 8052 13763 74 129875
95 8088 13527 48 119293
96 8098 11010 104 163448
97 8181 8404 40 3634
98 8203 15700 42 118696
99 8311 14780 65 270041
100 8346 10648 54 105095
101 8462 11556 78 115012
102 8471 21046 27 147983
103 8816 18365 6 23398
104 8832 15615 40 161685
105 8846 10659 91 63350
106 8872 9662 131 34692
107 8879 19484 19 97899
108 8945 13412 24 41751
109 8959 11264 70 234579
110 9010 12276 55 78325
111 9012 15138 61 181456
112 9053 16033 109 714072
113 9272 22146 56 203216
114 9422 15010 69 94713
115 9582 28661 17 151954
116 9624 9847 72 12833
117 10263 25313 105 592528
118 10459 10551 30 1418
119 10471 11470 17 4463
120 10605 13342 64 33476
121 10658 16258 54 186112
122 10718 12322 96 78571
123 11051 13550 12 5677
124 11094 23014 144 652724
125 11096 19652 110 527301
126 11388 16222 68 88958
127 11404 13858 103 148670
128 11440 20599 106 341152
129 11479 21684 119 876889
130 11574 22041 134 499800
131 11587 13730 79 137794
132 11631 34442 96 500480
133 11779 15938 9 10593
134 11845 23925 110 457523
135 12014 12541 82 22743
136 12058 13736 78 124803
137 12082 23733 57 225694
138 12246 22565 62 220749
139 12270 18346 104 401701
140 12302 15731 28 17008
141 12384 14713 134 173524
142 12424 16934 84 199264
143 12457 18068 106 218768
144 12517 18656 126 113677
145 12555 16942 101 93487
146 13063 14102 136 64913
147 13114 14991 109 84027
148 13115 13780 130 33543
149 13228 13551 17 1834
150 13277 13649 22 4480
151 13415 13886 22 4073
152 13475 20210 100 359919
153 13871 17833 104 93194
154 13915 17684 73 65892
155 13967 36608 5 47604
156 14173 30703 10 101383
157 14184 22218 40 45502
158 14220 24074 48 296619
159 14317 16663 27 26253
160 14423 38121 74 262736
161 14435 16267 62 61934
162 14603 14695 109 5029
163 14635 19578 11 44027
164 14668 14840 10 1318
165 14847 19935 68 169101
166 15134 15276 67 6805
167 15152 20798 33 77868
168 15239 22706 26 52004
169 15399 15867 82 22815
170 15423 24296 27 121699
171 15434 16652 59 123017
172 15524 17349 6 5975
173 15574 17953 50 115825
174 15602 16754 10 7368
175 15694 17117 24 15019
176 15927 25803 91 375919
177 15977 20787 37 65535
178 16034 28036 7 28176
179 16095 17064 30 12474
180 16179 20869 112 71429
181 16244 18874 40 21747
182 16346 17063 55 11969
183 16369 27766 43 499185
184 16719 23397 18 47634
185 16741 32612 101 959722
186 17038 19185 49 53501
187 17065 18763 118 98677
188 17144 22470 42 197509
189 17155 21035 62 98296
190 17305 32563 31 295800
191 17404 22329 20 17142
192 17636 34485 33 543592
193 17749 28611 46 244906
194 18416 22460 82 382356
195 18446 29214 110 627022
196 18486 21615 58 44763
197 18531 18658 49 6828
198 18565 23328 82 171139
199 18566 36599 17 158513
200 18583 40861 85 300901
201 18971 25016 40 90638
202 18982 28048 61 61301
203 19222 21632 110 61572
204 19225 25318 51 59538
205 19245 22665 32 31094
206 19322 22392 18 18027
207 19396 22262 50 116645
208 19437 19682 43 6639
209 19533 21954 149 70316
210 19626 19971 23 3704
211 19632 27819 31 121834
212 19633 20847 48 31689
213 19634 38964 134 653121
214 19948 32049 114 196646
215 19975 22241 29 23704
216 19998 20732 73 30886
217 20024 22531 142 192535
218 20296 21090 115 48901
219 20367 26672 5 25571
220 20380 27997 17 175949
221 20466 27093 15 41754
222 20567 23071 13 25167
223 20598 26411 125 238855
224 20604 22774 112 163426
225 20724 23650 100 415294
226 20856 25930 26 29907
227 20884 22828 107 69361
228 20980 21771 63 32445
229 21010 26860 6 30709
230 21015 25699 46 116858
231 21026 25784 66 98320
232 21094 26305 26 29763
233 21283 30429 63 293101
234 21326 21430 49 2120
235 21427 30721 75 299089
236 21458 22433 27 8674
237 21462 27829 112 297975
238 21512 31903 14 68532
239 21591 35984 22 153013
240 21610 21843 39 3973
241 21777 24811 21 27551
242 21787 23116 48 11919
243 21873 22022 112 13855
244 21874 26590 64 428720
245 21894 23676 54 66324
246 21924 24247 147 134147
247 21929 25790 62 107693
248 21959 30062 117 378292
249 22111 22633 87 25764
250 22188 29910 6 21992
251 22225 50524 12 45241
252 22256 28233 30 150505
253 22599 29933 10 7613
254 22705 25334 115 184258
255 22754 25791 6 14521
256 23032 40062 132 1199179
257 23171 41753 115 1743095
258 23253 33396 89 332953
259 23331 25564 28 26523
260 23410 26536 61 142184
261 23483 32303 43 163052
262 23671 25309 140 68762
263 23690 37011 49 180029
264 23788 29465 135 254894
265 23852 25227 81 87358
266 24025 29956 49 107330
267 24324 27322 88 91019
268 24334 29730 74 594258
269 24352 25755 8 8447
270 24527 34260 12 105001
271 24607 30099 60 75846
272 24615 25270 15 3724
273 24653 25317 27 22300
274 24702 29651 6 30075
275 24738 24980 29 8469
276 24852 26719 8 7344
277 24950 43597 14 84287
278 25091 27366 20 13670
279 25182 26195 21 6587
280 25312 25724 13 2839
281 25446 42456 47 416667
282 25565 26097 40 7774
283 25587 27921 65 25251
284 25635 26453 99 38120
285 25841 27916 145 150208
286 25903 34410 129 126300
287 25972 28484 11 9888
288 25983 26511 48 14052
289 25989 42053 33 134606
290 26053 28069 68 95717
291 26067 26431 26 3799
292 26117 30135 69 73652
293 26133 27630 131 79749
294 26192 42809 113 722608
295 26409 26649 19 3262
296 26459 29179 58 112144
297 26523 34929 50 138971
298 26537 34657 100 484214
299 26797 27583 74 85234
300 26837 41150 9 200059
301 27028 31478 114 459677
302 27039 45966 21 195966
303 27424 29413 64 50278
304 27522 28351 25 7341
305 27548 29611 58 47391
306 27743 36775 5 14877
307 27840 35034 85 107617
308 27999 32189 14 11947
309 28000 34635 114 524067
310 28232 28420 58 2334
311 28307 34567 72 156718
312 28469 35608 45 177313
313 28636 38726 48 388192
314 28714 42252 136 1821836
315 28920 29816 101 25413
316 28979 30834 17 11798
317 29034 29283 36 3142
318 29322 29904 6 1295
319 29425 47827 77 429328
320 29565 56768 124 644338
321 29594 33626 17 15586
322 29617 30268 72 15281
323 29686 34081 50 187011
324 29739 32157 30 43523
325 29762 29986 78 12162
326 29792 48493 142 756253
327 29826 34053 104 460650
328 29846 31889 29 27324
329 29873 31435 26 23830
330 29934 33932 13 25491
331 30070 41421 25 145362
332 30121 34130 13 9066
333 30131 31265 20 11524
334 30229 36088 87 104421
335 30337 30547 127 11014
336 30423 33641 14 19662
337 30648 35687 27 95918
338 30748 51472 62 539322
339 30776 30914 87 14324
340 30790 35274 12 25513
341 30925 34593 19 22978
342 31008 32894 139 95335
343 31178 31432 17 3233
344 31205 32465 98 50912
345 31228 31767 28 14951
346 31322 44034 130 1096251
347 31367 31643 28 5728
348 31629 40622 11 64420
349 31717 35154 9 12128
350 31969 43447 37 443266
351 32209 42043 53 88170
352 32246 33905 23 53044
353 32297 34562 108 139860
354 32362 33643 100 38593
355 32487 37640 121 175250
356 32532 36046 19 22959
357 32573 38604 119 301078
358 32648 35711 125 398480
359 32653 34303 42 30965
360 32900 34075 13 6943
361 33351 39164 76 197842
362 33374 46080 96 308537
363 33438 57292 106 313785
364 33739 37186 94 174821
365 33812 35209 18 12450
366 33850 38597 86 458811
367 33859 33965 42 6179
368 33873 41093 34 107635
369 33911 43625 35 188503
370 33944 36583 91 69773
371 34258 43040 35 82547
372 34287 48560 72 263317
373 34365 34670 32 9550
374 34375 34532 116 8268
375 34515 37602 20 31109
376 34590 36661 13 10090
377 34671 35487 86 20010
378 34739 35258 102 22651
379 34825 37171 30 28886
380 34997 41736 58 189279
381 35028 42141 47 143996
382 35073 35173 79 3710
383 35107 49765 131 1623675
384 35294 42686 85 243966
385 35384 42846 45 175492
386 35476 35539 129 8461
387 35514 36863 5 3572
388 35653 38504 125 77490
389 36011 43095 127 207907
390 36175 61114 145 822742
391 36237 40304 25 22105
392 36587 37780 48 62725
393 36607 41466 17 20895
394 36761 40082 60 40086
395 36784 50414 6 18710
396 36971 43508 19 74407
397 37199 38910 6 4120
398 37233 41161 47 110002
399 37381 38585 9 6673
400 37622 39441 16 10255
401 37733 50038 9 36085
402 37845 38765 62 23389
403 38144 39894 4 3129
404 38228 38468 133 17228
405 38345 40755 39 18293
406 38409 40213 129 89215
407 38464 38663 5 351
408 38482 47049 49 203823
409 38520 43832 138 362354
410 38544 39255 13 2830
411 38653 41879 72 62828
412 38834 44275 104 218297
413 38877 48647 80 261337
414 39181 49190 44 294409
415 39273 53635 45 133991
416 39293 42632 124 115061
417 39487 44505 24 50569
418 39498 46850 101 150246
419 39610 42055 33 50165
420 39731 49494 49 271645
421 39831 42699 148 325338
422 39837 50111 130 866694
423 39932 45716 45 174271
424 39943 42669 46 32712
425 40129 47246 121 627332
426 40185 41921 104 56595
427 40306 42990 100 120802
428 40462 40677 15 2429
429 40501 42241 10 6843
430 40561 45882 17 61618
431 40777 47455 93 251393
432 40785 41362 126 59732
433 40914 50650 54 200998
434 40919 46930 10 32733
435 41052 41172 33 810
436 41066 57316 99 844561
437 41138 49771 26 53904
438 41490 42410 34 19254
439 41613 42347 75 57523
440 41649 50063 24 57258
441 41730 43361 7 3728
442 41765 42415 71 13102
443 41999 42820 20 5034
444 42001 47033 117 289613
445 42127 46946 27 41782
446 42130 44160 12 14978
447 42189 42400 11 2202
448 42202 51470 33 26685
449 42334 52560 76 431426
450 42361 50719 14 130765
451 42421 52142 57 172492
452 42448 53747 119 381865
453 42510 51491 91 159042
454 42690 59463 32 189446
455 42694 61769 23 510095
456 42764 45756 130 202675
457 42905 46416 108 176251
458 42962 55344 10 60487
459 43176 48428 8 12384
460 43240 45888 4 4084
461 43339 43794 108 30517
462 43414 43531 16 1702
463 43468 56225 85 566366
464 43582 46788 5 13191
465 43609 44318 56 12036
466 43610 50412 88 365155
467 43753 45505 129 85967
468 43890 52835 121 427795
469 43944 50803 110 176498
470 44026 47758 24 31034
471 44056 46360 24 16813
472 44087 46265 73 32291
473 44114 44588 82 39683
474 44134 54002 5 7267
475 44321 45600 45 34399
476 44338 44788 35 11717
477 44398 45565 83 43137
478 44483 45309 11 9183
479 44823 52239 150 481819
480 44827 55649 97 577522
481 44892 49918 71 221868
482 44967 51607 139 662676
483 45070 47006 87 122659
484 45077 49974 57 129704
485 45081 49990 81 314842
486 45092 48684 8 12683
487 45101 52136 8 18037
488 45172 49584 96 119491
489 45336 48804 118 201091
490 45466 49419 12 51656
491 45521 66760 6 76164
492 45640 46403 53 16903
493 45657 47254 70 26130
494 45676 51412 110 206914
495 45833 55210 75 373446
496 45843 48574 114 56418
497 45903 51367 14 61218
498 45961 48518 69 150349
499 45983 51000 67 209134
500 46120 49207 90 311142
501 46121 48030 149 52802
502 46255 64973 102 597580
503 46261 46284 5 267
504 46590 46997 73 8946
505 46660 47281 145 42425
506 46679 49354 15 28042
507 46842 50852 7 15928
508 47065 50655 43 36003
509 47202 51787 5 7629
510 47203 51978 47 134493
511 47306 72104 22 253950
512 48021 49374 38 20991
513 48166 51421 65 186789
514 48169 57069 47 155184
515 48420 55114 64 176462
516 48615 50350 15 14184
517 48631 51455 118 40847
518 48662 50389 44 56901
519 48708 53237 107 81454
520 49144 63946 132 903214
521 49150 49651 140 64761
522 49315 50983 8 6616
523 49350 49575 33 1994
524 49429 56779 55 96060
525 49562 56585 21 37962
526 49711 50638 33 14675
527 49801 50618 58 12456
528 49865 60794 107 593713
529 49971 66442 24 245512
530 49997 50686 29 7697
531 50173 56379 140 294963
532 50233 59999 86 346304
533 50302 54724 30 62111
534 50315 56988 11 20917
535 50344 50795 15 4925
536 50621 51830 17 5404
537 50947 51882 36 12574
538 51017 51214 25 3342
539 51056 55845 15 50847
540 51125 62966 40 142338
541 51135 56669 8 46013
542 51226 61736 41 91331
543 51354 51987 16 3700
544 51384 51716 61 25120
545 51425 53583 17 11541
546 51429 55490 60 98219
547 51487 62532 10 43408
548 51508 58970 19 63978
549 51567 52787 17 11682
550 51676 52267 65 18098
551 51689 56245 92 164611
552 51759 52805 61 17861
553 51814 62005 52 127163
554 51891 52493 47 67050
555 52026 53225 62 88359
556 52117 53776 30 14618
557 52212 59576 145 299971
558 52264 69246 46 284499
559 52390 59662 101 282648
560 52401 54117 13 4985
561 52447 52908 129 42676
562 52510 54778 9 15697
563 52563 54896 41 23830
564 52568 65558 104 466468
565 52671 53428 6 3179
566 52719 61072 66 81802
567 52974 55684 16 8413
568 53009 57527 106 101042
569 53143 55172 38 15113
570 53158 61970 137 566740
571 53175 53467 25 3261
572 53227 67907 115 1707646
573 53273 57003 86 247624
574 53316 53593 60 23500
575 53372 67572 116 638833
576 53375 55291 79 100644
577 53479 53701 136 8250
578 53539 57430 145 285631
579 53580 57057 25 52267
580 53869 55203 16 6090
581 53871 60374 73 219503
582 53902 62837 111 283677
583 54047 67530 89 780487
584 54051 57094 20 25903
585 54075 54421 92 26891
586 54376 58882 20 56396
587 54453 58831 5 10390
588 54464 58218 21 23338
589 54477 63328 6 8111
590 54496 56075 102 142795
591 54828 61595 22 51520
592 54942 57730 27 53975
593 55101 73143 21 218802
594 55206 57858 31 16880
595 55266 66048 17 221513
596 55433 60930 53 42584
597 55551 58739 23 79207
598 55575 59322 45 71431
599 55686 60403 42 73498
600 55895 59467 14 25489
601 55898 57463 26 15377
602 56178 56925 19 8912
603 56227 58846 25 17676
604 56307 62962 27 86322
605 56335 56910 61 11239
606 56432 62075 20 42787
607 56600 63961 11 36996
608 56802 76398 5 18141
609 56948 57422 119 44183
610 57060 63197 115 271828
611 57095 64548 147 754341
612 57704 60425 64 51508
613 57721 67984 26 360965
614 57726 60255 127 250440
615 57733 64873 26 57503
616 57759 71316 5 38666
617 57820 59481 95 176884
618 58155 64725 130 279288
619 58246 59109 5 3578
620 58273 60367 7 2049
621 58337 59669 22 6475
622 58380 65969 132 793222
623 58442 61120 10 10870
624 58633 67722 25 206252
625 58773 64600 104 185991
626 58785 65517 34 97552
627 58816 64336 9 9626
628 58871 62689 63 132182
629 58932 74973 13 44964
630 58941 65719 104 195212
631 59101 59178 121 7406
632 59123 66193 12 31683
633 59154 59407 14 6518
634 59316 69212 7 24874
635 59562 68520 95 260676
636 59578 59623 21 714
637 59717 66984 62 333757
638 59748 59880 116 7293
639 59753 64411 9 16779
640 59834 61528 32 47357
641 59882 61897 36 58563
642 60005 62632 8 6039
643 60019 85167 35 319192
644 60078 81597 98 1438485
645 60507 63378 63 47685
646 60647 80037 5 36454
647 60724 62028 83 67181
648 60731 62904 77 122001
649 60854 62265 37 15105
650 60949 62250 87 34552
651 60995 70643 80 116637
652 61033 61662 73 13333
653 61043 63918 20 72637
654 61104 66663 5 13278
655 61157 68569 5 31272
656 61194 64653 107 192803
657 61281 62776 39 62222
658 61397 63898 11 27796
659 61559 62813 114 55339
660 61661 76359 5 9375
661 62079 62216 20 1788
662 62166 69976 132 661571
663 62174 73750 81 122171
664 62280 64114 73 43984
665 62299 68935 123 167387
666 62311 66033 135 263816
667 62397 74856 108 3046803
668 62455 66753 35 53200
669 62673 64626 34 45729
670 62750 67492 82 175286
671 62864 63062 10 868
672 62927 71996 4 12480
673 62975 74113 63 402717
674 62996 80155 6 81026
675 63000 82181 64 703569
676 63051 63056 38 335
677 63084 67904 4 13476
678 63109 81535 54 2652292
679 63163 65055 38 33415
680 63208 63562 98 12981
681 63300 65411 125 177806
682 63370 63567 117 26820
683 63439 83237 10 126949
684 63477 68612 146 267909
685 63559 63825 35 4277
686 63633 88401 32 251457
687 64072 65646 115 93276
688 64103 70438 44 102823
689 64141 68701 42 84881
690 64351 66667 28 54378
691 64399 69013 54 106840
692 64402 66046 52 29494
693 64445 76403 20 270524
694 64468 70698 20 88469
695 64502 73395 141 292714
696 64528 68493 99 395251
697 64579 80958 23 43492
698 64586 67980 35 132559
699 64597 73788 9 23180
700 64707 68827 5 10390
701 64722 94060 48 508128
702 64783 65609 10 3615
703 64956 65205 33 3889
704 64966 64990 9 210
705 65046 83818 13 49300
706 65207 66256 72 10347
707 65208 70428 33 41474
708 65248 67580 70 62146
709 65278 67665 77 95013
710 65366 76347 79 416791
711 65490 69519 54 187290
712 65591 89098 14 131819
713 65610 68235 33 63198
714 65904 78388 38 181248
715 66125 73217 113 430433
716 66313 69318 63 55339
717 66362 72454 116 197019
718 66382 66393 37 190
719 66539 78618 126 634318
720 66570 68331 121 39154
721 66585 69301 102 169282
722 66718 78266 6 19955
723 66768 70189 122 159064
724 67055 79994 124 549501
725 67063 68572 119 41773
726 67131 68809 11 9054
727 67136 71026 85 334837
728 67138 67738 10 3848
729 67170 82451 76 843639
730 67289 71770 40 97832
731 67326 77407 8 46151
732 67356 73349 127 475399
733 67685 72410 21 41021
734 67758 70657 40 25254
735 67777 71734 65 145204
736 67946 70303 115 114662
737 68016 70176 85 27669
738 68076 71358 15 17240
739 68321 69270 137 112413
740 68359 73314 108 135820
741 68468 71000 22 37681
742 68502 71246 74 139453
743 68513 69308 9 5944
744 68515 76062 32 92611
745 68657 73739 49 267031
746 68770 84270 146 391495
747 68976 71969 113 144240
748 69091 79133 18 173346
749 69160 79309 75 891962
750 69545 84923 50 438955
751 69745 74890 7 26165
752 69762 79633 28 128120
753 69790 81124 5 20020
754 70240 72280 79 97028
755 70261 71573 27 20548
756 70290 70935 11 2946
757 70293 71975 123 122050
758 70351 86287 32 169508
759 70371 70983 141 69602
760 70388 84220 15 128976
761 70508 72595 28 18259
762 70544 72038 115 266017
763 70927 87777 17 304207
764 70954 79386 81 704925
765 70968 71226 136 29506
766 71007 79749 33 117799
767 71058 80863 9 33080
768 71171 73083 115 128842
769 71285 74286 39 120306
770 71427 74331 73 113615
771 71491 81221 10 83080
772 71541 84738 46 160842
773 71566 75550 49 41839
774 71898 76288 12 22465
775 71950 74833 87 347717
776 72155 97052 49 714448
777 72292 76550 28 89068
778 72487 78196 35 66053
779 72499 72558 73 1345
780 72524 81588 5 23466
781 72615 76648 16 22555
782 72648 74403 23 15832
783 72691 73232 47 6956
784 72797 77481 23 68874
785 72875 74183 97 58611
786 72883 73412 20 7006
787 72931 87628 100 506085
788 73047 76553 40 107927
789 73145 73302 36 4153
790 73318 75759 67 112438
791 73551 76139 49 77917
792 73866 75258 52 53132
793 73959 83670 119 295968
794 73972 76240 134 197498
795 74018 78271 122 122381
796 74127 75776 129 151388
797 74188 90051 34 438442
798 74336 76567 67 121731
799 74441 84645 120 1701378
800 74596 81177 36 108286
801 74682 74862 14 3306
802 74918 77096 133 114797
803 75014 77296 14 24013
804 75183 79468 114 156825
805 75232 81730 72 596529
806 75331 77095 9 5206
807 75621 86202 96 257857
808 75629 78903 34 91381
809 75805 78138 13 11841
810 75836 82933 51 146405
811 75939 86228 10 37569
812 75961 81801 105 212631
813 76058 76274 62 8822
814 76074 76123 75 2010
815 76291 85616 6 31541
816 76525 79233 33 45768
817 76699 80792 61 82330
818 76815 76997 64 14126
819 76908 88279 25 84148
820 77010 86114 13 27759
821 77230 88053 13 48854
822 77277 89305 68 514197
823 77334 78631 55 28729
824 77410 77624 41 4982
825 77574 78456 148 150960
826 77604 89269 70 214825
827 77777 86449 47 292255
828 77978 79018 65 44311
829 78144 93243 76 704133
830 78918 80119 20 6302
831 79011 79054 5 145
832 79071 83474 122 830801
833 79081 86882 7 16063
834 79267 81917 119 33491
835 79569 85220 74 116097
836 79642 81350 16 25355
837 79825 91160 41 110184
838 79873 79900 112 2853
839 79908 92286 60 407893
840 79985 95912 11 63694
841 80016 80052 48 1460
842 80256 89189 60 162691
843 80460 86361 137 538271
844 80586 83581 13 28863
845 80633 83340 67 70934
846 80745 84415 127 298590
847 80864 81091 10 887
848 81059 85056 105 100073
849 81093 83263 132 200085
850 81129 93194 27 201452
851 81198 82226 9 3787
852 81298 81337 49 1327
853 81586 86102 38 39906
854 81709 84904 37 43399
855 81814 86491 38 77305
856 82002 87573 19 50834
857 82054 93377 102 166910
858 82060 87726 97 349589
859 82124 86544 15 43074
860 82187 89711 5 16607
861 82211 89588 6 20265
862 82217 82612 125 37275
863 82265 90380 57 78520
864 82304 89773 11 24915
865 82374 84973 9 9687
866 82447 90040 139 1703998
867 82455 92157 140 1031854
868 82628 83081 122 28517
869 82658 83744 150 33710
870 82707 84522 6 3377
871 82719 85459 100 24563
872 83119 90406 14 37509
873 83439 84219 34 14653
874 83564 90881 34 58737
875 83623 94805 8 25820
876 83981 85279 38 22490
877 83993 89048 64 46815
878 84086 84104 34 673
879 84123 86729 134 122387
880 84150 84458 17 3036
881 84253 87493 12 8482
882 84272 93007 64 299053
883 84278 87934 68 115091
884 84319 88964 21 34912
885 84526 94681 118 803448
886 84562 87589 133 100703
887 84678 92165 142 389343
888 84780 84960 58 4271
889 84919 91204 5 40645
890 85062 87838 68 103564
891 85217 88104 19 6731
892 85437 91290 100 418946
893 85455 88326 141 256871
894 85516 88853 81 151517
895 85576 97175 113 535124
896 85610 91251 17 25134
897 85809 87565 86 71550
898 85864 89489 130 492306
899 86085 96204 132 566992
900 86087 89641 101 457428
901 86165 86352 52 4955
902 86212 91882 6 29532
903 86225 88269 126 89872
904 86293 87154 73 38232
905 86591 88604 15 24760
906 86746 90665 8 35487
907 86849 87811 131 136510
908 86888 88693 130 194820
909 87004 89704 61 131226
910 87043 90263 6 5274
911 87063 91328 119 216197
912 87160 87594 71 7761
913 87163 97514 146 342096
914 87331 95028 100 351678
915 87355 98098 5 25043
916 87433 91552 52 430652
917 87455 91450 5 23194
918 87561 90870 139 154865
919 87634 95243 7 10596
920 87652 91257 36 36982
921 87689 96084 5 18343
922 87752 90619 76 214606
923 87786 94091 9 26468
924 87942 91193 88 195519
925 87948 97298 10 22975
926 87961 88050 4 125
927 87977 90983 130 217672
928 88010 94522 38 77315
929 88118 92071 23 28913
930 88295 89894 28 30248
931 88337 89134 85 22324
932 88449 94874 61 343473
933 88454 92344 79 69573
934 88494 89408 99 31301
935 88573 89070 26 3400
936 88858 92184 34 84309
937 88875 94718 32 125874
938 88935 98434 40 115314
939 88944 90949 131 245190
940 89087 96623 57 146713
941 89118 95229 104 266976
942 89183 91194 31 23371
943 89379 97285 71 313103
944 89405 97706 64 220502
945 89512 90997 115 37433
946 89625 90400 138 99174
947 89738 94732 149 181683
948 89941 93455 149 365785
949 90164 92635 17 10310
950 90167 93480 11 30928
951 90460 91185 63 33777
952 90539 93391 62 68793
953 90622 94386 81 76674
954 90674 92218 12 3729
955 90731 96947 90 279289
956 90751 92358 26 19924
957 90898 97381 125 494825
958 91100 95271 44 171943
959 91274 92005 26 7034
960 91404 91537 73 4294
961 91424 98587 102 352531
962 91539 99330 6 13029
963 91878 92823 121 49183
964 91999 92782 48 7785
965 92214 93811 102 44518
966 92487 95336 5 9137
967 92544 97787 49 105562
968 92609 96281 127 235972
969 92912 93016 56 1576
970 93043 98806 102 129295
971 93086 93916 74 28888
972 93221 94043 33 17935
973 93225 96958 81 189406
974 93355 94877 99 51437
975 93477 93886 97 30222
976 93633 95080 18 14071
977 93697 98833 65 249752
978 93705 93813 16 600
979 93734 94639 115 27492
980 94648 98133 70 98168
981 94964 97486 20 29855
982 94966 97885 5 5278
983 95102 97284 24 8032
984 95195 96442 7 3545
985 95330 98372 11 41944
986 95399 96096 33 5264
987 95561 99213 99 148510
988 95703 96234 61 10159
989 96464 97788 30 7835
990 96579 97375 8 2654
991 96613 99214 9 17264
992 96946 97441 18 4339
993 96995 97142 131 25204
994 97028 99147 121 143447
995 97212 98124 27 2524
996 97261 99816 70 100184
997 97655 99655 61 67439
998 97781 98721 119 56707
999 97876 99689 7 12914
