50 1000 0.001
....#.#..........########.........................
...####............##.............................
....###.............#................#............
...#####.....................#.#...###............
#....###.#..................####..###.............
#####.######...............#####.#.##.............
...####..#..................##########............
.##.#####..................####..######...........
.###.####...................###...###.............
#####..................##.##.#....#...............
#######..##...........######......................
##########..............##........................
########.........................................#
.######.......................................####
..#.##..........................................##
.................................................#
.....##..........................................#
..#####..........................................#
..#######................##.......................
##########................##......................
....##.##...............####.#....................
....##.##...............######....................
....#...#................####.....................
.........................###......................
...........##...#........####.....................
...........######.......####......................
..........######.##......###......................
...........########....##.#..........#............
..........######..##..#.#######......#............
............####.....####...###......##...........
............#..##..#######.####......##...........
............#.......#..##.#######....#####........
............#........############....#............
....................##.#.#.#.###....######.#......
.......................#.....#...###########....#.
............................#######.####.#.#.####.
.........#..................###.########.#.######.
.........#.....#...............########..####..###
.......####.##.#...............##########.########
......#####.#######............#..##....#..#######
.......#######.##.............##..#.......#####.#.
......##.#####.##..............##.........#..##.#.
......#######.###.............##..........#..#....
.....########..####..........###.#................
....####.#.###................#####...............
.....#.#..###...####........######................
.......#..###..###..........##..##................
..........##....###.##.......#....................
...........##..###.##.............................
...............######.............................
0 15 12196 139 268834
1 27 973 26 5258
2 40 6762 27 96812
3 56 2872 126 165941
4 76 1212 86 46499
5 191 4458 5 6032
6 230 5507 140 301063
7 511 7622 128 722618
8 623 6778 138 477966
9 768 6834 8 47454
10 804 1147 10 4123
11 831 3528 101 49894
12 886 3567 9 7797
13 984 3722 5 4707
14 1189 8305 81 396523
15 1220 3049 52 28036
16 1225 1340 56 1984
17 1422 6567 53 205058
18 1465 4173 4 6074
19 1480 12735 37 279275
20 1488 6823 132 201454
21 1573 2127 29 18191
22 1619 3452 38 23497
23 1863 2559 13 8080
24 1921 8841 40 84827
25 2090 3965 5 18442
26 2219 8286 133 201795
27 2231 15338 4 26582
28 2235 3373 31 13258
29 2398 8276 26 97446
30 2403 5838 140 113970
31 2445 10567 38 72979
32 2577 5726 137 77002
33 2653 9157 75 326002
34 2777 9990 58 220507
35 2839 3578 118 68532
36 2897 10218 33 104809
37 2962 4624 84 58813
38 3138 5301 108 335678
39 3140 6292 97 66456
40 3302 4318 94 54028
41 3381 6398 61 51353
42 3408 4323 10 2432
43 3473 6831 29 22984
44 3504 4407 24 13177
45 3579 25490 117 448103
46 3587 9216 6 9738
47 3677 7542 55 34396
48 3935 6599 64 93032
49 4078 5134 22 7964
50 4148 10746 44 91685
51 4166 7567 42 112674
52 4279 5934 100 81439
53 4493 16769 42 233524
54 4527 7312 32 21632
55 4650 11211 36 64583
56 4788 11056 43 109104
57 4914 10790 38 53465
58 4950 5676 148 61760
59 5046 6928 9 7758
60 5145 5978 29 6330
61 5151 19359 56 238293
62 5173 12646 112 496781
63 5490 20388 11 92736
64 5673 16421 136 778836
65 5701 10794 104 199035
66 5826 6162 83 15313
67 5829 8040 108 148677
68 5977 12501 89 195502
69 6003 10149 69 132609
70 6051 9785 137 386048
71 6053 22199 41 302743
72 6178 16062 81 299836
73 6297 9972 98 258632
74 6307 7513 22 16518
75 6352 7288 53 46836
76 6405 17931 69 211121
77 6436 11008 27 101349
78 6850 27858 99 658616
79 7035 9537 48 52670
80 7049 7530 116 16016
81 7086 12926 69 280190
82 7148 10832 6 22304
83 7184 12396 140 185381
84 7197 10883 70 91634
85 7360 8070 73 19674
86 7450 10588 56 93358
87 7611 9405 7 4641
88 7661 11235 74 161823
89 7671 8861 66 42405
90 7712 17897 40 121740
91 7723 8919 38 25666
92 7729 11402 4 3690
93 7789 13405 33 27007
94 7818 13272 68 224128
95 7906 16553 73 355382
96 7921 29060 148 1512091
97 7934 10824 17 16329
98 7987 8796 15 4551
99 8044 16749 134 355364
100 8146 19472 9 31381
101 8171 11313 125 231589
102 8191 14215 95 138341
103 8323 14293 36 53034
104 8660 20187 33 185269
105 8675 9418 22 9472
106 8996 11539 88 109106
107 9046 16368 21 201598
108 9314 11449 122 235225
109 9374 9490 16 1933
110 9497 13359 84 96453
111 9822 10007 74 14622
112 10267 10713 13 3035
113 10478 18611 123 935554
114 10524 10981 28 9458
115 10541 13597 42 32359
116 10691 13137 136 161566
117 10885 13724 68 72036
118 11128 13829 13 13022
119 11218 11675 121 17054
120 11285 15601 7 17302
121 11337 20403 37 313602
122 11345 19056 13 28958
123 11383 19878 14 26330
124 11387 16634 11 23174
125 11554 17926 70 65055
126 11868 13652 93 49174
127 11905 23844 89 216833
128 11998 13748 26 20529
129 12356 13025 123 47459
130 12620 32571 59 373893
131 12630 20641 26 90592
132 12655 16447 16 21085
133 12670 15784 144 151145
134 12912 17668 118 147722
135 12982 14003 67 46010
136 13174 13633 100 24662
137 13219 17830 99 212816
138 13227 13554 77 5273
139 13385 16233 49 68169
140 13494 16985 10 14108
141 13681 15609 10 2840
142 13737 16257 95 106066
143 13828 28646 147 700773
144 13899 19251 16 23483
145 13930 16582 23 56137
146 13965 21661 41 154143
147 13973 19617 105 220348
148 14095 20870 19 89417
149 14160 16161 20 10191
150 14218 15978 74 67139
151 14298 15674 8 9082
152 14435 18175 7 11151
153 14481 17345 69 54491
154 14502 17197 5 4105
155 14658 18170 11 14949
156 14710 19988 47 57874
157 14733 15209 79 12291
158 14774 15072 135 18990
159 14817 17762 121 203844
160 14872 35471 28 169927
161 14919 18306 150 86664
162 14924 20958 74 149524
163 14997 22710 4 12487
164 15153 17402 98 51104
165 15325 17084 57 43417
166 15418 16827 12 14082
167 15448 19094 20 48958
168 15651 18375 9 15155
169 15656 16262 7 2298
170 15666 16079 137 19513
171 15675 18616 57 46991
172 15677 22377 6 32345
173 15759 19400 39 28498
174 15781 17783 12 3397
175 16080 18840 37 69259
176 16085 18987 28 36208
177 16194 16620 8 949
178 16345 25437 22 108514
179 16393 23700 106 445632
180 16406 27322 86 366906
181 16513 16635 13 1293
182 16535 22388 9 27446
183 16938 17541 120 115001
184 16997 19717 15 22132
185 17040 17371 14 2309
186 17065 31007 21 140224
187 17067 22158 21 38862
188 17130 19386 18 23449
189 17396 20088 120 305030
190 17410 20431 87 288414
191 17420 25024 14 19452
192 17510 20411 142 168239
193 17535 20002 36 23326
194 17658 23431 39 66415
195 17738 20603 4 6673
196 17844 25679 62 143307
197 17885 30897 54 443710
198 17939 21571 62 62055
199 18047 23372 82 310585
200 18056 26158 45 45278
201 18351 20185 81 58673
202 18457 20940 64 61980
203 18477 20353 19 3762
204 18531 19510 115 29273
205 18657 24124 72 204271
206 18688 20320 5 6970
207 18697 21483 14 67907
208 18724 19191 85 12808
209 18759 19719 121 72547
210 18821 20338 15 19903
211 18907 20693 9 10840
212 19154 28458 96 477680
213 19253 30167 110 1480719
214 19300 26078 53 126943
215 19352 38472 20 93071
216 19503 24530 94 373320
217 19523 21825 18 29428
218 19535 19547 43 644
219 19577 19978 48 16978
220 19673 20080 119 96171
221 19835 33872 35 78592
222 19873 35213 81 702326
223 20015 26119 52 19960
224 20043 20148 7 275
225 20048 21734 64 50434
226 20078 22903 33 34471
227 20167 26232 46 258970
228 20296 32050 28 111794
229 20525 29856 40 69087
230 20572 22800 123 211877
231 20615 21764 59 83772
232 20711 21655 35 23094
233 21007 25015 134 322232
234 21178 21642 31 11750
235 21217 27994 38 228884
236 21225 27291 60 155556
237 21242 26317 4 8116
238 21279 36108 10 72678
239 21400 22891 74 59618
240 21482 22652 23 5179
241 21491 21831 40 3058
242 21534 22676 39 81662
243 21600 22312 6 3230
244 21696 25085 97 156284
245 21720 23847 17 14358
246 21993 29267 101 356737
247 22081 24285 116 385339
248 22085 22695 73 34455
249 22520 25130 132 207021
250 22687 32292 89 229690
251 22741 25284 91 139543
252 23115 23300 86 7493
253 23173 24391 112 23368
254 23547 25896 12 8903
255 23574 27663 17 42256
256 23605 26739 79 63940
257 23649 25183 65 65911
258 23857 30522 16 189312
259 23893 25738 35 34695
260 23903 32270 113 336179
261 24030 26499 57 41743
262 24242 27667 40 42318
263 24254 31495 23 98093
264 24431 27244 14 42275
265 24454 27029 61 110516
266 24669 31851 95 360979
267 24693 39208 21 272342
268 24884 33442 21 98776
269 24910 32499 85 318695
270 24981 25411 7 1988
271 25124 26574 24 10194
272 25191 27063 142 181358
273 25313 29440 109 310459
274 25633 31418 89 268371
275 25640 27210 4 2062
276 25644 27648 82 98907
277 25684 35738 91 408521
278 25957 43347 51 274867
279 26052 31200 12 12475
280 26112 29198 94 150607
281 26438 28286 11 4092
282 26508 27025 107 11603
283 26545 28017 31 50663
284 26672 37747 5 41994
285 26849 29418 43 73588
286 26914 27176 7 797
287 27060 27903 46 9571
288 27107 29252 5 10683
289 27129 30763 138 258104
290 27307 31601 32 37702
291 27458 39232 129 230592
292 27463 29028 116 108910
293 27558 34797 51 65323
294 27595 38952 26 146074
295 27616 31878 19 27931
296 27649 59401 32 339340
297 27698 30066 67 64038
298 27700 30322 140 90808
299 27807 30601 51 44290
300 27842 29064 7 5698
301 27937 28167 56 6079
302 27979 37168 14 47005
303 28047 31659 126 175231
304 28247 34804 104 135718
305 28408 32614 94 71766
306 28436 36035 111 522325
307 28710 34657 18 60779
308 28732 36866 16 52150
309 29049 32777 73 72931
310 29395 29417 35 537
311 29478 31622 59 55970
312 29502 29595 51 3417
313 29511 37061 21 39122
314 29542 31491 86 117312
315 29715 32374 135 224082
316 29788 32494 114 94600
317 29819 32805 47 35265
318 29981 36789 49 332780
319 29995 37175 89 264419
320 30169 31260 39 52107
321 30239 34149 88 157340
322 30403 43437 29 329846
323 30479 33134 131 229748
324 30607 30727 142 7076
325 30798 30814 55 541
326 30854 33831 136 164260
327 30865 37887 6 20926
328 30923 43296 55 708476
329 31084 32155 13 16562
330 31099 42839 126 309310
331 31173 34045 9 6549
332 31189 31653 38 26198
333 31301 32156 125 61992
334 31588 35056 140 257265
335 31639 46553 38 450300
336 31665 37252 52 154366
337 31684 34570 6 9127
338 31726 40292 6 8104
339 31828 35121 24 26878
340 31908 42004 29 112844
341 31928 35205 68 54768
342 31957 40972 146 301639
343 32020 32797 8 5673
344 32052 38723 18 134785
345 32162 38101 121 250529
346 32393 34567 72 65497
347 32822 32983 121 9752
348 32876 37787 76 69939
349 32887 32990 16 1080
350 32909 41465 30 25195
351 33111 44212 131 811494
352 33155 41470 43 44866
353 33436 48621 45 335557
354 33473 34604 13 7299
355 33910 47077 5 21481
356 34059 35108 17 4363
357 34219 34591 53 10622
358 34262 38058 64 58046
359 34282 45082 125 533491
360 34332 42543 96 117648
361 34539 41256 92 268118
362 34800 41365 114 225187
363 34805 41558 24 82032
364 34870 37554 54 33063
365 34873 62900 112 695405
366 34924 48834 55 233976
367 35163 53152 87 527460
368 35440 51507 85 395658
369 35488 43263 32 182187
370 35491 35890 145 34688
371 35551 40782 99 457581
372 35883 41320 88 192831
373 36012 42756 21 28577
374 36045 41222 18 29231
375 36230 43117 11 40288
376 36267 50661 56 397923
377 36427 58500 22 133219
378 36460 38063 5 4662
379 36561 37080 9 4053
380 36731 36806 48 2020
381 36742 37540 73 53077
382 36991 41875 73 324272
383 37027 37827 106 35550
384 37049 51608 6 36841
385 37188 43398 31 126247
386 37224 38671 14 7355
387 37233 42688 117 460940
388 37253 42307 142 606628
389 37479 38312 126 83737
390 37546 38350 69 26805
391 37590 40117 17 23336
392 37614 40717 98 165945
393 37655 37682 116 6192
394 37668 45124 72 99107
395 37729 40003 16 19628
396 37735 42391 74 110693
397 37765 41833 94 785998
398 37899 41462 27 69029
399 37986 40966 62 44922
400 38001 47644 31 258009
401 38321 42413 9 39646
402 38448 44043 63 134552
403 38532 38821 10 1051
404 38594 39423 15 9822
405 38717 59160 100 500184
406 38740 44626 46 112510
407 39033 46600 29 61156
408 39424 41974 43 44792
409 39518 39530 19 348
410 39698 39898 82 5150
411 39757 44570 77 131899
412 39790 52554 85 865167
413 39805 45123 15 20692
414 39833 42888 27 49615
415 39995 48189 11 23588
416 40336 46071 26 52627
417 40339 48295 139 398763
418 40364 43679 150 246522
419 40574 47609 140 562497
420 40575 41224 59 12510
421 40775 46745 24 39115
422 40975 54752 20 72691
423 40997 42784 93 26516
424 41174 51014 18 67664
425 41341 44214 10 21515
426 41599 47874 16 17767
427 41757 43388 9 13987
428 41778 55600 67 224325
429 42292 42525 77 10162
430 42308 56552 66 259235
431 42315 46862 114 315851
432 42443 45545 35 153806
433 42563 43606 16 7371
434 42726 45934 52 184301
435 42851 48287 107 184766
436 42911 49071 145 650144
437 42949 44686 22 8978
438 42979 48548 55 81627
439 43021 45243 100 126677
440 43108 46647 37 130956
441 43164 61464 7 83693
442 43206 56997 133 618499
443 43259 47559 88 202511
444 43270 45920 52 59216
445 43316 61370 46 279296
446 43361 43673 43 10718
447 43432 43535 24 3134
448 43509 44619 4 3922
449 43560 44729 138 35960
450 43597 52733 122 203276
451 43810 52681 16 116566
452 43852 59226 137 404859
453 43924 60084 90 526920
454 43927 54712 11 19191
455 44207 50390 14 51384
456 44321 45810 53 51337
457 44448 53485 90 1357606
458 44486 58809 17 60863
459 44522 48311 66 126214
460 44523 50009 127 255764
461 44632 46722 94 32791
462 44654 54776 112 318235
463 44743 47707 44 61788
464 44770 51790 9 19619
465 44832 51101 6 23295
466 44931 46933 14 2746
467 45034 50174 19 23215
468 45100 47046 113 202527
469 45288 45685 91 14753
470 45315 51082 50 166091
471 45361 48072 50 76690
472 45424 47859 139 199980
473 45511 51732 25 118982
474 45609 47219 98 86787
475 45666 46597 27 6942
476 45708 47744 59 59830
477 46085 46579 111 11009
478 46246 54188 12 29247
479 46254 48183 50 28859
480 46412 47176 135 89514
481 46501 47198 52 10481
482 46569 59333 107 596146
483 46622 47056 33 5930
484 46854 53149 23 76144
485 46877 55038 61 158235
486 46885 51818 39 199217
487 46977 49023 46 40888
488 47000 48996 8 6170
489 47009 59005 6 15071
490 47026 50934 46 62719
491 47149 47311 108 16335
492 47201 48581 101 45839
493 47486 49314 18 37995
494 47506 55108 99 174522
495 47520 52182 64 305961
496 47749 53245 86 360466
497 47783 62915 91 526956
498 47813 51197 132 436459
499 48010 49342 117 103577
500 48055 55219 127 513614
501 48067 48373 17 3522
502 48172 57767 14 42453
503 48430 59173 28 162610
504 48466 53175 90 136480
505 48467 49808 9 8075
506 48475 61873 43 65699
507 48492 50184 6 2826
508 48703 49641 149 108341
509 48724 51566 15 11230
510 48917 53029 33 84743
511 49064 59797 56 884138
512 49204 62468 127 1107410
513 49283 52687 149 235634
514 49487 58493 10 64013
515 49557 50864 147 90050
516 49643 49857 16 2091
517 49649 52437 129 70147
518 49830 53706 65 185613
519 49846 53284 113 380001
520 49855 60553 14 42755
521 50020 59498 84 167780
522 50101 50118 72 1642
523 50159 51948 32 59930
524 50258 50653 21 5330
525 50291 52515 73 44842
526 50305 53368 24 44599
527 50504 52609 5 5056
528 50559 54493 5 5297
529 50682 74113 147 1331675
530 50751 67427 105 2126405
531 50825 51412 20 3543
532 50923 53823 94 168418
533 50955 53765 12 9281
534 50970 54461 6 9195
535 51175 64010 132 830658
536 51323 52998 83 168172
537 51570 55988 85 331115
538 51627 52044 4 1601
539 51922 55786 9 21020
540 51933 53535 14 5032
541 52052 53256 31 32598
542 52123 53533 41 18990
543 52146 54430 5 4869
544 52158 56436 36 91751
545 52192 53104 72 19104
546 52234 63705 16 54827
547 52238 53305 19 7557
548 52303 52533 108 7062
549 52317 57799 43 80630
550 52544 56740 103 116221
551 52708 53971 37 28544
552 52786 54205 110 106640
553 52805 56818 60 111546
554 52904 66652 77 226362
555 52927 53321 143 33625
556 52963 61461 5 10164
557 53100 58596 5 21534
558 53166 53211 75 3244
559 53440 53874 31 4385
560 53445 60362 44 66788
561 53530 58071 16 71999
562 53539 54826 113 68225
563 53628 58635 141 378230
564 53712 55045 122 76615
565 53821 54447 125 83996
566 53881 54667 16 5094
567 53918 54734 33 20869
568 54001 60791 55 241411
569 54066 65380 83 554844
570 54113 59375 33 74225
571 54159 56171 26 37009
572 54288 61800 104 263734
573 54318 55425 105 56546
574 54407 60645 135 307315
575 54542 73429 109 419668
576 54584 56580 80 70140
577 54592 59626 33 64920
578 54594 57088 4 1873
579 54719 59162 29 45640
580 54874 56657 108 105219
581 54888 67444 83 762438
582 54897 57621 149 963162
583 55059 55377 62 11956
584 55185 64802 6 37301
585 55392 60364 21 197687
586 55415 56324 117 66819
587 55473 59489 123 304653
588 55529 61583 132 218332
589 55534 56992 93 25151
590 55630 55750 57 2340
591 55801 60373 49 38110
592 55963 58098 57 89206
593 56064 58924 107 303496
594 56086 58708 24 20729
595 56089 57538 5 4063
596 56176 58822 119 116855
597 56200 59961 58 55189
598 56272 58558 79 33234
599 56355 64477 85 807133
600 56428 58262 53 55532
601 56445 58608 93 52582
602 56506 65054 4 9249
603 56592 65114 30 100783
604 56775 58080 67 29481
605 56834 61173 61 125197
606 56933 60977 29 50745
607 57328 60790 18 13505
608 57350 58321 14 7307
609 57438 64141 29 75672
610 57761 61788 14 17262
611 57961 64254 4 13333
612 57982 58411 7 629
613 58018 61465 115 229861
614 58093 58782 90 20692
615 58148 76471 83 1380539
616 58190 66977 62 92826
617 58200 68064 50 207626
618 58276 65501 113 412394
619 58308 61294 115 173936
620 58510 58792 7 758
621 58581 60098 34 108684
622 58663 63890 42 82574
623 58804 73496 116 742240
624 58820 61160 73 325137
625 58846 62406 65 139753
626 59082 61949 25 14370
627 59202 66129 19 72667
628 59377 59726 118 18411
629 59458 59553 66 2844
630 59533 64600 32 46594
631 59588 64564 7 22930
632 59597 62434 26 12000
633 59633 60001 32 23912
634 59662 70023 126 914122
635 59725 62217 146 283875
636 59770 75098 90 879507
637 59834 73966 57 200993
638 59835 60057 53 4979
639 59910 65640 42 79677
640 59920 68584 6 20783
641 59947 61404 46 33784
642 60073 64341 140 263861
643 60247 65347 50 107511
644 60297 61563 10 2471
645 60344 75197 96 647587
646 60376 78457 6 33414
647 60431 61089 81 22744
648 60495 61888 96 173489
649 60496 60690 5 441
650 60541 60899 66 12225
651 60675 62958 24 18028
652 60684 62717 19 15828
653 60685 63481 146 334324
654 60727 64657 18 94349
655 60751 63734 107 97278
656 60761 65623 28 41199
657 61254 62363 5 2539
658 61573 75181 26 85885
659 61691 64931 25 23516
660 62248 63382 40 9346
661 62337 84037 5 91053
662 62364 64884 26 40477
663 62438 65497 48 20821
664 62479 66573 10 20633
665 62657 69589 33 90615
666 62714 62826 72 3107
667 62749 63816 5 5611
668 62783 84148 41 615757
669 62985 65661 102 78080
670 63084 74180 84 411207
671 63231 66035 59 22853
672 63662 64970 88 65592
673 63909 73375 9 66463
674 63938 65697 36 9624
675 63965 65842 17 27781
676 64032 71399 9 74700
677 64143 69889 18 121903
678 64328 68914 48 97209
679 64433 69778 149 203524
680 64486 66201 33 34288
681 64598 73293 83 223209
682 64660 70800 84 121405
683 64694 68307 8 7320
684 64757 77335 13 51904
685 64930 70077 12 47475
686 64965 65677 87 11096
687 64966 70220 99 121672
688 65036 74258 61 645715
689 65139 69049 111 65650
690 65182 72699 75 230233
691 65535 68186 28 21840
692 65543 74861 91 406629
693 65944 87654 87 624146
694 66074 88128 150 964735
695 66087 71440 61 167697
696 66188 73630 7 22325
697 66235 71144 35 98612
698 66274 75826 76 355027
699 66300 66498 11 892
700 66354 71394 131 346576
701 66455 68482 94 58575
702 66473 69458 11 19253
703 66669 76207 51 247740
704 66842 69924 149 285644
705 66863 72134 75 141418
706 66941 72259 70 757329
707 67156 68667 94 26961
708 67536 81051 130 488317
709 67679 68866 147 114392
710 67690 73344 5 21764
711 67784 75231 6 17261
712 67811 70344 60 43833
713 67825 68546 101 51721
714 67859 70096 5 3664
715 68229 68319 46 2678
716 68313 70502 103 169896
717 68329 74601 78 175280
718 68338 70952 95 123628
719 68386 68938 27 20041
720 68681 76820 149 183661
721 68812 73192 55 103686
722 68815 74752 98 96789
723 69029 79742 76 406706
724 69089 71476 137 111390
725 69097 73591 31 49987
726 69123 71525 26 63139
727 69127 70055 87 29886
728 69210 70437 11 7297
729 69573 76669 39 124734
730 69633 74183 11 35477
731 69704 83096 30 120473
732 69712 73781 85 117576
733 69732 70445 109 18965
734 69788 74937 74 77435
735 69811 71131 102 116599
736 69958 78601 52 183572
737 70135 73111 6 8799
738 70155 70446 64 15931
739 70179 70234 149 5272
740 70198 71383 14 11277
741 70216 73423 62 23295
742 70453 76238 31 149004
743 70456 81127 74 494569
744 70625 75764 141 236836
745 70630 71932 29 19419
746 70856 76368 28 76689
747 71052 75992 64 89805
748 71254 75505 46 84058
749 71300 88667 63 645697
750 71550 78183 5 18793
751 71552 79641 20 78632
752 71698 81095 10 91382
753 71759 74875 99 145585
754 71784 75395 24 79308
755 71845 72695 72 21544
756 71949 74148 23 38155
757 71971 75132 111 208369
758 72102 80034 7 23428
759 72455 77741 137 617544
760 72461 73475 23 8358
761 72563 75053 51 135849
762 72594 74327 35 38421
763 72683 77671 131 277762
764 72800 78113 12 42844
765 72869 77559 87 153291
766 72934 79350 138 552649
767 73038 75673 69 102025
768 73072 74965 35 19872
769 73076 77543 43 28620
770 73197 75214 100 139106
771 73221 77319 22 39999
772 73228 75685 16 13702
773 73426 82271 100 478902
774 73446 79241 14 24792
775 73465 76697 18 17679
776 73618 83751 94 207808
777 73673 79895 56 400825
778 73769 74029 126 13114
779 73880 76680 62 82514
780 73915 74417 109 13408
781 73980 85016 40 148863
782 74034 81271 98 719646
783 74072 74932 77 68518
784 74279 77519 63 119194
785 74489 78738 81 78840
786 74553 79928 82 423748
787 74817 79923 5 11594
788 74863 75039 87 7477
789 75043 77493 5 2705
790 75094 80465 76 65960
791 75125 75250 14 889
792 75139 78329 55 87481
793 75146 77815 41 68288
794 75481 76604 119 29039
795 75643 76036 83 15192
796 75705 93547 100 300843
797 75849 88670 6 49719
798 75854 81877 14 74320
799 75936 77836 79 63360
800 75947 81459 45 89491
801 75965 77704 103 61444
802 76327 76971 116 34356
803 76551 79075 48 31950
804 76811 77571 68 14592
805 76815 76935 52 3954
806 76822 84186 114 396556
807 76835 78215 127 83732
808 76877 80140 62 95734
809 76981 82902 29 91186
810 77279 89395 90 731251
811 77317 81761 87 83989
812 77351 77592 26 3349
813 77385 88319 8 17779
814 77530 82437 97 171284
815 77965 80495 101 206891
816 78000 79702 9 2625
817 78123 79961 34 27685
818 78124 80883 27 87259
819 78131 79337 13 12633
820 78274 79851 90 45993
821 78303 91780 106 792590
822 78324 79543 29 23812
823 78543 79839 16 16277
824 78832 90281 109 724070
825 79128 80707 4 3674
826 79171 80009 13 4150
827 79236 80335 96 36702
828 79442 92628 81 854210
829 79503 82046 101 35154
830 79845 89259 5 26671
831 80173 81298 40 20369
832 80208 83854 58 163109
833 80393 82136 99 66315
834 80602 85236 10 24540
835 80740 82886 144 45374
836 80789 89906 138 715645
837 80860 93081 14 113486
838 81112 98988 91 582947
839 81113 82259 24 10928
840 81153 84754 28 52475
841 81208 82933 41 32484
842 81216 91206 143 1186086
843 81418 84018 49 18564
844 81508 83411 72 38227
845 81602 87013 37 40496
846 81653 86850 19 101561
847 81755 85017 112 342316
848 81797 88198 119 548826
849 81854 82549 14 8193
850 81989 91647 28 36165
851 82006 90769 18 50149
852 82098 84484 8 13261
853 82155 86587 5 25403
854 82288 97090 23 114780
855 82380 92045 61 55839
856 82426 83233 48 23030
857 82529 88563 65 355010
858 82558 85538 134 182672
859 82582 87601 124 172572
860 82596 89739 36 58125
861 82845 83665 73 17702
862 83136 86045 86 207044
863 83181 84806 103 164633
864 83275 89144 62 65485
865 83496 90259 25 28710
866 83501 83580 23 828
867 83694 92558 35 77123
868 83699 85565 9 5259
869 83705 91112 113 377715
870 83781 86108 58 48129
871 83795 86830 119 335302
872 83798 84141 42 9266
873 83849 84035 107 19519
874 83999 84471 133 79175
875 84121 85199 47 36882
876 84182 91345 74 496581
877 84228 88812 40 139654
878 84234 92369 99 344385
879 84309 88342 32 101302
880 84381 84940 47 13447
881 84477 88015 41 51468
882 84585 85962 48 41340
883 84805 88773 107 226484
884 85191 88492 8 27111
885 85235 95435 8 42321
886 85240 85411 113 13222
887 85315 90201 11 42404
888 85334 88032 6 6588
889 85374 87009 33 41617
890 85384 94323 77 353227
891 85484 86261 30 15405
892 85489 87725 113 210029
893 85757 92248 22 28304
894 85774 88173 80 105476
895 85803 90901 12 45489
896 85857 90734 12 29204
897 85890 86064 22 2172
898 85908 97973 78 511019
899 86083 87154 130 17213
900 86143 92648 25 137316
901 86183 87358 49 49275
902 86372 90897 127 191382
903 86456 87397 72 27568
904 86909 96261 12 34960
905 87214 88993 129 56776
906 87226 89579 18 11349
907 87228 89070 42 75603
908 87285 89167 11 11695
909 87536 91639 13 26492
910 87543 89448 119 133757
911 87648 92127 12 29140
912 87818 87968 121 11034
913 88043 89589 21 7715
914 88091 88569 135 95459
915 88206 88684 122 22783
916 88662 90744 14 20710
917 88696 97062 145 183771
918 88735 90857 138 184656
919 88873 92414 17 20585
920 88915 90279 77 43142
921 89074 89330 43 10378
922 89078 99761 19 190688
923 89157 89398 9 1593
924 89307 95667 12 64511
925 89449 91556 9 4670
926 89472 93168 9 6449
927 89473 92993 49 132715
928 89555 91819 128 71965
929 89676 92690 5 10106
930 89685 91673 19 31850
931 89944 95267 11 8689
932 89979 94974 63 137362
933 90070 90613 64 19874
934 90147 93121 65 108363
935 90207 90782 113 21641
936 90518 90872 130 10450
937 90520 92897 101 155409
938 90540 91519 35 21190
939 90680 92582 93 256313
940 90982 92766 91 68310
941 91144 97212 11 22982
942 91347 94056 15 14503
943 91462 96424 78 182810
944 91733 98659 88 458672
945 91792 96143 59 100686
946 91942 98298 52 180268
947 91963 95965 65 114708
948 91971 93368 84 34302
949 91991 92076 69 2127
950 92011 94048 86 120464
951 92459 93293 97 72155
952 92610 97312 24 89691
953 92667 93690 18 18906
954 92699 93334 10 4293
955 92771 95644 40 40138
956 92813 93039 149 39507
957 92833 95084 124 157856
958 92969 94444 29 27629
959 93063 96454 105 382832
960 93120 95370 110 33588
961 93266 99623 16 30053
962 93313 95504 79 82262
963 93349 98151 37 81074
964 93566 95549 75 36016
965 93674 97555 51 86731
966 93711 98501 73 100179
967 94116 95401 35 30243
968 94185 95563 147 154835
969 94225 98889 23 10639
970 94298 96436 96 45403
971 94303 98477 14 20624
972 94440 96391 19 12304
973 94460 94867 101 33949
974 94549 98321 12 7441
975 94656 95071 8 1811
976 94723 95148 107 34576
977 94782 99121 28 92484
978 94842 98147 127 155391
979 94925 97276 58 62761
980 94934 95685 119 28162
981 94978 99533 7 6707
982 95153 96118 31 36579
983 95237 96829 44 50464
984 95574 99107 94 79943
985 96326 96991 130 73584
986 96332 99421 23 42543
987 96477 97718 25 6599
988 96488 98078 18 29763
989 96712 99161 8 5963
990 96792 99771 98 95289
991 96984 98224 13 21356
992 97050 99985 11 10922
993 97420 99572 17 19747
994 97524 99047 8 4544
995 97561 99328 38 19914
996 97845 98978 125 59766
997 98442 99195 7 2354
998 98858 98997 19 836
999 99411 99700 104 21397
