50 1000 0.016
..............#....#.................##........##.
##............#....##......#....................##
#####.........#.........#.............###.##......
.....#.#....##....#...###...............#......##.
.....##.............#....................##...###.
....#..##.......##..#....................##.......
.......##........##...#..#..............##........
....................#.#...........###.......#.....
..###......##.......###...........###.#.....#.....
..##......###....#...#........#......##....#......
........#...#..#.#...##...................##..###.
.#.##....#.....#.#.......##................##...##
.#.#.....#.............#....................###...
......#................#.............#####.##.....
....##.#..........#....#.............#.#.......#..
......................##.......###............####
............#............................#.#......
.#................................................
.#.........#.#....###.............................
.#....##..........................................
.##..####.##................#....##...............
..................##........###...................
...........##......#..............................
..................................................
..................................................
........................................##........
........................................##........
.....#............................................
.....#...................................#.....#..
..#........#............#................##....###
.........##....................................###
.........#.##..................................##.
..............................##............#.....
..............................##....#.............
...#................................##........###.
...##............#...................#........#...
................###...............................
.............##..#.#..#.........................#.
..................##.##........###.....#..#.......
....##...............#..........#....###..#.#.....
..............................##.......#....#.....
...###...........###...........#..##...#....##...#
...................................##.............
.#.............#.........#..#.......#.......#.###.
.#............##......#.#####......###.........#..
.#......#..#....#.....###.#.......................
.#......##.....##..........###....................
.........##...##.......##............#............
.........#.....#....................##............
..........##.....#..................##............
0 3 2733 14 27136
1 26 4528 61 148687
2 260 4537 47 75815
3 312 1898 62 81943
4 318 2807 5 9145
5 373 3835 79 163870
6 540 12192 145 634464
7 830 1393 46 19564
8 918 1774 26 4075
9 920 3700 78 115926
10 991 1092 65 5282
11 1041 4262 27 52785
12 1177 2037 67 85318
13 1361 3899 102 164490
14 1588 10557 23 101523
15 1655 1825 142 16011
16 1910 5670 127 223532
17 1922 4849 42 24645
18 2066 5056 7 9938
19 2084 3170 9 5553
20 2104 13580 108 919069
21 2206 2729 121 29519
22 2620 3569 51 41736
23 2690 4168 14 11256
24 2757 2842 8 739
25 3109 3685 22 2804
26 3433 6197 93 87481
27 3523 9994 4 3316
28 3941 4440 10 1712
29 4004 11500 86 540906
30 4050 5395 12 8609
31 4181 10749 67 258505
32 4208 10406 24 35535
33 4236 13163 30 188615
34 4258 4814 14 12777
35 4300 16746 116 701494
36 4408 6916 87 202558
37 4684 7482 142 412347
38 4797 7635 121 266857
39 4938 12618 134 260194
40 4964 8609 4 5130
41 5372 6763 149 78766
42 5769 12762 102 334183
43 5963 11737 25 112411
44 6061 11642 16 27000
45 6155 10839 16 25628
46 6171 8655 87 92342
47 6302 7514 13 6465
48 6356 7325 108 36166
49 6359 9122 46 120912
50 6392 9235 31 23483
51 6805 9921 33 88314
52 6869 13303 11 134231
53 6971 10573 4 3652
54 7051 10799 139 141277
55 7145 12259 139 633898
56 7220 17482 127 455625
57 7261 8356 89 21615
58 7312 8000 85 18580
59 7355 8007 34 11896
60 7629 14576 30 49719
61 7653 8763 58 16597
62 7660 9239 91 51343
63 7690 9077 25 14519
64 7757 9348 98 64230
65 7805 12952 71 165036
66 7850 16972 75 434764
67 8015 10971 28 11990
68 8254 8833 92 46669
69 8279 9050 44 14970
70 8307 10976 56 50038
71 8399 9019 53 15761
72 8450 8662 85 14036
73 8470 14084 65 182817
74 8474 17489 83 488031
75 8718 9087 104 23501
76 8894 9403 12 7471
77 8983 13765 7 23023
78 9017 10907 28 16812
79 9195 15009 89 135550
80 9249 10445 97 34934
81 9544 10648 133 123592
82 9700 10059 55 12820
83 9772 10997 92 98027
84 10189 13808 59 98926
85 10229 14506 8 5302
86 10250 14010 63 224310
87 10393 10434 10 443
88 10436 21998 7 39824
89 10453 15799 18 15086
90 10463 10844 85 5767
91 10509 10631 38 1389
92 10516 17355 110 160750
93 10592 17639 12 17693
94 10904 11036 55 4044
95 10986 12163 87 70023
96 11086 12435 35 55447
97 11169 18260 101 183170
98 11200 11473 109 14030
99 11371 21047 120 936997
100 11883 25671 53 136770
101 11898 14364 8 8189
102 11947 22624 108 640022
103 12052 12614 82 27995
104 12071 14727 41 78477
105 12208 14603 4 3753
106 12289 19806 147 724826
107 12497 12555 98 4460
108 12501 16104 14 32559
109 12526 19813 73 310894
110 12633 16509 10 50970
111 12693 13961 58 43402
112 12866 16502 18 36592
113 13015 15827 96 213937
114 13045 19069 16 64127
115 13136 16358 25 26037
116 13264 17105 52 87658
117 13377 13863 133 24619
118 13435 13875 36 6415
119 13449 13843 35 5215
120 13452 14182 17 11377
121 13497 14067 73 37951
122 13574 13625 34 1756
123 13660 17875 7 28947
124 13695 24505 11 53816
125 13781 14983 47 18689
126 13900 17398 78 117595
127 13975 14181 53 8553
128 14029 16300 76 54647
129 14078 16655 20 26239
130 14268 17827 146 290036
131 14307 17428 66 114216
132 14474 21556 42 326840
133 14573 14961 11 3063
134 14671 17440 18 19980
135 14695 16121 128 45805
136 14744 24143 93 288345
137 14759 16375 102 88340
138 14762 19730 88 166706
139 14959 22347 119 237108
140 14981 25322 6 13187
141 15129 17091 35 33022
142 15363 16197 22 10661
143 15415 23578 104 428353
144 15503 15537 5 87
145 15713 15729 6 107
146 15732 19721 86 481868
147 15801 20141 5 9671
148 15853 21154 11 19483
149 16092 23224 21 69598
150 16120 19651 109 89426
151 16128 19184 149 129790
152 16198 16379 14 1203
153 16266 18955 143 152381
154 16703 21432 59 276652
155 16775 18491 84 65068
156 17120 17437 76 12165
157 17174 21365 139 204929
158 17365 22407 25 95113
159 17473 21533 45 115116
160 17485 25244 108 529561
161 17571 26013 71 471169
162 17687 24760 12 21911
163 17695 17881 74 7970
164 18011 21035 45 37992
165 18098 25460 23 54669
166 18149 20582 102 37965
167 18517 20957 101 118443
168 18638 29347 42 184675
169 18837 22939 81 183335
170 18929 22393 83 113437
171 18982 28541 112 328725
172 19165 23487 21 22987
173 19293 30383 6 27543
174 19319 23861 139 173097
175 19368 22129 106 200768
176 19423 21198 37 43573
177 19530 34600 42 191646
178 19663 21886 78 71360
179 19695 22244 76 79663
180 19876 23242 86 125440
181 19880 21354 87 160361
182 19930 22256 45 50182
183 19976 23472 108 104464
184 20203 21851 85 89126
185 20349 25194 12 14081
186 20383 20781 53 18128
187 20483 21160 126 25027
188 20551 21760 119 48212
189 20556 25245 81 61436
190 20571 21126 36 7474
191 20584 20861 133 10673
192 20599 23139 74 155339
193 20809 23272 80 35936
194 20908 21521 40 16361
195 21049 24956 71 141847
196 21224 22710 24 10206
197 21359 23184 101 113529
198 21360 26753 85 71093
199 21397 26732 102 132776
200 21472 24894 7 12846
201 21645 23712 42 18091
202 21685 32661 42 151020
203 21815 21971 17 610
204 21876 22151 28 2258
205 21918 34706 7 16325
206 21921 27248 25 73555
207 21975 25170 6 10388
208 22064 24420 60 60311
209 22070 22725 71 19996
210 22274 23783 139 27165
211 22346 26803 16 24149
212 22373 34451 11 37972
213 22679 24236 49 27326
214 22734 33347 139 1071271
215 22790 22808 38 965
216 23048 29582 64 424474
217 23164 39417 21 97856
218 23299 28928 12 27618
219 23313 29822 130 775091
220 23480 25758 19 19424
221 23652 25773 63 47165
222 23707 23848 115 11080
223 23794 23993 96 7896
224 23945 28269 4 6022
225 23953 24130 9 1544
226 24229 26622 20 44954
227 24234 27639 13 28970
228 24247 29910 69 274951
229 24330 27786 33 55313
230 24663 28141 115 104825
231 24745 32955 9 28543
232 24834 25809 13 4912
233 24846 27495 47 93077
234 25031 29738 130 190833
235 25102 25513 6 779
236 25261 26455 9 7605
237 25332 27647 37 28953
238 25413 34160 5 10787
239 25511 25923 33 3332
240 25568 26279 49 16211
241 25840 27821 31 26654
242 25899 35760 21 64459
243 25932 30553 67 93268
244 26015 31713 90 198281
245 26100 28894 17 35689
246 26104 27569 9 7990
247 26107 32288 105 267637
248 26184 26507 56 11035
249 26243 28365 130 128802
250 26355 30439 10 27223
251 26397 27804 122 74828
252 26941 30925 76 140562
253 26983 28628 55 27240
254 27257 27971 30 6098
255 27313 28760 5 2637
256 27571 34354 11 21042
257 27597 33030 45 67516
258 27750 34802 6 14055
259 27767 38276 76 104724
260 27802 42786 10 59031
261 27829 31449 114 179420
262 27842 33873 123 158633
263 27849 32352 96 279475
264 27887 30367 17 13157
265 27960 29419 47 24086
266 28238 34957 143 683116
267 28247 29188 86 64976
268 28279 29140 6 2493
269 28294 34273 98 244298
270 28330 30939 72 52354
271 28398 29193 142 32447
272 28403 34467 11 35730
273 28410 33676 11 41941
274 28444 39186 15 60181
275 28473 29221 72 29370
276 28503 28940 23 4069
277 28663 38871 130 367676
278 28702 29590 129 119129
279 28887 29074 58 8300
280 28908 36963 136 354036
281 28996 29664 106 32463
282 29106 32737 145 390378
283 29115 31585 78 52320
284 29289 32215 25 39133
285 29672 30704 21 7652
286 29813 31535 11 6521
287 29927 30609 37 16991
288 30015 38200 52 289567
289 30183 33940 101 287312
290 30274 30973 133 30898
291 30450 41965 8 43861
292 30552 45872 17 67638
293 30625 31013 35 9984
294 30654 31825 70 71237
295 30810 31034 76 18470
296 30817 32459 147 93750
297 30975 36953 7 13928
298 31040 35471 8 7927
299 31061 33866 29 26538
300 31383 34023 93 124855
301 31423 33704 95 138849
302 31533 35599 6 19263
303 31661 33951 135 202532
304 31685 32225 101 17827
305 31778 32868 37 24178
306 31786 33886 44 118390
307 31900 36433 50 67296
308 31942 39142 23 136190
309 31990 33901 84 56883
310 32194 43409 97 155922
311 32235 42597 34 75364
312 32389 39626 93 366987
313 32397 34953 96 103651
314 32400 34933 88 80411
315 32406 36892 16 34641
316 32460 36728 43 81505
317 32602 33725 17 24990
318 32618 38399 6 22297
319 32675 38535 115 378728
320 32925 39169 47 149058
321 33025 36625 37 46283
322 33129 34644 26 8083
323 33172 33855 141 62005
324 33195 42038 35 47454
325 33400 36321 45 117634
326 33492 33563 93 4559
327 33520 37428 100 117975
328 33774 39523 75 206887
329 33984 52866 89 658392
330 34042 34683 109 80503
331 34147 49810 150 723621
332 34287 34940 51 19409
333 34379 36737 32 70812
334 34386 43065 140 915325
335 34718 37934 72 38195
336 34748 35504 141 147509
337 34818 46933 63 122770
338 34826 36142 97 60166
339 34827 35463 120 42416
340 34906 35397 53 44218
341 34989 40667 101 508947
342 35118 35856 5 3300
343 35290 39671 145 470211
344 35402 38553 24 47444
345 35484 36242 19 17902
346 35847 45280 110 586728
347 35968 37277 51 34455
348 35992 49073 18 80414
349 36070 36395 12 1448
350 36148 44109 69 438662
351 36244 39810 7 7217
352 36271 48014 27 176689
353 36279 47114 127 139313
354 36282 37853 12 2536
355 36370 40953 90 188182
356 36421 37203 50 23371
357 36508 37025 81 31398
358 36569 36599 53 772
359 36596 39555 124 472198
360 36608 37838 7 4747
361 36714 41360 137 168647
362 36744 38882 72 51724
363 36755 42112 14 38317
364 36883 41570 35 175390
365 36918 40848 5 3600
366 36970 40148 25 34627
367 37174 41381 105 103814
368 37276 38980 24 4408
369 37314 40537 119 248238
370 37328 38545 81 15669
371 37591 37732 106 12482
372 37700 43671 47 110371
373 37721 40632 15 37575
374 37745 42126 104 300797
375 37806 45991 14 20508
376 37836 41208 19 37315
377 38031 38975 73 27781
378 38266 40346 63 49323
379 38331 42212 8 12465
380 38363 41971 137 401698
381 38370 40520 71 94147
382 38443 41778 28 11562
383 38604 49917 140 1012389
384 38868 45551 9 20140
385 38995 42059 130 188083
386 39042 41275 119 179712
387 39091 45147 115 601418
388 39092 40760 44 20549
389 39172 46853 106 243680
390 39415 40726 99 132096
391 39419 41910 115 244304
392 39565 40506 63 25052
393 39648 40164 90 17206
394 39696 40376 14 3092
395 39726 41144 21 24739
396 39735 42459 149 47760
397 39784 52072 109 483526
398 39848 39922 17 1305
399 39999 41618 50 21438
400 40115 44009 63 122281
401 40201 40479 140 10058
402 40206 43756 7 9119
403 40209 41711 4 4530
404 40326 41576 62 68048
405 40437 42660 136 122379
406 40493 42988 135 100514
407 40577 46626 90 275775
408 40613 42820 117 102812
409 40716 43685 122 167631
410 40794 45406 77 79254
411 40826 41090 30 14648
412 40855 44220 21 84746
413 41032 44157 15 10907
414 41075 44416 22 40829
415 41112 48754 74 90899
416 41224 45149 15 38246
417 41235 46545 144 269186
418 41435 56980 121 2680860
419 41566 42372 12 3682
420 41724 43491 85 50755
421 41812 44651 37 131438
422 42063 44134 97 101903
423 42403 48972 25 43236
424 42505 43247 25 15123
425 42589 43059 149 14424
426 42663 45651 60 37215
427 42904 50345 81 189009
428 42943 43407 62 18704
429 42994 49636 42 215983
430 43120 45200 46 48819
431 43164 45161 82 142395
432 43357 44224 15 3711
433 43475 47135 31 99711
434 43703 44535 30 9941
435 43803 49210 58 68435
436 43895 44155 9 448
437 44011 49248 6 12656
438 44105 47833 42 47158
439 44218 45842 45 29126
440 44286 44328 114 1979
441 44413 46570 43 74180
442 44596 46221 22 6485
443 44611 44921 32 8056
444 44655 45965 15 30880
445 44778 54384 14 52786
446 45288 48573 138 383343
447 45490 50200 43 46993
448 45526 46866 55 22640
449 45602 49887 136 295452
450 45674 46298 125 40565
451 45786 49239 30 30862
452 45793 47161 54 26291
453 45831 48672 36 113845
454 45905 51652 127 345670
455 46059 49328 57 139624
456 46157 52190 82 417839
457 46286 46850 103 25850
458 46382 48360 6 13218
459 46409 47343 118 36380
460 46591 48394 6 7045
461 46780 48239 36 30740
462 46784 47688 125 82472
463 46788 47904 91 52776
464 46834 50166 19 30314
465 46891 54565 84 434370
466 46960 47647 6 1964
467 47108 54346 65 104306
468 47123 49174 114 53055
469 47321 49054 136 142122
470 47545 50462 141 63148
471 47548 51710 147 308472
472 47566 51743 10 19332
473 47585 48467 37 36792
474 47664 57665 24 157143
475 47726 57084 29 121688
476 47831 50570 8 7256
477 47891 52481 11 46217
478 47898 61185 4 6586
479 47992 51377 143 342934
480 48029 49589 93 38505
481 48084 49056 22 3737
482 48093 56034 17 46626
483 48169 48590 83 26581
484 48223 51681 134 354960
485 48413 59361 39 170388
486 48435 52498 24 121617
487 48436 51016 133 202834
488 48541 55479 65 77743
489 49023 49284 29 4639
490 49031 61578 97 390326
491 49039 51061 88 89924
492 49055 49630 39 15856
493 49191 54353 10 22543
494 49515 52565 51 59525
495 49607 60634 8 39534
496 49976 51388 5 9142
497 49980 52066 5 4055
498 49982 64043 5 32866
499 50098 52512 23 21602
500 50473 59395 14 43353
501 50547 57479 134 358951
502 50564 52845 25 27070
503 50654 52037 16 11447
504 50818 54766 18 37211
505 50859 55717 14 91789
506 50987 53900 92 168368
507 50999 51122 5 540
508 51009 55107 11 60082
509 51085 52634 12 17175
510 51190 53263 85 76975
511 51211 54594 55 107762
512 51229 55317 47 117070
513 51243 62894 11 40493
514 51420 52452 54 40839
515 51621 56124 4 3174
516 51693 58522 107 371809
517 51808 61939 92 518784
518 52096 58880 24 84047
519 52108 52528 5 4212
520 52135 53590 147 49135
521 52169 54908 11 15476
522 52311 55053 92 353266
523 52419 52557 45 2899
524 52549 55466 105 95760
525 52617 52663 98 1708
526 52642 56501 4 11124
527 52649 53056 18 4485
528 52698 68296 47 224086
529 52716 53873 9 3505
530 52865 55500 11 5234
531 53083 54106 109 28664
532 53234 58041 133 299164
533 53248 53705 20 4083
534 53277 56053 138 112026
535 53489 54471 27 5417
536 53510 54972 29 10387
537 53757 56082 48 24093
538 53886 55881 138 164001
539 54118 58398 29 19562
540 54132 62775 41 65861
541 54167 55346 15 12360
542 54192 55633 25 21440
543 54220 54773 13 3464
544 54395 58218 4 6602
545 54409 55609 94 176015
546 54569 58564 61 174302
547 54843 68893 19 101330
548 54858 54923 82 5185
549 54946 59784 88 109936
550 54954 56674 30 36990
551 55067 57447 13 13175
552 55110 57124 68 157088
553 55160 59835 88 135422
554 55315 61501 8 18048
555 55334 68325 27 37983
556 55484 64288 73 503892
557 55551 58021 150 233585
558 55579 57660 12 10602
559 55627 63183 79 289164
560 55774 57491 65 25852
561 55876 61510 86 498010
562 56055 59883 25 25253
563 56079 56167 50 2320
564 56135 58959 147 158601
565 56610 66937 51 73173
566 56652 62574 118 569816
567 56823 57340 9 2911
568 56993 63487 42 62239
569 57100 66412 56 90404
570 57156 57769 95 89830
571 57260 62057 91 160091
572 57309 59298 148 76828
573 57488 58797 26 19538
574 57513 58254 56 18638
575 57539 57997 78 22300
576 57599 60285 27 33198
577 57611 59188 84 59291
578 57790 58581 149 89695
579 58217 63078 128 358478
580 58267 61894 25 60748
581 58303 58406 137 17175
582 58439 69286 6 13381
583 58645 61928 58 92733
584 58885 59291 9 3416
585 59036 59440 17 3453
586 59046 65250 23 60584
587 59068 59369 27 8313
588 59110 60892 130 216330
589 59167 67614 8 14317
590 59366 66431 38 248300
591 59546 60326 88 11923
592 59585 60832 110 56343
593 59633 60233 14 2415
594 59925 64390 143 335312
595 59929 68943 53 214950
596 60012 61379 43 11909
597 60036 60898 96 42299
598 60078 64186 15 63994
599 60111 65143 29 73964
600 60156 60574 93 10481
601 60273 60313 77 2644
602 60311 68357 115 329457
603 60332 66373 46 271313
604 60466 63991 32 96017
605 60520 65278 37 99035
606 60521 63256 17 30674
607 60740 64160 111 190584
608 60828 68045 69 335293
609 60936 67757 10 15065
610 61196 65095 14 32201
611 61404 62564 52 21251
612 61419 62221 143 87032
613 61438 62272 24 5712
614 61614 65467 33 30697
615 61665 62520 124 46524
616 61758 67485 38 109523
617 61768 62086 38 1883
618 61840 66735 77 98281
619 61869 64720 36 129017
620 61993 63362 10 6466
621 62009 77442 56 732377
622 62064 64096 54 56534
623 62078 63446 6 5905
624 62091 65280 65 121681
625 62188 65000 11 41931
626 62310 64503 29 97203
627 62343 62514 7 2031
628 62409 63140 73 29750
629 62609 76340 133 797756
630 62661 65687 46 40030
631 62680 63313 50 29153
632 62885 63598 149 34173
633 62909 66013 95 68953
634 63280 64585 144 103041
635 63393 68946 76 116374
636 63438 64169 68 89699
637 63630 64796 46 23383
638 63735 69413 20 59764
639 63768 63888 7 1227
640 63865 63923 39 1759
641 64082 79283 127 1340280
642 64099 66633 44 58173
643 64175 65686 70 55086
644 64204 70697 28 59225
645 64300 71914 111 243086
646 64368 71130 121 244359
647 64518 68018 25 21448
648 64682 66368 7 4065
649 64745 73381 56 176730
650 64771 73707 28 159266
651 64961 65254 56 4795
652 65146 65615 41 6954
653 65174 71465 5 23733
654 65224 66882 57 61900
655 65268 67997 94 96216
656 65319 66297 17 9065
657 65583 66030 87 14384
658 65594 68978 23 23294
659 65670 70003 61 134312
660 65673 66387 49 43427
661 65713 66669 20 11111
662 65741 69070 5 15731
663 65832 71383 77 379091
664 66084 67115 6 14163
665 66087 66593 66 26470
666 66255 76762 140 609547
667 66402 70283 115 114569
668 66936 71741 91 172256
669 67055 68821 29 25091
670 67322 71000 92 217130
671 67341 68949 66 30861
672 67345 73599 49 79870
673 67377 73589 14 24509
674 67409 67937 61 18270
675 67541 70397 122 70233
676 67567 74937 150 715115
677 67942 69401 101 112180
678 68028 70116 25 23187
679 68042 72999 51 107245
680 68086 68288 91 8385
681 68586 70095 75 40067
682 68702 72062 73 42086
683 68781 73421 11 49448
684 68992 76377 79 209701
685 68997 70848 5 2350
686 69036 72053 6 20687
687 69109 74201 86 124235
688 69117 69870 41 14649
689 69193 71786 12 78651
690 69211 72149 101 192264
691 69222 70952 17 6699
692 69576 74365 65 83091
693 69600 71767 57 30660
694 69614 75130 5 12967
695 69632 70923 6 11291
696 69718 70394 136 44743
697 69756 70296 70 49765
698 69990 72607 143 139091
699 70055 72095 74 33230
700 70104 81779 41 116407
701 70274 73934 9 16646
702 70418 72337 24 29180
703 70430 78462 17 63312
704 70440 73808 61 66340
705 70458 72402 67 93027
706 70492 74114 145 404817
707 70778 72171 69 97939
708 70977 74169 14 15118
709 71053 73435 38 125227
710 71077 88423 19 112153
711 71510 82259 124 431259
712 71511 79247 13 22112
713 71524 80021 21 47157
714 71569 78955 23 44742
715 71622 71693 18 649
716 71754 74605 10 17021
717 71925 72128 44 1843
718 72016 79976 63 491068
719 72150 76054 33 45896
720 72181 74931 129 155674
721 72302 79336 9 17931
722 72358 79835 41 62393
723 72407 85266 23 88701
724 72413 72816 58 8841
725 72483 72697 15 2433
726 72492 75030 62 28802
727 72560 73307 116 46334
728 72561 77293 30 228885
729 72593 76241 64 82381
730 72596 74463 123 79097
731 72671 72737 56 1372
732 72783 83097 44 110512
733 72807 77764 47 105179
734 72975 73548 8 3775
735 73006 73939 30 10744
736 73375 73701 57 7340
737 73505 77618 148 143995
738 73523 82370 85 306544
739 73564 76626 20 29908
740 73669 75980 104 93006
741 73855 80690 123 1122667
742 73907 74706 57 66647
743 73951 83194 45 97655
744 73958 78228 28 61704
745 74173 79603 116 215635
746 74177 74842 15 12315
747 74505 84657 12 15967
748 74530 75165 20 5680
749 74536 82954 14 41332
750 74644 78358 108 579784
751 74705 82061 143 405993
752 74739 76573 83 157736
753 74788 74799 11 79
754 74794 77482 49 216704
755 74809 77829 16 19943
756 74885 83453 24 211901
757 74909 74999 43 1837
758 74948 79798 44 45491
759 75060 76325 8 9373
760 75064 76729 96 78774
761 75070 81852 72 128853
762 75359 82592 5 5785
763 75515 88185 16 50932
764 75615 77167 63 50240
765 75971 76752 32 6901
766 75996 80180 49 29301
767 76017 79918 12 28767
768 76120 79957 102 86896
769 76136 79308 140 167514
770 76255 78703 9 16403
771 76275 80907 26 63484
772 76367 83075 11 60788
773 76597 77115 64 10955
774 76672 77134 96 28888
775 76694 79239 47 31889
776 76825 83385 133 1063391
777 76837 79041 7 4383
778 76880 76887 7 57
779 77025 80440 14 30403
780 77190 77601 51 12049
781 77317 81772 145 450775
782 77355 82838 144 730083
783 77415 90211 45 64591
784 77438 87778 100 485955
785 77511 79369 15 35894
786 77637 78149 102 11827
787 77722 84897 16 91826
788 77745 78581 47 7510
789 77859 81776 35 68346
790 77937 81545 99 240619
791 78159 94278 89 681193
792 78187 81584 82 104410
793 78255 82397 69 87020
794 78636 84949 79 564313
795 78677 80278 12 6731
796 78989 83063 28 12525
797 79035 81747 124 347362
798 79198 79358 5 637
799 79222 79519 9 1857
800 79372 86418 57 206104
801 79453 81059 16 12055
802 79745 84728 6 14124
803 79840 86974 61 237418
804 79861 80207 37 11258
805 80038 83398 108 125360
806 80298 86043 77 46359
807 80494 84912 11 17547
808 80597 85058 8 12429
809 80636 82401 29 20841
810 80641 85599 40 222625
811 80747 85217 20 34097
812 80765 86082 131 208841
813 80782 84795 107 317506
814 80887 82096 25 11126
815 81194 85555 109 83817
816 81219 92332 27 240475
817 81233 85551 44 97904
818 81312 85242 113 391285
819 81353 83786 31 45898
820 81376 81967 46 7659
821 81468 91475 91 714724
822 81609 82577 87 96872
823 81733 83460 19 16708
824 81864 90091 23 336636
825 81934 88350 36 58255
826 82014 96241 46 348635
827 82015 82285 7 1007
828 82021 82721 123 35631
829 82087 86537 35 77374
830 82159 83886 45 53371
831 82195 84748 35 41267
832 82199 83105 30 28176
833 82462 98417 60 552307
834 82540 84229 120 95094
835 82656 87233 5 14344
836 82691 83047 55 4521
837 82830 87362 68 114297
838 82868 82953 8 116
839 82882 83393 6 2429
840 82908 83694 21 35302
841 83201 83782 13 3964
842 83360 84297 10 3234
843 83466 84943 7 3366
844 83557 84175 24 2906
845 83571 87035 122 260871
846 83585 84840 17 4228
847 83634 87862 72 101045
848 83759 83937 65 9853
849 83777 89646 121 244055
850 83811 88917 102 411632
851 83841 87462 50 65258
852 83860 84952 36 32124
853 83908 87565 37 33171
854 83946 84616 13 2556
855 84039 90185 11 20401
856 84057 84459 31 2017
857 84065 85203 6 4211
858 84072 84354 5 553
859 84076 93927 92 206000
860 84080 90935 9 13082
861 84199 84402 11 1423
862 84220 95757 43 164487
863 84225 90481 136 266284
864 84272 91572 52 119132
865 84299 88550 15 50435
866 84596 87548 64 224906
867 84674 86401 103 89583
868 84707 94351 7 30099
869 84737 90265 23 101391
870 84759 92121 46 103012
871 84828 90005 6 3338
872 84849 88866 46 112988
873 84911 85742 12 4141
874 84990 85144 11 689
875 85037 86603 19 17205
876 85115 98107 25 133388
877 85228 85747 20 5052
878 85340 85522 19 1404
879 85343 88462 131 227930
880 85776 89543 66 79195
881 85834 92410 35 163605
882 85942 93474 108 765136
883 85951 87611 16 30183
884 86038 89754 24 20672
885 86343 89114 8 6065
886 86424 87112 87 26284
887 86526 90981 85 88008
888 86529 89385 24 37653
889 86616 89319 61 78648
890 86815 87089 55 20489
891 86982 88297 43 36749
892 87010 92592 118 544059
893 87082 92483 4 4915
894 87099 89900 41 49732
895 87818 88482 48 30424
896 87886 90550 70 62965
897 87889 89774 9 11416
898 87901 90970 142 222437
899 88124 90965 106 135716
900 88219 88912 48 11943
901 88221 89178 11 3216
902 88247 90313 10 9840
903 88282 88300 62 2240
904 88289 97207 56 383038
905 88435 91282 10 22585
906 88640 90352 61 47752
907 88655 90829 30 17737
908 88834 92308 30 67485
909 89372 89750 23 5150
910 89399 92353 122 167636
911 89420 91976 18 42164
912 89452 92294 33 42539
913 89586 97484 40 179793
914 89804 96645 24 152011
915 89812 93248 32 21402
916 89834 90823 15 2820
917 90017 91122 67 18699
918 90023 91542 131 78189
919 90030 90309 123 31279
920 90283 93848 123 62957
921 90291 94557 135 1225049
922 90374 91858 43 41555
923 90539 92354 4 6505
924 90735 98428 8 29609
925 90768 95605 107 143928
926 90788 90919 27 4725
927 90993 93623 77 180921
928 90997 93824 133 123143
929 91273 92910 76 19062
930 91299 92698 14 22146
931 91321 95573 122 706313
932 91372 96026 21 54335
933 91402 94950 91 210391
934 91405 92309 50 28303
935 91528 91910 43 20095
936 91734 96572 145 469278
937 91939 93734 149 356673
938 91956 93977 14 37639
939 92210 93985 14 7090
940 92408 92633 146 7148
941 92487 99993 124 467319
942 92630 93288 38 10738
943 92632 93497 84 24433
944 92653 93980 23 9182
945 92697 94243 33 23628
946 92717 96094 70 108330
947 92780 99118 120 731918
948 92896 93019 104 6175
949 92978 96465 44 75671
950 93097 94407 129 92727
951 93144 95181 142 126865
952 93300 95016 100 169093
953 93627 97598 45 55429
954 93628 94574 131 33440
955 93773 96504 9 10202
956 93821 95051 8 3560
957 93953 98919 90 114119
958 93975 94104 68 4795
959 94285 95568 18 7676
960 94286 95589 86 149937
961 94371 96695 32 12162
962 94436 96137 141 56461
963 94446 95402 104 63161
964 94609 95754 70 31905
965 95068 95144 79 3884
966 95126 97389 88 170610
967 95256 95319 91 2726
968 95296 99032 73 93382
969 95449 98958 92 281533
970 95473 97367 76 42466
971 95530 99082 79 118965
972 95791 97226 69 40373
973 96007 96048 107 4789
974 96182 99228 8 9587
975 96322 96611 61 18990
976 96363 97506 65 33265
977 96470 99128 29 10672
978 96532 98691 74 136771
979 96656 97920 14 4886
980 96755 97040 58 10694
981 97025 99403 49 30994
982 97056 99661 49 126377
983 97069 98285 18 29937
984 97139 97257 8 512
985 97222 98972 73 34592
986 97378 97664 57 7125
987 97426 99106 140 88764
988 97714 98593 62 33220
989 97745 99120 26 18402
990 97803 98843 102 41867
991 98137 99927 50 16271
992 98145 98485 41 11219
993 98343 99820 35 24176
994 98392 99161 26 6082
995 98414 98903 69 14393
996 98486 98774 56 10541
997 98711 99553 49 41034
998 99099 99352 31 3281
999 99549 99768 25 3163
