50 1000 0.014
..................................................
..................................................
..................................................
..................................................
..................................................
..................................................
..................................................
..................................................
..................................................
..................................................
..................................................
..................................................
.....................................#.#..........
..............................#....#.#.#..........
.........................#...##....#######........
.......................#.#...###.#######..........
.......................########.########.#.#.##...
..........................###.#....#########.#..##
.........................##.###.###.###########.##
.........................#########################
.........................####################.####
........................##########################
.......................###########################
.......................#########################..
.........................#########################
........................########################..
.........................#########################
...........................#######################
...........................#######################
...........................#######################
............................#####################.
.............................###.#.###############
...............................##..###############
...............................###.###############
.................................#################
................................###.##############
...............................##########.########
.................................########.#####.##
.......................###.......##.....####..#.##
.....................#####.......###.............#
................#.##..#####..##..#...............#
...............######.#####.###..#................
.............#.##.########..#####.................
..........########.#.##############...............
........##.######################.................
.........########################..#..............
...........#################.#######..............
..........#########################...............
.........#######################.##...............
..........#########################...............
0 161 2194 4 17501
1 250 15788 53 256960
2 264 4313 8 18557
3 286 5290 37 75859
4 306 924 62 19751
5 475 3119 84 163077
6 633 748 91 5576
7 686 1675 71 25648
8 882 903 17 293
9 942 3342 139 143550
10 983 2354 107 39209
11 994 2246 7 4257
12 1007 1717 17 9160
13 1333 4614 102 296800
14 1384 8236 149 877771
15 1534 2443 23 10091
16 1543 5658 130 264833
17 1637 5127 116 321355
18 1664 2769 74 28511
19 1909 6192 12 37955
20 2010 5343 86 154048
21 2058 7599 57 308128
22 2130 3440 26 14187
23 2138 5960 60 177441
24 2489 5128 145 193243
25 2589 3580 58 70407
26 2640 5332 57 105185
27 2673 4354 9 17022
28 2750 7040 109 202123
29 2790 3655 28 11514
30 2793 5159 25 24201
31 2851 4625 15 4553
32 3132 6196 149 479988
33 3204 4501 16 12916
34 3241 4137 39 29776
35 3426 4656 147 98574
36 3567 9795 7 8647
37 3617 5089 8 11775
38 3626 6472 5 4950
39 3652 7532 88 86670
40 3667 12315 126 84228
41 3704 7652 71 70239
42 3828 13569 27 127106
43 3935 4563 6 1014
44 3937 7934 81 126332
45 4151 7511 47 66861
46 4189 6564 52 83707
47 4287 5472 73 86751
48 4334 4471 12 2812
49 4367 6119 145 128148
50 4440 10255 51 109282
51 4732 6742 64 104043
52 4969 8074 67 180276
53 5041 5182 92 5185
54 5046 6567 20 12523
55 5155 7306 58 42388
56 5252 9314 85 146116
57 5387 17970 61 452263
58 5422 12471 28 48271
59 5438 8171 105 68224
60 5570 7691 21 7054
61 5724 11107 74 61612
62 5857 7864 113 203508
63 5957 8092 102 165131
64 6044 8634 85 204776
65 6137 12723 128 456461
66 6145 6988 117 164430
67 6218 13405 26 45936
68 6240 7307 57 33936
69 6266 8986 27 25357
70 6395 7367 8 14870
71 6528 9510 106 123766
72 6532 6969 32 9477
73 6575 10291 28 76732
74 6613 13530 10 24605
75 6624 6880 41 10778
76 6785 6890 12 577
77 6867 8713 34 14874
78 7266 12007 39 160214
79 7373 11101 66 62785
80 7435 8812 48 23844
81 7526 10863 14 38096
82 7564 7868 75 35591
83 7633 8028 24 4239
84 7684 11782 9 28313
85 7763 8196 22 4438
86 7778 8583 57 20467
87 7899 9124 27 10172
88 7978 15410 7 35703
89 8344 9984 71 38617
90 8352 8832 149 50975
91 8501 8527 9 194
92 8551 9295 4 2439
93 8569 15017 120 136002
94 8575 13721 34 41510
95 8674 10205 135 69765
96 8798 9825 30 12002
97 8925 11523 68 67476
98 9073 10420 106 30241
99 9259 10384 34 10041
100 9447 10868 16 15114
101 9477 17223 89 68786
102 9518 22496 54 222391
103 10137 14249 46 127626
104 10310 16590 75 434592
105 10413 10573 80 8340
106 10558 13839 61 42315
107 10578 13810 17 14831
108 10819 13310 106 137850
109 10986 11331 124 11011
110 11020 12692 131 44569
111 11230 14892 130 155028
112 11236 11769 56 17868
113 11256 11366 101 2732
114 11262 14103 78 298977
115 11427 11670 83 32397
116 11459 14042 22 28472
117 11645 12476 84 29325
118 11652 11683 34 358
119 11701 12736 114 68082
120 11778 24922 10 39945
121 11795 13977 102 63775
122 11875 15893 24 59947
123 12472 14175 61 11743
124 12488 15822 6 9767
125 12500 16224 100 216235
126 12670 14067 89 93766
127 12691 17159 54 103511
128 12836 13776 27 17653
129 12868 16633 127 291079
130 12917 16325 88 131443
131 12955 30599 34 269904
132 13000 15438 24 64719
133 13329 15029 62 55700
134 13465 14193 126 43697
135 13474 21497 20 54649
136 13492 14617 24 25341
137 13548 19663 30 197682
138 13572 15061 126 77952
139 13574 18092 7 11872
140 13696 14055 101 27110
141 13770 17110 88 88676
142 13773 19437 144 144513
143 14084 30237 143 834879
144 14248 19419 89 157154
145 14313 16101 26 34202
146 14499 16104 34 37754
147 14750 18414 47 45446
148 14814 21930 32 110762
149 14853 17241 76 67032
150 14967 15635 92 24404
151 15102 17886 60 56060
152 15283 16457 14 5820
153 15339 15363 18 218
154 15452 20178 66 115281
155 15532 16792 133 117175
156 15592 25481 49 271500
157 15753 16623 98 50143
158 15782 17772 71 226138
159 15811 18443 24 13761
160 15856 16900 35 21205
161 15977 23784 130 178721
162 15996 22917 24 82098
163 16095 18009 55 74583
164 16191 21613 5 7797
165 16239 17746 11 9291
166 16321 31196 7 138719
167 16366 18653 34 82279
168 16504 19800 125 73820
169 16568 17872 127 164000
170 16573 23090 107 240089
171 16626 17883 61 77597
172 16673 17514 9 2800
173 16705 18535 91 155085
174 16793 19243 7 4275
175 16856 17579 10 9250
176 16989 17614 132 51538
177 17038 20519 47 99346
178 17133 19992 15 31074
179 17166 18511 11 11497
180 17434 19613 37 35707
181 17670 20014 85 88264
182 17717 26512 5 17374
183 17768 20163 64 145864
184 17992 22850 61 123620
185 18000 19611 5 2206
186 18063 18415 139 24610
187 18145 35227 12 177094
188 18160 19030 16 10889
189 18298 18619 56 5924
190 18313 18532 5 239
191 18396 26676 40 47993
192 18399 21171 7 10405
193 18482 24524 4 19100
194 18495 18919 87 39926
195 18593 22977 142 119969
196 18626 19174 98 37657
197 18735 22836 55 146487
198 18824 20120 101 51883
199 18921 18950 20 533
200 18960 23745 88 176671
201 19011 23012 5 8176
202 19117 20287 136 101725
203 19188 19216 112 3094
204 19355 33890 109 705989
205 19435 21937 16 13987
206 19457 24834 145 266251
207 19637 21847 85 145800
208 19797 21600 118 105421
209 19880 23709 37 34573
210 19967 30713 148 911600
211 20047 22824 145 71911
212 20089 20646 33 12282
213 20090 21194 79 14727
214 20408 24515 44 88131
215 20797 24933 34 109041
216 20989 22338 41 19916
217 21201 21511 28 5942
218 21333 21771 20 5552
219 21423 21660 41 5123
220 21490 22477 75 17042
221 21548 26338 24 18993
222 21634 22877 61 34794
223 21652 22258 141 12168
224 21832 23834 38 21335
225 21884 22798 45 16273
226 21915 23138 4 1819
227 21953 22425 33 39315
228 21982 26670 10 18167
229 22018 23230 21 8643
230 22028 22517 5 779
231 22061 24148 45 32150
232 22152 28013 115 270250
233 22216 22404 40 11163
234 22352 23986 133 185423
235 22367 23769 112 61922
236 22410 28830 6 16517
237 22483 23482 74 52669
238 22501 23628 21 10267
239 22515 28164 6 25138
240 22516 29728 25 26524
241 22597 29107 6 13853
242 22687 24181 67 30506
243 22965 24015 21 14450
244 23019 26737 140 212626
245 23130 27627 18 34959
246 23166 24566 91 109681
247 23361 27473 35 40027
248 23370 23776 10 457
249 23412 25108 133 91465
250 23458 24852 134 355003
251 23505 30135 125 662780
252 23572 25996 113 279811
253 23581 24328 127 26861
254 23796 25346 47 23785
255 23842 26882 147 116677
256 23873 29088 10 16167
257 23915 31723 9 30651
258 23936 30401 37 65553
259 23941 33383 48 199581
260 24045 24919 8 4143
261 24075 31411 37 129335
262 24195 27406 13 46693
263 24437 26172 120 122615
264 24565 28832 29 81768
265 24890 25061 51 7536
266 25267 33041 4 7171
267 25336 28190 30 23433
268 25374 26456 17 6107
269 25457 33327 5 3767
270 25488 25904 86 23764
271 25650 27249 13 10236
272 25674 31483 69 466062
273 25710 26865 146 48796
274 25718 28208 134 238883
275 25747 27164 109 33681
276 25946 28592 115 89472
277 26065 26307 73 3277
278 26089 28411 104 44263
279 26183 29811 115 253209
280 26210 26791 124 13418
281 26211 26459 15 2914
282 26245 28186 7 2203
283 26247 28042 51 61329
284 26374 26764 122 15357
285 26531 29300 33 108495
286 26560 28373 67 37617
287 26705 30542 112 224334
288 26735 29554 6 6147
289 26789 28654 8 5552
290 26840 34855 20 75683
291 26936 36993 7 33768
292 26972 32978 20 31354
293 27017 29696 74 108562
294 27068 30341 55 150367
295 27133 28941 66 57429
296 27190 40601 27 94850
297 27360 29289 12 26164
298 27459 34587 39 190619
299 27460 32731 45 73442
300 27633 28470 34 8891
301 27850 28740 94 23346
302 27872 28070 15 8781
303 27934 31176 8 15497
304 28019 28044 19 696
305 28029 32907 135 75349
306 28085 39229 20 88014
307 28364 29055 120 57364
308 28583 30219 93 71866
309 28629 35204 27 50752
310 28636 31288 120 106270
311 29182 35908 20 47295
312 29192 30306 25 10227
313 29207 29689 84 20128
314 29509 30538 31 17306
315 29674 31328 19 10376
316 29711 33225 128 259051
317 29713 30328 35 10754
318 29737 30159 54 21301
319 29759 32353 82 78733
320 29779 35838 97 271386
321 29783 31324 92 97879
322 30198 31345 90 69389
323 30506 30526 34 689
324 30909 33107 28 40119
325 31001 34083 20 78408
326 31022 31398 62 23133
327 31026 31353 48 7448
328 31029 33166 141 95231
329 31217 31581 102 31005
330 31439 33881 132 138038
331 31782 31985 27 3962
332 31932 34252 41 25512
333 31950 32257 60 19202
334 32054 32610 9 2520
335 32171 35215 45 104170
336 32229 36126 68 68912
337 32321 41754 149 792889
338 32357 35154 135 126464
339 33096 33150 15 480
340 33223 37898 122 847114
341 33419 33974 61 7832
342 33444 34036 7 4058
343 33587 38242 50 73056
344 33646 34201 65 7457
345 33837 34415 68 30236
346 33856 38852 57 115805
347 33964 44070 107 518088
348 34111 34644 7 3541
349 34310 36586 42 50376
350 34477 37129 82 60838
351 34498 40135 74 103592
352 34593 38615 113 334849
353 34676 38221 146 295712
354 34742 35000 145 17370
355 34761 35932 120 20453
356 34935 35337 28 3769
357 34973 42532 18 48819
358 35032 39142 72 118573
359 35082 35686 75 42563
360 35104 35412 124 18513
361 35114 35373 13 2335
362 35206 37423 60 89243
363 35228 35385 14 1093
364 35253 37053 7 9157
365 35277 36493 58 103092
366 35460 38066 9 11147
367 35520 36109 11 3767
368 35528 51845 140 1406756
369 35626 45583 5 13418
370 35681 43562 47 109379
371 35702 35730 27 705
372 35720 39101 36 42033
373 35772 36671 46 11151
374 35934 37251 48 38189
375 36149 41109 23 37348
376 36189 41186 34 57784
377 36257 39042 36 23896
378 36427 38245 135 66503
379 36436 38197 25 28593
380 36491 37503 46 19298
381 36501 39820 15 22449
382 36507 44523 83 249414
383 36509 40610 17 18083
384 36515 45730 23 66365
385 36539 40418 15 10415
386 36567 38465 108 179397
387 36751 36975 30 2317
388 36900 42352 17 57586
389 36922 41227 11 26634
390 36923 42020 39 37649
391 36939 45881 64 159896
392 37021 40557 109 45861
393 37191 38393 127 91572
394 37254 39637 40 48685
395 37300 37750 106 48584
396 37362 42508 110 222786
397 37409 38819 5 2160
398 37410 37529 9 297
399 37498 37773 14 1326
400 37552 37995 115 16400
401 37632 38044 29 3185
402 37638 40647 93 139981
403 37980 40132 34 13998
404 37986 39282 17 12495
405 37991 41979 5 12493
406 38467 48966 22 184141
407 38556 48092 28 71453
408 38768 40174 104 157841
409 38815 43102 61 225301
410 38895 45758 20 34420
411 38968 45025 125 711332
412 39117 45074 44 80471
413 39225 39866 141 19294
414 39233 40292 14 2081
415 39268 41359 26 20832
416 39438 44047 9 19883
417 39575 42415 53 99805
418 39577 42784 73 85042
419 39706 43170 99 348841
420 39717 39905 83 13884
421 39776 39941 5 584
422 39916 39945 18 451
423 40235 44901 88 140688
424 40347 40807 22 10716
425 40745 41669 48 27079
426 41148 44111 15 18714
427 41289 43417 9 11785
428 41337 44816 124 51064
429 41656 45464 5 4673
430 41938 46148 124 203745
431 41954 42011 89 1532
432 42040 42708 14 5636
433 42048 42429 91 41959
434 42116 48912 52 110567
435 42195 46791 72 62428
436 42252 44402 63 44991
437 42276 43531 13 6811
438 42340 47585 76 246355
439 42355 42363 88 499
440 42518 45950 111 113768
441 42549 46697 23 14266
442 42582 44507 10 15188
443 42595 43931 120 111500
444 42598 53644 28 96981
445 42643 43618 83 58263
446 42890 43582 24 10476
447 42944 52937 36 147045
448 43007 50292 19 141437
449 43146 44254 30 8864
450 43150 44418 83 98264
451 43255 47895 144 359520
452 43327 45491 15 8979
453 43363 50671 48 197807
454 43437 44411 102 34809
455 43483 51369 106 369416
456 43525 43705 15 785
457 43540 43891 5 1117
458 43581 47726 58 84565
459 43598 50469 14 44148
460 43624 45670 98 185163
461 43627 43700 20 2501
462 43862 45239 66 25968
463 44237 47030 110 129548
464 44328 45003 18 13699
465 44377 44424 50 3802
466 44594 45143 118 58463
467 44634 45151 74 32187
468 44963 47543 39 50230
469 45026 45776 32 8631
470 45168 47979 7 17111
471 45243 49118 35 109837
472 45307 45768 114 29185
473 45333 45683 5 772
474 45377 46510 76 46691
475 45646 46071 16 6796
476 45702 47423 38 25867
477 45898 46031 9 828
478 45984 46306 69 11896
479 46160 51923 41 121841
480 46563 50071 136 164404
481 47194 48427 110 32893
482 47283 50460 93 118384
483 47500 47886 33 6680
484 47604 51972 52 45781
485 48077 50114 30 18237
486 48161 51417 119 308172
487 48175 52607 41 102518
488 48205 49478 8 7791
489 48347 48537 21 2142
490 48360 51772 38 46141
491 48437 60527 28 56019
492 48550 51864 88 87580
493 48772 52540 17 46393
494 48843 52363 9 12292
495 49082 52149 101 73292
496 49202 55880 111 1512725
497 49254 49791 102 46345
498 49270 51977 119 85306
499 49303 49850 106 19815
500 49315 52762 17 10736
501 49366 49867 11 1889
502 49391 52271 9 13948
503 49532 52065 88 159784
504 49716 50139 22 2858
505 49936 51558 87 130968
506 49938 51486 119 101656
507 49952 54896 8 13493
508 50210 54129 74 101184
509 50335 50724 41 7152
510 50351 51290 135 122294
511 50384 58622 110 557450
512 50415 52773 13 23163
513 50751 51781 43 40247
514 50782 51147 101 4394
515 51038 52169 8 5753
516 51077 61295 120 243575
517 51156 53421 21 22737
518 51268 55152 16 48733
519 51273 52245 127 37059
520 51308 51408 52 3878
521 51333 53332 44 59268
522 51388 54869 45 34759
523 51513 54725 8 11552
524 51660 53285 64 37984
525 52004 56235 4 11635
526 52020 52580 10 3707
527 52430 54470 103 64722
528 52626 63955 130 327515
529 52728 57907 11 50144
530 52769 54530 148 180998
531 52989 53704 13 11637
532 53074 55255 36 38535
533 53083 54756 144 72422
534 53096 57870 140 316917
535 53248 59640 69 330108
536 53277 57538 59 90049
537 53529 63667 13 14460
538 53551 55732 32 15091
539 53638 54647 122 155257
540 54000 57643 86 81831
541 54077 56110 4 2934
542 54200 55517 12 6434
543 54268 55360 81 50926
544 54289 60278 7 10415
545 54339 54588 118 33618
546 54372 65027 14 68815
547 54427 58410 83 120698
548 54612 62844 123 823080
549 54712 56502 107 81190
550 54729 54894 35 3066
551 54791 56269 119 54098
552 54799 60082 36 293018
553 54842 55147 77 10314
554 55182 57065 28 41215
555 55278 57258 4 3391
556 55295 59699 52 93438
557 55429 56626 83 44488
558 55485 62157 5 6497
559 55700 59700 49 145692
560 55703 69139 26 155834
561 55813 57276 110 56900
562 55899 56206 62 13631
563 55919 57275 25 16174
564 55937 56023 83 4693
565 56033 58353 12 8181
566 56118 56913 33 33124
567 56210 59285 135 489420
568 56272 66437 69 242657
569 56346 56915 28 7638
570 56804 58201 12 19483
571 56864 59519 79 88739
572 56874 68190 26 104372
573 57142 70067 54 373937
574 57161 58131 56 20479
575 57245 59516 5 4548
576 57334 60502 37 50019
577 57439 60259 124 129623
578 57456 59354 27 13379
579 57599 62383 69 114668
580 57667 60049 66 226665
581 57849 58329 120 20993
582 57932 61638 79 61595
583 58119 62124 88 219332
584 58197 66914 64 89788
585 58213 68778 41 89027
586 58441 62143 21 10827
587 58864 65484 24 45516
588 58874 62721 5 19906
589 58959 61758 104 106741
590 58983 60632 30 48815
591 59069 60176 56 47089
592 59092 62313 17 10503
593 59206 60986 37 41932
594 59515 79375 32 533817
595 59599 61466 51 75608
596 59692 61071 42 27321
597 59757 60657 21 8928
598 59820 63770 73 274284
599 59972 61149 123 71772
600 60051 68581 120 269527
601 60053 64641 69 111487
602 60064 63171 27 53195
603 60182 60751 66 53764
604 60357 61774 6 7668
605 60395 71673 8 27708
606 60539 61260 53 18975
607 60552 60670 72 4599
608 60613 63025 11 8901
609 60702 60936 105 8913
610 60780 67813 65 170760
611 60791 64328 102 263171
612 60978 61038 136 5686
613 61048 61217 65 5481
614 61081 62684 61 61333
615 61188 66995 85 72164
616 61196 62403 47 42434
617 61232 61904 5 1679
618 61257 64186 123 328242
619 61457 69991 4 8448
620 61537 68846 78 519112
621 61602 63381 150 112640
622 61684 61819 87 7362
623 61857 66439 149 156058
624 61949 65050 36 91875
625 62029 62676 20 2165
626 62044 63405 4 2716
627 62105 64485 118 74198
628 62132 63501 5 2433
629 62165 63396 39 18909
630 62166 66591 57 131725
631 62179 63218 25 11174
632 62223 65169 6 14635
633 62632 67789 67 116985
634 63078 66772 103 251942
635 63081 63468 5 992
636 63156 63651 113 16657
637 63237 72876 6 42347
638 63239 65077 22 5512
639 63518 65536 148 191913
640 63679 65161 25 52968
641 63746 64899 92 66633
642 63784 66804 6 7727
643 63919 67644 38 51436
644 64036 66055 36 42410
645 64075 65488 99 61841
646 64162 66339 140 136237
647 64181 64468 25 3257
648 64341 71540 16 31598
649 64858 66025 145 148419
650 64966 65009 18 754
651 64978 65005 80 4325
652 64996 68206 123 251270
653 65171 65654 69 6490
654 65202 68268 140 147124
655 65599 66044 116 43855
656 65692 66625 26 24784
657 65787 66549 19 10508
658 65896 69349 7 7360
659 65920 73512 49 79738
660 65947 68171 31 44334
661 66129 69330 6 34662
662 66167 70455 64 216659
663 66431 66525 56 1864
664 66511 67028 21 9335
665 66554 69302 5 14636
666 66649 69717 14 30104
667 66837 70966 35 95202
668 66943 69246 18 13333
669 67190 69611 17 12374
670 67300 71917 10 39015
671 67369 69484 128 210583
672 67395 67949 5 1048
673 67606 70272 143 119057
674 67677 69043 100 51130
675 67696 68487 120 60725
676 67732 68572 90 54556
677 67781 69831 113 68960
678 67812 69759 137 138747
679 67915 68035 66 5389
680 67930 74327 145 432336
681 67931 71346 64 156284
682 67937 71132 7 7939
683 68041 72140 43 39244
684 68194 78018 58 104224
685 68261 81431 13 87691
686 68305 70874 62 70916
687 68379 69178 64 19356
688 68394 75010 47 71868
689 68411 70691 137 71455
690 68414 74716 82 371955
691 68508 72177 97 193277
692 68518 69410 42 31467
693 68600 72750 140 969917
694 68717 68958 109 6611
695 69294 71037 14 5698
696 69307 71990 104 104115
697 69322 80851 109 419949
698 69337 79116 59 250181
699 69394 72402 35 112371
700 69604 71685 116 379170
701 69786 70410 45 5862
702 69868 73908 40 100867
703 69961 69998 133 13455
704 69992 70945 13 3574
705 70019 72191 112 208217
706 70054 74714 53 121881
707 70146 74497 27 17924
708 70173 70861 74 45260
709 70216 70675 93 9219
710 70257 76212 11 13704
711 70258 72101 44 47714
712 70263 74492 142 412959
713 70330 72789 24 39258
714 70498 72275 4 6832
715 70524 84325 27 252026
716 70556 72651 81 118853
717 70565 74905 27 41529
718 70598 71485 56 14454
719 70606 71919 63 41085
720 70690 71861 119 141794
721 70823 78768 65 219742
722 70826 72164 8 3198
723 70919 71283 29 3159
724 70999 74474 32 99697
725 71169 71800 70 27229
726 71399 88879 131 1493358
727 71469 74223 134 74218
728 71470 80308 42 93873
729 71620 71792 134 8880
730 71840 72869 145 139023
731 72304 72998 5 1207
732 72483 74139 9 3600
733 72688 82982 99 2105679
734 72927 76581 100 89843
735 72939 74652 63 67832
736 73082 79468 14 93318
737 73290 74642 15 9679
738 73328 73403 15 408
739 73349 74577 31 31489
740 73354 73566 118 11010
741 73478 76534 10 17613
742 73491 75346 10 5475
743 73567 75776 24 17670
744 73590 74377 96 13534
745 73610 75771 12 13114
746 73658 74774 17 5574
747 74074 77614 79 34799
748 74226 86456 116 906533
749 74273 76304 38 53231
750 74371 85513 30 220489
751 74486 82497 40 196533
752 74528 76088 11 9932
753 74560 87664 48 91817
754 74565 75683 48 16297
755 74589 75656 74 15851
756 74712 74893 29 4227
757 74964 78449 9 20435
758 74998 77312 57 88655
759 75005 77262 31 38823
760 75028 77816 49 96886
761 75474 75510 16 643
762 75539 78786 30 25977
763 75628 76691 40 15993
764 75951 76275 38 6747
765 76094 79365 107 49844
766 76283 76499 99 5883
767 76313 78948 75 74987
768 76506 87428 147 496074
769 76539 80878 17 17595
770 76726 78236 121 72306
771 76737 87257 34 167037
772 76738 77987 10 10520
773 76845 82057 81 87254
774 76858 80091 8 15224
775 76932 78278 83 94021
776 76934 78422 16 26447
777 77107 77276 62 33577
778 77140 77767 27 6569
779 77252 78715 82 90188
780 77327 77924 4 694
781 77351 78341 11 4408
782 77564 78252 82 17213
783 77570 79233 140 95465
784 77884 88264 32 72765
785 77904 85730 147 406140
786 77960 78806 120 58301
787 78047 78064 48 579
788 78250 82243 110 140985
789 78636 86077 19 63850
790 78671 81303 58 27366
791 78708 84108 123 241935
792 78799 82813 44 131159
793 78892 78982 16 1390
794 78942 86002 82 100620
795 79060 80272 14 10517
796 79095 84511 21 41691
797 79193 84066 12 22153
798 79277 84670 7 12214
799 79308 79623 86 35368
800 79530 84611 21 100393
801 79747 80804 6 4187
802 79799 79974 49 4669
803 79874 84379 63 210485
804 80015 80192 92 3707
805 80024 81718 125 226495
806 80042 81537 69 52559
807 80454 82904 90 80411
808 80524 85276 117 161049
809 80559 80898 101 22531
810 80594 80990 98 13593
811 80654 85869 142 201069
812 80655 86520 17 49223
813 80709 84013 65 200772
814 80754 82866 15 11578
815 80776 86333 43 87832
816 80982 81662 15 1638
817 81039 81479 99 11457
818 81081 81336 54 19226
819 81108 83367 35 28679
820 81129 83236 62 86654
821 81199 83750 25 26505
822 81217 84645 38 35976
823 81291 81486 12 1124
824 81314 83325 119 92255
825 81353 82713 40 10692
826 81359 87904 7 27099
827 81399 82126 79 42696
828 81503 91538 145 385559
829 81620 86292 78 223768
830 81643 91236 125 602855
831 81783 93351 21 117453
832 82116 84212 122 105167
833 82123 82741 53 18704
834 82150 86931 16 16930
835 82238 83950 55 15157
836 82364 83092 41 26248
837 82472 83608 25 6349
838 82518 83180 63 12808
839 82526 85544 44 45671
840 82533 83129 4 1408
841 82587 83237 38 5373
842 82605 91068 81 147487
843 82658 83592 53 21664
844 82659 83694 86 78347
845 82723 86314 100 140066
846 82764 83482 41 7014
847 82915 90287 148 731062
848 83177 85657 34 52368
849 83250 86474 6 11544
850 83560 88389 80 227012
851 83562 85874 138 340513
852 83811 83849 29 1158
853 83931 85734 78 52046
854 84037 88222 5 20349
855 84121 84584 145 64940
856 84245 86354 122 213624
857 84304 86666 109 43583
858 84401 85450 114 121042
859 84621 85708 28 10509
860 84654 85026 5 773
861 84752 86773 19 19900
862 85133 86571 66 43721
863 85209 92134 9 10767
864 85235 91842 63 172674
865 85277 86970 122 49414
866 85294 85852 123 54975
867 85326 86901 147 78954
868 85353 87457 117 105470
869 85458 88656 90 187926
870 85492 86200 57 17358
871 85582 86730 69 42015
872 85626 85749 144 11823
873 85653 87731 48 43551
874 85812 86804 62 37718
875 85910 86694 25 10262
876 85927 89316 9 30530
877 85961 90676 6 5097
878 86137 87668 5 3453
879 86427 86852 22 3209
880 86868 87965 61 34014
881 86872 94314 24 128920
882 86982 87467 47 12376
883 87280 90250 20 9964
884 87296 87817 41 12131
885 87304 88409 71 21151
886 87344 93233 89 153904
887 87369 88380 97 79201
888 87422 89535 23 35972
889 87433 88241 97 115988
890 87546 94838 76 397027
891 87716 92215 48 94055
892 87759 88910 92 26480
893 87773 99148 91 633020
894 87924 91312 18 30427
895 88000 90494 143 240303
896 88109 88772 78 17316
897 88174 96428 80 301967
898 88201 90041 26 11469
899 88287 94346 115 102699
900 88562 90759 135 243637
901 88634 93236 29 115986
902 88637 92776 54 133747
903 88690 89004 27 2376
904 88818 92978 104 193680
905 88988 92571 8 12674
906 89002 89441 24 17882
907 89181 91721 45 109897
908 89195 89473 46 4674
909 89218 89688 114 33797
910 89387 89805 39 8502
911 89503 89772 82 7003
912 89591 89710 27 1970
913 89600 93504 19 20057
914 89677 96553 23 28614
915 89696 92617 16 13334
916 89727 89840 101 4027
917 89737 90172 16 1636
918 89797 91413 23 3838
919 89815 90992 36 17785
920 89888 90358 5 2147
921 89890 90412 71 33888
922 90098 90323 63 9195
923 90175 95569 8 25187
924 90197 91793 18 10196
925 90378 93056 30 22861
926 90404 90515 7 145
927 90424 91990 75 58936
928 90456 90942 21 3921
929 90488 90772 9 2641
930 90764 93654 9 17856
931 90849 91668 52 30324
932 90890 91125 26 3830
933 91012 92411 17 12057
934 91067 92847 11 9530
935 91142 92148 35 20822
936 91234 93376 17 30787
937 91811 91897 123 12399
938 92006 93016 147 64902
939 92065 92656 66 30150
940 92115 95843 82 389658
941 92248 92953 32 4843
942 92305 93097 139 62487
943 92508 93421 135 57449
944 92733 97502 46 98787
945 92745 93519 17 8739
946 92861 93834 77 44974
947 92916 95694 116 156836
948 92996 94461 60 61878
949 93176 97573 92 183358
950 93182 99035 37 188805
951 93362 94744 13 10042
952 93567 95354 122 87860
953 93803 95364 29 12797
954 93810 98210 15 52533
955 93836 97693 56 43921
956 93919 94442 6 1590
957 94022 96544 62 202668
958 94059 94946 13 27195
959 94086 96144 26 34765
960 94161 98463 85 189860
961 94329 94338 27 184
962 94396 95477 101 54895
963 94598 95158 29 6440
964 94709 97407 32 80947
965 94752 95497 17 3502
966 94917 96873 113 565206
967 95264 96511 64 79044
968 95386 96235 29 40793
969 95387 98656 116 213950
970 95554 99109 8 5691
971 95731 95864 126 10596
972 95817 98086 4 6951
973 95954 98201 5 1681
974 96012 97926 10 7134
975 96040 98479 49 53280
976 96199 96701 8 1729
977 96252 97968 30 7352
978 96378 97829 101 60373
979 96596 98218 110 117650
980 96622 97261 42 22440
981 96753 99077 140 99988
982 96904 97878 12 4692
983 96914 99407 64 75199
984 97283 99471 75 81515
985 97403 98336 135 37883
986 97432 97825 77 13814
987 97510 99858 136 382198
988 97868 99074 30 41700
989 97964 99358 112 29693
990 98168 99924 35 19597
991 98450 98608 40 3631
992 98560 99171 62 20273
993 98732 99427 85 18758
994 98907 99975 8 6007
995 98999 99311 10 620
996 99167 99523 62 16321
997 99188 99321 62 5798
998 99272 99986 95 10351
999 99401 99889 65 14337
