50 1000 0.041
###.#.....#.....................###..........##...
######....#......................##...............
#....#.......................................#...#
...................#.........................###.#
......##..........##......#................###.###
.....###.........###.....###.....#..#..........#.#
.....####....#.#........####..#######............#
...#..#.##.###............##....#..##............#
..##.###....#.............#.....#............##...
...####.###.#....####...####.##.............###...
...#...####....##..#.....#######..#..........#....
........##.##.####.#...#####......##..............
...###.##..##..#####...#.#........###.........##..
....######...######.....##........###.........####
......####.....####................##......#.#####
.......###.....####.........#.#.....#......####...
......###.....####.........###.....###.#...#.#.##.
........##.##..#####........###..#######..######..
##.........###..###...#....###.....##.#...##......
#...........#...#.##.###....##......#.....##.#...#
.............##########....#.#......#.......##...#
.................#####.....###......#..#..#####.##
...................###.....###...........##.######
...................#.#......#................#####
......................##.........................#
..####........##...####.........#............##...
..###.......####..................#.....##...##...
.#####....######................#####......###....
####.........###.................###.....###.#.###
..##.........#...................##....#####....##
....##...........................####..##.......##
...###....#..##...........#####.###...#........##.
..##....###.##..............#..#..##.##.#.......#.
...##..#######...........####..####...###.........
.....####..#.##.#...#....##...###.###.##.......#..
.......#....#####...#.....#...#..###.#.##.....####
......#####..#......##.#........###.###.#....##..#
......##..#.#####...#####........#...######.......
............###......######..........##..##.......
.........#.###.##......##.#..............#........
....#......##.###......#####......................
....##......#..#..#..###..#.#.....................
...###........##.##.##.#.##.##.#..................
...#.........#######.#####..####..........#.......
..........#...#.####..##...###.##.........##......
..........########.....#...##.......#..###........
.........#####....#.....###.###.....#.#.##.#......
..........###..####.###.#######...###########.....
.........####.####..#####..##....####......##.....
..........#.#..##....###.........#................
0 99 466 12 2895
1 124 18120 17 217194
2 357 31055 45 795984
3 440 4466 61 48264
4 628 11251 71 307872
5 935 9449 144 529145
6 1079 6904 121 715999
7 1088 2134 103 22567
8 1163 1667 57 25191
9 1228 7203 34 127964
10 1282 11754 102 238981
11 1299 18078 34 188369
12 1405 8061 33 76277
13 1439 7240 23 138885
14 1454 2558 10 3457
15 1495 8879 47 316056
16 1673 9379 32 119318
17 1993 5128 5 6667
18 2332 4276 9 6423
19 2492 3053 90 22941
20 2497 12802 8 32507
21 3042 3239 86 9211
22 3089 5836 41 48987
23 3199 5819 130 184927
24 3232 6575 6 15402
25 3318 8704 122 422749
26 3331 9982 131 280224
27 3413 12707 29 138152
28 3816 4470 53 45784
29 3981 9533 19 83224
30 4095 22759 6 21928
31 4207 7228 7 24880
32 4322 9893 23 110746
33 4368 23216 132 665371
34 4507 12046 5 29849
35 4735 5379 40 6491
36 4856 30541 55 668423
37 5010 20038 84 269660
38 5098 14656 110 833868
39 5168 16461 8 30101
40 5578 5654 4 371
41 5591 13639 81 483611
42 5643 13214 6 7758
43 5860 15747 125 233016
44 5973 17634 18 98900
45 6100 8440 53 48713
46 6197 43906 11 314117
47 6207 14584 34 177052
48 6303 15277 30 38715
49 6350 9228 141 200055
50 6475 9447 84 78905
51 6484 9695 71 75829
52 6544 13510 4 6549
53 6555 7932 15 11181
54 6587 10225 115 137778
55 6594 8233 106 119816
56 6635 25277 11 100444
57 6658 8250 18 7799
58 6897 26852 9 105635
59 6977 11718 69 108858
60 7066 20134 79 1776022
61 7087 14570 25 57806
62 7103 10541 4 7729
63 7180 12429 13 24496
64 7485 7956 19 4254
65 7620 10938 110 94492
66 7642 13459 9 4184
67 7696 7798 134 4789
68 7752 23832 94 712752
69 7856 12672 9 32967
70 7884 24337 98 1516099
71 7899 11064 16 22950
72 7900 34500 32 603239
73 7991 24634 16 86790
74 8015 10272 6 8960
75 8047 25366 61 235286
76 8100 12375 8 7781
77 8169 8483 129 22621
78 8251 14215 76 313789
79 8358 9489 138 94962
80 8797 15266 13 54149
81 8840 10841 144 71588
82 8910 17257 69 238732
83 9106 11988 11 27874
84 9173 19361 8 55240
85 9210 13658 8 30891
86 9531 22305 38 566057
87 9775 12422 108 146853
88 9849 15166 123 140432
89 9946 19365 33 142259
90 10021 19484 35 194735
91 10207 24521 107 1274577
92 10295 17327 33 97064
93 10379 14979 9 18842
94 10453 21969 49 197233
95 10481 11486 128 80210
96 10499 11279 41 34215
97 10579 13756 19 45851
98 10666 17418 58 121049
99 10720 45629 16 228900
100 10721 14262 126 387092
101 10769 13516 25 48977
102 10776 18150 30 104002
103 10795 17691 24 31257
104 10856 12754 88 122821
105 11048 18877 51 126705
106 11134 11582 64 13286
107 11241 12355 58 30433
108 11287 14346 111 208289
109 11306 17895 56 385605
110 11378 19191 32 202005
111 11392 22892 55 308319
112 11403 41449 83 1928548
113 11503 18577 39 83784
114 11666 14876 127 342441
115 11708 12522 41 15802
116 11779 61969 39 305273
117 11937 24444 94 700043
118 11947 16980 7 8087
119 12118 20258 56 167247
120 12225 14563 140 280982
121 12244 25500 131 792169
122 12541 13495 79 9670
123 12597 20503 103 337466
124 12599 18453 81 173440
125 12639 68305 8 109368
126 12747 13921 72 124582
127 12767 27374 5 12929
128 12841 44463 116 1167487
129 13144 23853 116 380388
130 13183 24038 109 745717
131 13210 19284 81 505039
132 13226 21064 144 639766
133 13247 18810 32 23051
134 13283 23839 113 1239283
135 13312 14332 98 30680
136 13597 83252 44 290344
137 13773 30877 129 1635414
138 13791 15223 34 8296
139 13802 15755 58 77415
140 13895 16765 10 23264
141 13957 27152 111 792908
142 14126 16040 89 49925
143 14310 31564 63 200166
144 14390 21747 21 44392
145 14396 23149 34 81637
146 14417 28282 27 67921
147 14550 15539 112 41348
148 14572 17020 68 124779
149 14608 29032 109 328827
150 14671 15003 92 9485
151 14724 17718 67 80516
152 14872 41442 41 682740
153 15226 16062 66 22860
154 15232 21130 37 156665
155 15261 19562 34 57442
156 15284 22608 18 62673
157 15406 20906 6 9144
158 15413 25107 19 33678
159 15426 23653 26 111734
160 15756 26731 11 30676
161 15910 30089 12 113210
162 16093 29952 36 180302
163 16094 19801 21 33631
164 16193 23661 44 70681
165 16267 37243 7 25269
166 16287 28805 34 474730
167 16293 28081 6 56101
168 16502 30945 72 396383
169 16556 17177 27 4755
170 16690 21792 72 85663
171 16844 18402 50 70678
172 16888 17238 90 11068
173 16978 23706 55 46008
174 16995 25967 11 110572
175 17192 20561 10 7014
176 17207 35245 5 18145
177 17263 22148 5 7219
178 17315 20024 10 6467
179 17386 20735 5 7286
180 17425 23570 5 3369
181 17559 38840 84 898018
182 17627 23099 109 184250
183 17681 18733 16 18193
184 17694 31449 85 259972
185 17956 23883 13 145175
186 18091 26928 135 672165
187 18196 19524 5 3149
188 18307 25977 28 74066
189 18367 18419 93 5319
190 18543 22205 93 304177
191 18549 21533 73 94329
192 18555 32273 19 183948
193 18734 26410 58 197138
194 19093 27672 123 368397
195 19100 25245 13 27368
196 19305 25768 87 107511
197 19652 20987 5 2903
198 19736 21401 138 145396
199 19746 20490 33 5104
200 19795 23001 34 50192
201 19890 21647 118 59039
202 19916 37814 87 411786
203 20344 34688 30 172235
204 20391 21621 37 22470
205 20510 21061 37 20283
206 20512 34007 49 262855
207 20569 32269 97 931376
208 20666 63783 57 838093
209 20729 22417 21 11619
210 20785 26447 17 56104
211 20879 27309 81 140904
212 20925 41368 15 120305
213 20992 38263 94 175021
214 21108 23369 4 8441
215 21191 25429 120 171195
216 21368 40018 13 291311
217 21381 37045 38 151107
218 21390 34109 39 247784
219 21504 22564 67 102578
220 21552 24646 26 41839
221 21580 40422 30 146419
222 21705 44219 18 89365
223 21848 32305 61 211042
224 21977 23301 80 35703
225 22019 46114 6 80371
226 22069 22864 92 66505
227 22151 41456 82 944473
228 22169 22337 39 5390
229 22194 23069 11 7073
230 22225 25597 22 28225
231 22353 28025 13 36007
232 22386 23437 40 12406
233 22401 24962 77 103141
234 22522 30733 22 104855
235 22585 30854 82 412360
236 22691 54026 123 781711
237 22928 32176 74 254714
238 22975 25546 32 12047
239 23067 23536 55 23426
240 23180 28640 23 233835
241 23289 28949 40 42706
242 23292 23833 39 8129
243 23417 35623 67 793861
244 23433 24975 80 46464
245 23502 37898 48 133287
246 23640 25765 47 46057
247 23775 40173 15 44016
248 23811 25731 99 42813
249 23826 27312 117 192898
250 24222 33051 11 68695
251 24324 30700 132 287345
252 24382 29419 77 222375
253 24508 37498 58 131567
254 24557 26174 70 48359
255 24656 29557 91 373828
256 24658 29671 92 297746
257 24720 31848 17 64892
258 24782 29507 123 124783
259 24836 27413 14 14778
260 24884 55271 20 215914
261 24911 26337 22 9388
262 25031 58425 37 687096
263 25057 32563 68 130120
264 25070 49175 89 388150
265 25308 25354 55 3379
266 25518 31362 76 171915
267 25563 63758 68 740575
268 25659 43267 105 388350
269 25699 27786 79 85403
270 25730 26899 69 40559
271 25735 26033 9 845
272 25779 42197 16 38133
273 25783 35195 38 172778
274 25823 30085 6 39095
275 25848 30696 117 877802
276 26043 27500 139 52638
277 26051 27726 83 90132
278 26067 31987 59 246778
279 26161 36053 146 913972
280 26163 28579 50 48732
281 26180 30927 74 136591
282 26238 32741 32 56947
283 26373 29834 57 79846
284 26441 28157 11 17250
285 26500 65242 91 1559702
286 26546 27954 24 8370
287 26658 30330 74 76886
288 26740 27874 145 71568
289 26756 56652 11 85972
290 26815 28619 114 59400
291 26854 28144 40 19248
292 26944 31437 80 150376
293 26964 40308 28 165283
294 27135 28919 132 239816
295 27370 32850 48 67613
296 27534 79980 50 1132836
297 27623 32606 17 51674
298 27692 43793 22 130804
299 27748 39197 56 234543
300 27796 30694 67 57824
301 27996 36848 142 267733
302 28062 28557 36 6108
303 28086 31337 37 33087
304 28113 35582 41 187179
305 28174 49767 27 70555
306 28354 28518 5 455
307 28408 37655 23 62527
308 28471 41823 83 1034716
309 28591 33184 30 30275
310 28633 33602 141 672264
311 28639 29224 67 38157
312 28664 54312 17 288008
313 28745 33807 92 501433
314 28757 38758 86 265671
315 28843 35606 51 190293
316 28983 70067 62 537916
317 29153 46916 110 428507
318 29278 33521 46 70935
319 29420 37414 81 147403
320 29522 39668 104 169895
321 29530 31648 130 142403
322 29610 36986 52 133996
323 29721 71129 6 46056
324 29742 34201 5 5829
325 29762 44811 94 486866
326 29792 58089 73 1324504
327 30042 36853 78 235058
328 30399 39594 74 252946
329 30645 53187 6 29254
330 30662 32680 18 29043
331 30691 31500 140 35010
332 30717 36851 32 99092
333 30772 35742 147 1091799
334 30962 45064 63 394779
335 31140 39722 87 269264
336 31352 49324 31 142345
337 31565 34130 76 35028
338 31571 32211 31 26835
339 31655 32648 13 10618
340 31715 40919 53 87639
341 31727 33153 32 17852
342 31753 56146 53 356095
343 31947 32370 34 14435
344 32085 32134 91 3708
345 32162 36722 92 245461
346 32169 41313 67 363357
347 32180 41024 14 45147
348 32374 36624 36 89013
349 32411 32582 101 19200
350 32624 39657 31 118174
351 32653 36877 115 306855
352 32684 50089 95 617918
353 32765 38159 35 60515
354 32824 35598 7 4195
355 32851 37567 32 34826
356 32972 33429 39 12343
357 32982 35101 6 4642
358 33064 46932 14 71864
359 33235 38546 39 109832
360 33380 38152 101 350227
361 33465 47301 14 55981
362 33656 34734 105 93745
363 33777 36258 13 7573
364 33829 67370 50 1018419
365 33867 71252 5 62708
366 33889 67206 81 672165
367 33907 38852 80 117183
368 34257 47688 79 158372
369 34273 35416 7 7290
370 34470 34865 15 2520
371 34490 34725 141 40231
372 34612 52830 24 522462
373 34646 63295 29 166162
374 34817 38457 140 130007
375 34819 37705 50 60464
376 34866 41019 16 34561
377 35026 37382 16 23268
378 35258 38680 61 74491
379 35318 35502 44 1976
380 35357 45289 111 820193
381 35369 35673 46 3111
382 35565 36708 4 3229
383 35616 37170 131 120203
384 35641 48636 125 1213269
385 35658 39084 81 101536
386 35779 45664 10 24617
387 35780 46487 52 644995
388 36101 37081 10 6162
389 36158 49078 8 48726
390 36397 37195 17 6524
391 36460 59239 21 79466
392 36469 38168 23 26395
393 36574 41167 102 193318
394 36580 71155 123 1084485
395 36658 45802 132 543326
396 36755 56732 48 227911
397 36847 41690 40 110502
398 36918 37342 28 18017
399 37104 49928 17 90373
400 37156 61086 14 147438
401 37157 39207 15 11429
402 37232 37645 106 19344
403 37286 50672 56 845531
404 37474 44080 33 179520
405 37490 41796 4 7095
406 37493 48603 15 86886
407 37598 41550 96 93441
408 37648 37838 112 9979
409 37686 39559 112 84168
410 37692 51913 94 650743
411 37744 60563 9 51488
412 37758 39009 62 32157
413 37798 45287 82 240203
414 37901 40191 56 20315
415 37953 40954 17 58508
416 38111 47907 15 101026
417 38227 50106 14 124887
418 38235 42698 15 61370
419 38248 39185 68 23526
420 38264 43572 106 389204
421 38323 65505 72 513788
422 38446 39573 132 290943
423 38522 53445 62 619491
424 38638 46436 88 379450
425 38679 53694 23 226368
426 38739 45484 20 54588
427 39209 55551 25 221441
428 39215 42828 128 232231
429 39242 48400 139 212707
430 39249 41349 24 22205
431 39276 47935 15 76891
432 39292 42452 12 12985
433 39351 51159 112 544391
434 39410 57050 128 1065411
435 39416 48665 66 214342
436 39456 44764 111 273188
437 39483 43322 8 17441
438 39583 41070 11 5716
439 39655 45349 30 41102
440 39715 44362 58 100009
441 39875 48151 18 44637
442 39994 44399 34 48789
443 40006 44205 14 20107
444 40060 58827 52 282569
445 40433 40441 17 119
446 40465 49924 56 69533
447 40516 44520 129 148250
448 40548 57028 19 50574
449 40579 76991 72 596032
450 40687 56929 83 358084
451 40689 45117 46 92818
452 40822 47763 8 24802
453 40852 42307 31 38732
454 40854 63304 22 127088
455 40960 42957 140 214148
456 40990 48657 57 313444
457 41055 44709 109 118492
458 41202 50178 43 223641
459 41277 43454 113 125084
460 41471 53829 5 15046
461 41553 53576 23 315878
462 41554 50583 61 480532
463 42005 47878 19 50735
464 42167 43307 100 23274
465 42717 48395 86 230574
466 43197 51487 16 250864
467 43202 43210 14 68
468 43221 46575 69 44833
469 43315 52248 24 115752
470 43373 47460 14 29765
471 43445 46671 8 19254
472 43640 46235 6 8211
473 43697 46044 7 3685
474 43769 43782 70 780
475 44007 56899 43 438640
476 44042 47106 5 4630
477 44076 44289 58 8315
478 44706 58424 130 966930
479 44822 48731 36 26704
480 44868 48040 69 150942
481 44905 58799 104 530056
482 45185 62216 18 119102
483 45229 66955 60 1339138
484 45304 51889 92 174577
485 45392 67432 53 474731
486 45430 54428 73 537601
487 45506 51758 4 11668
488 45517 46486 35 7467
489 45885 48340 41 48610
490 45981 55652 91 878745
491 46286 50021 84 197393
492 46331 62550 101 976593
493 46463 54073 38 136857
494 46541 50225 19 23343
495 46545 51296 140 961025
496 46679 50113 23 28229
497 46816 51898 11 16222
498 47068 48806 14 22701
499 47149 48659 38 17161
500 47185 56918 95 151644
501 47205 49491 26 29051
502 47310 50905 5 52270
503 47635 48737 116 70607
504 47798 57802 46 368117
505 47916 50520 112 192199
506 48204 62487 4 6827
507 48292 58209 142 241607
508 48344 49738 114 89932
509 48514 53094 93 180659
510 48550 52535 61 109830
511 48650 51332 10 25265
512 48677 50649 141 72903
513 48946 57847 10 33404
514 49046 55882 56 111298
515 49135 75715 118 1389998
516 49165 51725 27 24483
517 49217 51840 54 52121
518 49273 53666 85 174955
519 49275 73418 32 451028
520 49357 64363 93 772892
521 49570 61792 142 1396484
522 49664 70032 17 192930
523 49715 69907 149 1136837
524 49777 52374 9 5014
525 49779 51365 70 75848
526 49904 58591 7 52034
527 49927 50564 57 13463
528 49964 54386 26 85273
529 49981 56810 22 29167
530 50265 62986 4 21519
531 50280 53008 58 105936
532 50642 51896 89 62454
533 50849 59184 117 320199
534 50933 54498 126 125816
535 50944 63039 118 436883
536 51068 53613 27 25309
537 51152 52667 35 12232
538 51242 52326 4 1787
539 51334 58002 72 315895
540 51381 51760 147 36153
541 51591 66777 45 620100
542 51617 52602 26 11032
543 51709 63356 81 179248
544 51908 61510 91 305836
545 52031 60642 63 314282
546 52290 53372 51 45539
547 52532 53446 25 9244
548 52713 69455 45 148760
549 52721 55532 33 27627
550 52725 62919 37 139168
551 52822 54412 5 1957
552 52853 53258 73 9805
553 52921 62988 128 319823
554 52946 55211 117 98034
555 52998 53911 43 14992
556 53103 59965 122 723924
557 53164 53776 57 14036
558 53194 54934 30 20275
559 53243 69290 37 503044
560 53330 59432 122 217926
561 53426 61906 54 114297
562 53490 86194 20 144173
563 53518 55115 29 19159
564 53602 68025 66 372320
565 53719 55296 64 74226
566 53837 56285 131 236418
567 53840 54443 128 20690
568 53912 57353 49 49193
569 54084 64924 60 203204
570 54095 60402 68 150122
571 54110 74425 45 307628
572 54134 62084 18 35659
573 54448 65958 38 148648
574 54753 72728 41 425364
575 54770 55682 7 2590
576 54862 57603 63 25813
577 54865 65312 42 110936
578 55013 56028 51 8543
579 55029 56710 5 4313
580 55087 70289 147 804145
581 55096 55290 14 3172
582 55104 55773 27 11584
583 55144 74832 76 384347
584 55185 68063 7 72241
585 55313 69069 97 530812
586 55323 67724 142 1637152
587 55433 58266 31 54149
588 55436 64390 82 165156
589 55566 67655 15 153117
590 55587 59181 5 5201
591 55625 67198 42 206438
592 55637 55653 88 772
593 55711 61272 51 63007
594 55748 60761 17 24673
595 55953 68296 88 562118
596 56033 58925 77 61262
597 56082 56920 113 16886
598 56198 73749 4 22223
599 56294 72481 95 441490
600 56305 59519 74 136155
601 56343 90387 143 1187945
602 56387 63100 104 220629
603 56410 63843 42 66532
604 56459 60518 18 21525
605 56649 58474 14 10969
606 56806 60638 9 7527
607 56851 66993 16 78909
608 56924 61822 73 78542
609 56939 61877 42 62535
610 57066 62057 9 10880
611 57219 91217 48 684654
612 57362 63392 91 355224
613 57452 57664 66 5105
614 57455 60667 70 157226
615 57523 60536 5 6510
616 57589 61384 77 188005
617 57672 59944 136 492414
618 57732 63547 17 20155
619 57918 62679 22 37569
620 57968 62243 138 393109
621 58300 65366 141 612538
622 58349 67058 94 378719
623 58450 75063 103 1640055
624 58611 69781 17 57924
625 58679 80106 10 59780
626 58725 63509 78 201658
627 58902 66209 54 91752
628 59006 62486 15 32519
629 59209 59715 131 51623
630 59296 96273 16 271686
631 59302 61888 68 137642
632 59396 68879 132 399860
633 59429 69147 23 140470
634 59584 83374 50 489350
635 59707 67158 29 98537
636 59710 69688 128 382804
637 59721 63938 21 51706
638 59787 67689 13 39978
639 59825 60262 25 1944
640 59838 84276 26 322076
641 60013 61639 24 16612
642 60094 66578 92 420979
643 60100 71137 10 84884
644 60130 69380 30 92601
645 60208 86616 75 1358215
646 60214 71172 126 293514
647 60285 63827 87 387672
648 60296 61750 107 27403
649 60451 61324 149 67380
650 60487 80057 36 225636
651 60520 66114 91 258055
652 60557 73779 139 841720
653 60562 62316 79 92858
654 60977 66786 78 147607
655 60981 74800 62 146038
656 60984 64917 118 65780
657 60996 70599 27 162785
658 61001 62810 6 20851
659 61013 73903 45 474958
660 61049 62088 146 44286
661 61326 62796 107 183158
662 61360 83267 13 28306
663 61380 72161 35 216168
664 61617 65089 15 25220
665 61695 94901 30 336055
666 61754 80224 34 452543
667 61804 65778 24 86032
668 61820 73162 12 70525
669 61854 64272 11 19629
670 62100 63686 100 263112
671 62144 65622 58 42067
672 62321 64046 10 5263
673 62443 63266 14 5420
674 62471 62943 61 13418
675 62538 97246 42 342440
676 62572 66435 61 88642
677 62705 63387 69 14891
678 62728 71336 140 425003
679 62732 63501 7 1030
680 62747 98389 138 1698869
681 62786 80758 22 126152
682 62939 78654 52 210414
683 63132 72089 43 191394
684 63262 86663 102 869395
685 63376 70936 114 220415
686 63394 69731 16 17080
687 63408 69155 6 37428
688 63409 99390 5 40659
689 63411 75323 23 133752
690 63473 66174 109 117324
691 63494 66264 9 33667
692 63517 69796 115 613665
693 63552 64996 37 46860
694 63586 71249 124 544488
695 63861 88843 11 37147
696 64085 69784 115 756950
697 64096 80691 70 702196
698 64230 64342 27 2236
699 64296 67299 32 39702
700 64362 83138 42 194783
701 64451 75245 77 306354
702 64741 69421 88 269337
703 65185 74787 53 124169
704 65327 66267 103 149175
705 65338 73905 16 52031
706 65476 83409 97 669267
707 65512 66192 40 16232
708 65597 91485 82 1175503
709 65600 82543 140 1192664
710 65609 66825 49 20148
711 65755 67348 8 5910
712 65774 68461 92 105465
713 65853 76102 118 362863
714 65862 68368 74 212696
715 66081 69360 140 210571
716 66253 73796 118 192363
717 66436 74187 9 35142
718 66495 74357 9 37175
719 66535 70210 111 376542
720 66554 92201 16 200350
721 66621 90132 46 717798
722 66705 71762 40 42683
723 66745 73105 5 11282
724 66844 68861 37 19016
725 66876 80111 7 17652
726 66910 80506 90 339094
727 66982 70174 82 133243
728 67083 70653 150 1030257
729 67100 67240 94 9661
730 67107 68888 73 113319
731 67126 81198 37 85141
732 67159 77310 7 33210
733 67356 68873 76 40398
734 67364 71429 41 155505
735 67519 74095 100 524447
736 67674 70845 32 36969
737 67736 72360 111 223787
738 67965 86155 21 75079
739 67980 89678 90 714084
740 68015 73824 25 55304
741 68121 70160 97 223311
742 68160 71582 123 84447
743 68577 72117 36 101106
744 68589 75738 137 1763771
745 68609 84606 5 90822
746 68757 99351 144 1631958
747 68775 69606 65 45076
748 68825 80900 148 815531
749 68866 82151 69 335299
750 68887 76033 137 387412
751 68913 91349 125 1496868
752 68918 71492 17 19005
753 68936 70542 20 10080
754 69146 81768 52 103265
755 69287 79261 72 687916
756 69478 83763 10 58298
757 69481 82149 150 576966
758 69507 70422 95 71189
759 69763 71580 63 66271
760 69909 77381 143 619577
761 69965 94732 84 511866
762 70165 81982 59 130277
763 70228 81948 54 196413
764 70279 76045 28 80638
765 70351 85957 16 117683
766 70361 71017 6 1574
767 70367 87103 54 613218
768 70369 72893 97 96006
769 70689 73493 39 12540
770 70853 76852 37 140341
771 70967 84977 54 274898
772 71046 76923 77 400397
773 71070 81401 27 105357
774 71105 80868 28 139219
775 71239 82104 32 110217
776 71263 80165 71 182912
777 71481 82679 148 307090
778 71581 80630 36 175261
779 71722 82876 27 222327
780 71925 72628 29 8965
781 71970 83183 42 280999
782 72054 81169 63 130804
783 72116 77334 9 18658
784 72440 73440 101 69323
785 72443 74835 126 177546
786 72461 82337 45 414097
787 72488 72758 43 5246
788 72532 79420 11 17751
789 72776 75158 48 60329
790 72784 86702 40 185836
791 72808 77622 18 27571
792 72833 93125 14 99353
793 72867 73450 32 1708
794 72974 80927 96 195413
795 73107 76622 70 76105
796 73363 78231 50 85866
797 73458 84872 43 74187
798 73520 78885 77 279549
799 73590 85699 27 59906
800 73627 75442 40 19640
801 73702 73732 43 926
802 73805 76846 75 80414
803 73842 82244 78 319388
804 73879 88961 54 462477
805 73933 75440 11 13239
806 74031 78774 107 182508
807 74113 76507 39 32605
808 74176 95624 63 722813
809 74539 80336 4 5317
810 74983 78603 21 22834
811 75103 82934 103 470624
812 75209 75276 11 515
813 75266 78806 17 20724
814 75310 82515 40 84536
815 75400 81839 6 16155
816 75564 88896 79 169252
817 75670 89720 49 464463
818 75688 86397 124 316676
819 75707 78934 7 17223
820 75781 78487 45 106051
821 75834 90280 53 183136
822 76058 85891 11 64766
823 76116 76197 30 600
824 76119 86962 101 333253
825 76259 79104 53 27786
826 76324 80800 34 61006
827 76436 86156 21 134678
828 76450 79814 9 16465
829 76526 90352 140 367923
830 76558 81040 62 259620
831 76604 86533 9 28875
832 76689 86466 108 507441
833 76715 84017 109 246122
834 76773 76992 66 11899
835 76792 88381 37 65654
836 76909 95809 7 62227
837 77027 85235 90 253607
838 77053 88051 85 177503
839 77228 80801 57 99999
840 77233 95453 16 54060
841 77411 78086 148 47654
842 77543 85064 83 157095
843 77586 85968 61 241700
844 77592 82384 122 546179
845 77840 81941 12 15380
846 78138 81594 69 74576
847 78175 86948 5 30489
848 78391 89596 21 77446
849 78405 88772 108 531709
850 78435 83238 84 290838
851 78575 83514 27 36722
852 78604 90993 6 23202
853 78621 82112 67 42102
854 78762 89288 80 295105
855 78913 86587 49 102812
856 78935 92828 15 80306
857 79026 91416 127 1157903
858 79027 87457 60 89312
859 79121 81326 31 60434
860 79137 91005 86 311446
861 79172 88253 19 31277
862 79303 84152 66 198307
863 79311 85090 91 164422
864 79783 88883 92 235617
865 79844 79970 131 22462
866 79956 80257 34 5029
867 80017 81243 56 71602
868 80270 83544 51 53326
869 80418 88086 80 280193
870 80441 88236 40 236607
871 80602 91293 126 338257
872 80620 89084 67 240330
873 80631 88233 95 173978
874 80645 81918 30 17825
875 80680 86513 72 159941
876 80730 84578 57 105821
877 80740 87037 32 112254
878 80952 83768 71 737631
879 81082 85317 147 342649
880 81256 82961 131 100943
881 81266 83119 145 103880
882 81315 89182 22 77462
883 81370 98519 40 208554
884 81475 81985 49 22360
885 81598 90978 7 23896
886 81654 97312 29 298677
887 81757 94113 16 57416
888 81829 85092 76 36804
889 81880 89457 21 66554
890 81931 89360 87 208531
891 81935 95944 7 25645
892 81996 98534 140 1113331
893 82266 82404 41 11457
894 82613 86407 41 116701
895 82657 83867 124 61999
896 82816 86656 65 151727
897 82819 83904 135 58729
898 83069 86866 19 25157
899 83185 83310 122 3147
900 83505 85349 93 63118
901 83531 91903 101 697564
902 83614 87211 55 90754
903 83638 90391 15 30149
904 83693 85238 75 119231
905 83935 84403 6 3172
906 83975 87514 13 18820
907 84021 98932 136 2249062
908 84079 90526 149 375908
909 84169 89031 44 61989
910 84291 88304 6 10781
911 84494 84505 7 60
912 84496 98843 124 549487
913 84581 99153 137 657652
914 84649 85322 127 50859
915 84825 87932 20 17732
916 84981 96711 128 300557
917 85074 89792 6 7133
918 85137 96581 63 340368
919 85391 96745 79 529575
920 85429 87612 23 76417
921 85522 95881 119 525857
922 85542 94279 149 885022
923 85647 97426 16 44381
924 86001 96870 9 53356
925 86022 92334 33 40596
926 86038 98638 146 1203433
927 86071 90353 46 80203
928 86087 93008 8 28701
929 86100 99854 35 619034
930 86131 90546 32 84135
931 86134 98651 90 536969
932 86151 86281 99 4375
933 86218 88997 10 10150
934 86283 90823 59 187956
935 86474 95442 150 332622
936 86920 90032 10 9605
937 86976 97075 28 213465
938 87114 88629 51 44545
939 87386 91695 124 432720
940 87770 94007 30 147187
941 87834 90959 36 44248
942 87888 98093 8 26959
943 87911 88074 35 4577
944 87924 91864 86 379916
945 88303 93199 70 138926
946 88408 94482 14 45536
947 88638 90657 109 169756
948 88696 90435 65 59853
949 88756 92393 20 69507
950 88805 93324 117 116302
951 88838 89192 60 8542
952 88929 89909 20 5791
953 89048 95449 80 190577
954 89062 96318 84 185340
955 89185 89767 78 13596
956 89223 99423 149 1026877
957 89363 90621 69 26786
958 89421 90141 17 8736
959 89522 90674 5 1568
960 89594 93167 37 51362
961 89644 97664 84 211318
962 89692 90905 7 4937
963 89885 92351 36 40158
964 89894 93021 105 114941
965 89962 93947 27 27844
966 90073 98259 5 15466
967 90258 90839 26 3772
968 90531 94095 145 217087
969 90608 92540 110 263424
970 90924 96414 28 72154
971 90972 95411 34 47682
972 90991 92337 15 9583
973 91039 95007 15 16818
974 91070 95755 67 118891
975 91399 99136 128 240134
976 91592 95008 24 44726
977 91635 94049 64 38399
978 91967 99943 106 866765
979 92199 93912 26 35053
980 92246 93235 113 53086
981 92482 95188 80 104874
982 92577 93101 5 1760
983 92938 95077 55 73693
984 93277 93317 27 2168
985 93633 99822 25 46476
986 93781 98654 40 157588
987 93790 95461 48 50394
988 94177 94226 5 85
989 94202 99575 146 239604
990 95013 98976 66 125198
991 95682 96093 108 56641
992 96128 96199 33 1281
993 96430 97317 119 91350
994 96742 98309 39 31605
995 97736 99953 118 74156
996 98061 98536 87 30870
997 98349 98417 19 600
998 98554 99834 85 77633
999 98754 99118 94 29129
