50 1000 0.004
..............#...................#...............
..................................................
..................................................
..................................................
..................................................
....................................#.............
.............................................#....
............................#.....................
..................................................
.............................#.....#..............
......#.....................#.....................
..................#...............#...............
.................................##...............
..................................................
..................................................
..................#...........#...................
..................#...............................
.##..............##...............................
..................#...............................
..................................................
.........##.....................#.................
.................................#................
....#............................#................
...##............#....#...........................
..................................................
................................##................
....#.............................................
..............................#...................
............................#.....................
.......................#.#........................
..................................................
..................................................
..................................................
.......................................#..........
..#....................................#..........
..................................................
.............#....................................
..................................................
...........................#.................#....
..................................................
..............#...................................
#.................................................
..................................................
....#.....#.......................................
..................................................
..................................................
..................................................
............................#..................#..
.................#.....#..............#...........
.......................#..............#...........
0 97 1033 21 18100
1 258 5812 33 139145
2 340 11058 73 385991
3 354 1371 64 26145
4 388 2389 85 51448
5 439 3758 120 109545
6 466 1996 134 131627
7 620 1291 59 23268
8 641 9157 60 81733
9 751 3011 41 75538
10 865 1208 136 39565
11 1053 2382 55 74035
12 1297 1493 9 591
13 1344 4556 6 16666
14 1364 6612 28 46878
15 1418 1890 94 36107
16 1422 10343 82 216939
17 1575 4863 91 195840
18 1627 1667 40 1935
19 2014 5707 123 293635
20 2112 2321 129 17197
21 2436 12499 144 517591
22 2467 12785 130 541768
23 2650 4660 9 4164
24 3113 6517 100 183430
25 3234 6040 43 68915
26 3425 4397 128 38453
27 3435 4689 111 50859
28 3811 7437 123 132791
29 3984 17042 4 39102
30 4147 4473 7 875
31 4152 6999 41 38148
32 4210 10881 30 69407
33 4239 6645 76 114413
34 4370 15544 56 234925
35 4512 5083 47 18402
36 4600 6264 12 17573
37 4746 13620 67 126585
38 4756 6366 6 3009
39 4792 9422 136 249107
40 4831 13475 36 156642
41 4865 6353 39 60079
42 4900 12935 21 33419
43 4919 7346 130 130402
44 4995 7811 35 29567
45 5042 5403 51 11361
46 5087 6924 56 48497
47 5197 10402 13 22739
48 5272 8149 87 119512
49 5539 7760 22 27194
50 5676 8997 4 3067
51 5688 10795 69 145381
52 5727 12613 26 110748
53 5759 9472 144 123756
54 5857 6210 22 858
55 5946 6964 144 49817
56 5962 6697 25 27139
57 6023 8970 28 58889
58 6104 8118 30 35446
59 6146 6199 5 130
60 6249 15037 47 290794
61 6461 9443 60 150349
62 6486 14229 5 24776
63 6544 17387 88 134390
64 6721 11135 117 161748
65 6753 7273 22 16869
66 6782 9029 104 92904
67 6813 7230 16 4828
68 6897 8907 13 13285
69 6984 11028 8 17928
70 7066 18640 51 187666
71 7337 8018 87 22694
72 7433 12754 104 209345
73 7461 7805 142 30657
74 7486 10500 10 3472
75 7573 11661 48 118945
76 7716 14550 29 105376
77 7795 14765 104 419617
78 7972 8640 107 45308
79 8108 8876 17 10881
80 8128 14687 27 83430
81 8171 10378 48 37802
82 8272 9413 146 49516
83 8315 11569 34 26774
84 8361 9095 23 6588
85 8554 9827 98 178528
86 8624 11239 28 34842
87 8666 12215 121 638499
88 8773 12045 41 70211
89 8902 8991 18 597
90 8999 9615 61 8642
91 9049 11772 40 30475
92 9116 18843 103 298446
93 9127 10897 73 75961
94 9408 10775 143 44042
95 9461 21998 29 128893
96 9480 17376 60 189568
97 9730 18263 5 8297
98 9755 10272 11 3229
99 9860 10178 112 16690
100 9934 10123 78 6037
101 9973 15178 14 41893
102 10081 17654 72 215078
103 10135 10989 18 7956
104 10139 13457 32 41774
105 10140 15496 113 286821
106 10258 10768 128 52303
107 10283 14620 149 218274
108 10311 18112 51 349586
109 10586 11086 10 1637
110 10933 11533 31 3633
111 11020 15489 23 23959
112 11037 12672 71 22045
113 11109 11684 12 3265
114 11544 18208 15 46926
115 11560 12338 44 32790
116 11612 28644 6 29219
117 11902 13069 26 44170
118 11988 12702 9 3309
119 12020 12781 25 5640
120 12043 12829 88 15049
121 12210 17549 87 106584
122 12406 16966 41 49069
123 12597 17992 104 164008
124 12628 13004 84 10167
125 12629 13930 95 102008
126 12639 18016 68 107080
127 12651 13206 28 6680
128 12710 13061 110 43060
129 13090 14588 21 24693
130 13264 16342 37 70261
131 13274 14220 143 211581
132 13351 15323 24 65438
133 13578 24521 54 476206
134 13622 15582 12 23913
135 13802 14557 150 45138
136 14157 14562 72 25811
137 14300 14665 111 22407
138 14426 15032 18 3642
139 14719 27751 93 358866
140 14729 25581 44 172035
141 14968 15125 108 6177
142 15237 15647 47 9472
143 15263 18621 5 5507
144 15321 17606 47 77180
145 15600 15782 15 939
146 15618 17744 30 26267
147 15765 17989 76 154283
148 15832 19797 58 120899
149 15961 19398 34 90234
150 16186 29465 8 18632
151 16268 18768 11 28437
152 16411 17132 43 13150
153 16541 26434 136 969766
154 16600 26904 94 649957
155 16615 18200 69 164528
156 16726 21676 65 152234
157 16844 30500 59 483585
158 16921 26073 29 43949
159 17025 27154 34 99084
160 17112 19737 18 14639
161 17195 21405 96 541729
162 17251 18725 6 1572
163 17356 23536 106 344412
164 17381 26925 50 399181
165 17394 23744 144 135816
166 17691 20532 14 8937
167 17732 22774 10 13985
168 17810 18541 28 19714
169 17841 20723 15 18613
170 18058 19606 17 21284
171 18087 18983 115 65499
172 18181 20009 56 25378
173 18189 18399 41 7946
174 18227 27736 139 278982
175 18259 18589 89 16325
176 18285 19084 86 43112
177 18288 22524 8 16932
178 18367 25692 97 420569
179 18410 18523 9 2485
180 18417 19857 54 10087
181 18507 23201 36 114541
182 18724 25389 134 580228
183 19170 23031 33 133906
184 19228 24955 31 45804
185 19358 23375 22 21959
186 19471 25643 17 23123
187 19611 23418 17 8833
188 19619 21713 139 67514
189 19749 42194 24 294297
190 19894 29015 79 239447
191 19915 23751 27 26500
192 19918 20480 98 42342
193 20134 25431 86 208301
194 20169 29013 26 78360
195 20324 28185 80 410124
196 20365 22966 61 82654
197 20520 23303 78 64009
198 20585 26785 65 160869
199 21083 24228 35 60494
200 21085 21093 118 459
201 21145 24890 20 65740
202 21210 23389 114 226569
203 21416 24783 6 10739
204 21593 24637 114 256564
205 21862 24306 8 13363
206 21927 24445 9 7334
207 21974 29901 87 288069
208 22012 22236 48 13624
209 22028 25328 140 477174
210 22146 28338 19 100237
211 22300 53578 76 701282
212 22340 23228 47 15184
213 22405 28600 139 172477
214 22413 22916 103 27559
215 22457 23756 87 44198
216 22525 29041 124 249350
217 22587 25936 146 248910
218 22701 25579 5 12283
219 22773 32688 27 101719
220 22786 24645 137 77393
221 22802 25561 10 8233
222 22837 32058 17 103770
223 22858 23829 64 72540
224 23144 25654 149 92497
225 23269 23340 10 260
226 23511 26743 76 125505
227 23580 23697 32 1842
228 23632 25032 37 42794
229 23672 27715 48 62058
230 23894 24453 16 5159
231 23918 26249 91 63236
232 24008 24483 57 8958
233 24270 27433 51 164620
234 24327 26485 16 10440
235 24336 37026 134 582946
236 24352 28115 6 19454
237 24573 28541 36 107498
238 24607 25419 11 1131
239 24622 27811 143 351889
240 24642 25310 73 15773
241 24742 28783 67 238534
242 24761 24920 64 4255
243 24900 28777 82 152852
244 25023 25607 4 1387
245 25084 30394 12 34727
246 25283 30849 4 16508
247 25461 27201 83 103212
248 25644 30205 5 19154
249 26274 30539 41 89667
250 26339 29370 20 19332
251 26394 31976 123 312466
252 26528 38084 55 152702
253 26608 42784 37 343206
254 26629 27661 84 29241
255 26651 27303 118 39445
256 26716 34389 6 49453
257 26787 30722 144 240231
258 26893 27420 26 4052
259 26915 29932 13 10956
260 26989 29535 6 6878
261 27149 28694 48 23142
262 27377 35077 54 84219
263 27495 28013 70 33432
264 27696 31376 33 92219
265 28029 28749 57 17441
266 28070 30265 91 60317
267 28095 29274 51 23071
268 28195 30015 35 8612
269 28257 53181 8 41577
270 28276 31631 36 201474
271 28291 28599 10 1025
272 28293 29993 104 111036
273 28297 32076 144 105172
274 28438 34252 24 43208
275 28456 30791 144 511704
276 28499 29333 22 3720
277 28517 34399 47 52204
278 28548 29741 71 51357
279 28811 31247 70 25219
280 28868 30393 122 92658
281 28899 33452 52 146680
282 28923 29012 7 328
283 29006 29626 65 11232
284 29124 38542 25 66882
285 29180 29291 47 2074
286 29343 39779 117 839429
287 29419 40260 128 832978
288 29454 29842 94 14316
289 29460 41815 41 203788
290 29581 30603 14 3712
291 29690 35286 111 105949
292 29890 34775 46 38116
293 30042 31918 123 41625
294 30066 32999 10 12463
295 30163 41674 66 211783
296 30271 30602 77 13307
297 30331 32547 36 100624
298 30361 31845 96 84865
299 30387 30821 30 4552
300 30496 39603 24 99667
301 30530 43290 22 125772
302 30726 30864 14 1327
303 30805 38613 16 70660
304 30968 31395 12 2844
305 31167 36104 57 145954
306 31190 34169 88 75246
307 31193 47019 20 99444
308 31275 42347 17 26876
309 31524 38497 19 43396
310 31721 48721 12 94259
311 31723 35956 14 71114
312 31726 32377 125 49254
313 31759 34411 106 140424
314 31919 34005 68 56510
315 32160 33196 38 6106
316 32279 36643 99 175595
317 32280 33464 150 384019
318 32371 34909 7 5932
319 32385 36309 68 167958
320 32433 34828 18 14160
321 32475 36613 68 109216
322 32492 40244 88 824849
323 32751 36555 114 152861
324 32774 32834 102 6556
325 32778 33364 87 43062
326 32898 37404 24 42822
327 33156 33988 10 2877
328 33320 48322 29 284016
329 33387 36986 109 107649
330 33399 44503 5 13659
331 33519 38412 12 24002
332 33523 35428 91 53990
333 33600 35922 113 174620
334 33698 34206 17 7235
335 33712 51916 17 198475
336 33714 36122 39 97090
337 33808 34762 52 48529
338 33815 39193 102 542569
339 33965 36083 24 25462
340 34012 35903 38 25216
341 34102 36298 90 178042
342 34136 52406 138 1311858
343 34306 34366 149 3911
344 34477 40033 92 106107
345 34606 35275 35 14014
346 34624 43294 105 567277
347 34804 37567 99 269708
348 34914 35522 130 53224
349 34952 36802 39 28889
350 35026 43565 7 7292
351 35052 43129 36 38267
352 35076 41517 124 256120
353 35079 36455 26 39876
354 35226 39813 80 163452
355 35258 44276 16 22514
356 35552 47707 13 45127
357 35756 38506 136 137161
358 35802 38589 117 263855
359 35866 47960 11 30244
360 35987 38384 64 60347
361 36033 36993 7 3724
362 36035 37685 28 17064
363 36100 37174 8 3756
364 36330 36407 85 4059
365 36384 37798 6 3868
366 36475 40265 32 69561
367 36540 41420 15 16934
368 36573 38504 94 161119
369 36673 37888 54 51736
370 36776 38856 70 39207
371 36788 37872 27 8759
372 36881 40935 50 64027
373 36982 40423 70 119928
374 37135 38132 47 12055
375 37277 49530 14 155587
376 37316 41920 16 12454
377 37319 45273 53 155235
378 37403 37786 53 16187
379 37414 45985 68 369051
380 37884 41537 110 176073
381 37921 41787 84 88358
382 38036 39044 94 68282
383 38123 43170 15 72456
384 38162 39339 18 19517
385 38173 38554 42 3189
386 38368 40002 109 92547
387 38465 39699 15 7735
388 38483 43446 93 164076
389 38693 57836 37 396415
390 38913 45441 117 545769
391 38952 46362 80 160087
392 39004 39126 36 5631
393 39170 43996 10 27519
394 39357 48641 33 245381
395 39534 40243 89 69134
396 39589 45823 47 50388
397 39803 43133 8 9020
398 39939 60126 110 1292669
399 40064 41615 133 58491
400 40086 46286 5 46641
401 40115 41466 104 49958
402 40129 43826 11 34996
403 40153 40639 64 6855
404 40233 49970 90 381881
405 40363 47680 5 14481
406 40523 41995 101 43970
407 40540 40581 38 1148
408 40555 45859 13 40813
409 40715 43455 88 201280
410 40785 59445 84 586431
411 40830 45007 29 55301
412 40867 43177 50 52815
413 40878 41237 55 11144
414 40940 42536 17 8971
415 41020 45664 23 63471
416 41080 46513 6 23648
417 41105 53820 75 249848
418 41171 41455 57 9913
419 41182 48155 67 195249
420 41276 50381 92 544253
421 41341 47183 60 158258
422 41360 41965 83 38018
423 41479 46134 129 514639
424 41557 41644 17 634
425 41656 44980 11 14525
426 41716 45244 27 77320
427 41930 47660 10 20486
428 42020 44078 30 32472
429 42143 43838 86 50532
430 42376 42405 8 599
431 42408 43763 52 23619
432 42465 54820 20 75634
433 42539 45420 102 92061
434 42593 54464 47 273736
435 42642 44368 124 130871
436 42710 43669 17 22793
437 42897 51447 118 69658
438 43079 51091 13 27447
439 43148 43378 81 13523
440 43159 46104 127 66300
441 43211 53057 57 261858
442 43344 44501 70 42628
443 43376 50262 19 77776
444 43483 45612 142 111618
445 43495 44390 17 8340
446 43573 64074 7 26144
447 43601 46289 23 19465
448 43604 46309 74 80031
449 43673 44225 12 4258
450 43679 43694 52 344
451 43808 50281 92 767550
452 43810 45285 55 55174
453 43813 46671 8 16156
454 43879 50040 48 87588
455 43939 46674 130 116236
456 44185 47142 129 173257
457 44474 46645 69 69876
458 44675 46434 108 68323
459 44684 44786 14 555
460 44698 47911 31 82030
461 44717 46553 65 25132
462 44756 50375 73 382496
463 44794 54066 48 110973
464 44969 64656 118 1058939
465 45094 49610 103 142965
466 45097 46783 74 75969
467 45196 53989 113 504057
468 45363 45648 61 15657
469 45416 59403 87 370584
470 45511 50733 46 148771
471 45613 49430 32 25192
472 45647 48350 9 30431
473 45649 46938 10 3297
474 45815 45963 50 5607
475 45816 47192 37 7474
476 45835 49599 29 46630
477 45860 50623 27 53711
478 45984 48591 79 51328
479 46027 50967 42 78517
480 46032 50077 70 225611
481 46087 46455 121 16653
482 46164 47806 29 26917
483 46204 58826 108 406587
484 46229 48397 6 7520
485 46258 49300 9 5574
486 46487 47468 37 15369
487 46491 46501 148 2480
488 46584 47369 8 3010
489 46617 55450 76 146354
490 46672 48638 41 56709
491 46712 50033 45 68396
492 47041 47060 117 1343
493 47054 53059 95 238032
494 47152 56700 13 75304
495 47173 49064 23 12450
496 47238 49850 26 56696
497 47342 52703 131 344690
498 47402 54875 56 102544
499 47415 53195 13 17316
500 47525 49440 29 42766
501 47590 50866 92 184519
502 47779 48240 21 14596
503 47833 49472 9 9741
504 47915 55683 38 414203
505 47951 50855 44 24309
506 47986 49493 46 54610
507 48004 55854 25 73084
508 48097 69346 148 2094253
509 48218 48628 62 17548
510 48432 49045 69 17461
511 48493 49003 22 2463
512 48722 49315 57 12224
513 48778 49739 135 164811
514 49052 49342 14 2109
515 49094 51039 59 34802
516 49113 59854 80 407057
517 49139 51152 129 129000
518 49161 50102 52 37911
519 49232 51544 8 11585
520 49254 60096 41 364896
521 49296 52566 50 100338
522 49316 51665 61 93193
523 49444 50850 32 44611
524 49549 58744 33 57742
525 49621 50369 76 48271
526 49732 52365 5 4211
527 49791 54927 80 420301
528 49807 60034 24 93307
529 49907 58704 50 71443
530 50104 53273 35 28040
531 50442 51085 131 37453
532 50589 53541 66 43051
533 50670 50683 148 1675
534 50673 62691 31 311935
535 50807 54363 143 270008
536 50840 54057 13 37589
537 50932 54533 106 91889
538 51164 56214 54 108452
539 51605 57946 21 78898
540 51678 53606 109 55486
541 51684 54579 45 31453
542 51691 53680 147 66874
543 51735 74653 31 472898
544 51947 55656 12 33325
545 51950 52464 12 1817
546 52124 57224 7 23671
547 52138 55402 15 24519
548 52316 53504 12 11778
549 52414 56472 93 226501
550 52420 63321 46 313514
551 52754 54031 9 1994
552 52877 54848 111 57537
553 53414 53772 11 1478
554 53492 60223 15 29702
555 53571 59381 118 181080
556 53849 62178 90 452652
557 53863 55286 28 20286
558 53917 55774 101 30102
559 54107 54970 28 14425
560 54170 56111 70 118286
561 54196 57467 52 73315
562 54233 60453 145 361211
563 54323 67313 10 74991
564 54384 60133 40 98570
565 54390 55929 115 120831
566 54605 57128 6 6525
567 54738 63807 23 40048
568 54744 60887 10 12034
569 54763 56092 11 8584
570 54981 71352 16 171278
571 55229 55802 20 4795
572 55231 58591 65 97003
573 55306 56446 83 18836
574 55439 63790 19 39906
575 55637 57472 76 68638
576 55690 56204 57 23733
577 55764 57118 36 7872
578 55770 63329 61 132708
579 55927 60100 65 172054
580 55981 74869 67 906767
581 56094 58096 60 53585
582 56121 63157 19 47377
583 56141 57867 146 63621
584 56186 61427 85 383856
585 56276 67558 119 365696
586 56352 57593 20 3830
587 56488 67706 140 900061
588 56602 59893 64 60069
589 56736 56899 8 1241
590 56781 64257 110 261143
591 56978 57762 37 29203
592 57020 62094 134 435735
593 57043 57076 99 1523
594 57149 60615 111 323191
595 57205 57429 44 5153
596 57206 59356 38 15996
597 57213 57954 18 10663
598 57257 78345 84 680752
599 57368 60286 127 78807
600 57383 59307 137 225559
601 57482 60063 49 53870
602 57795 66717 148 1355938
603 57798 57843 39 983
604 57898 59678 37 31644
605 58156 58782 80 65091
606 58164 66552 98 430812
607 58240 60476 95 129664
608 58264 64570 110 434951
609 58268 58859 85 39061
610 58319 59132 73 28471
611 58389 60502 40 94093
612 58503 58780 116 18172
613 58512 61384 9 11803
614 58669 60697 16 9377
615 58686 62749 7 18624
616 58721 59191 78 41735
617 58816 70306 48 252405
618 59003 64850 86 139059
619 59183 60568 14 11021
620 59263 60492 68 24830
621 59306 59798 11 1717
622 59506 69113 107 575603
623 59599 61652 20 10936
624 59652 68003 88 75061
625 59662 62604 23 37732
626 59731 70786 72 1282915
627 59738 72935 9 28566
628 59789 73729 27 79422
629 59823 59831 16 104
630 60117 61701 10 13007
631 60125 83798 71 743705
632 60150 63593 58 188646
633 60387 64626 52 118035
634 60397 60850 10 2073
635 60438 65831 135 309053
636 60588 61579 60 47422
637 60617 67999 8 48247
638 60669 62721 9 6163
639 60853 61424 45 24031
640 60864 60996 30 2278
641 61328 65164 43 55952
642 61521 61768 119 5425
643 61661 63435 25 28005
644 61675 62350 9 6231
645 61742 64035 131 109557
646 61833 74853 80 165741
647 61988 68342 58 340142
648 62144 64572 7 6628
649 62251 63038 11 22338
650 62537 77439 81 326747
651 62600 62961 17 11510
652 62605 67905 150 292370
653 62875 70328 21 28016
654 63154 63831 21 8524
655 63409 65495 34 57479
656 63531 66373 17 49811
657 63542 66722 6 21651
658 63561 65161 68 113750
659 63598 63788 128 14167
660 63731 70466 81 340653
661 63822 75346 73 498053
662 64024 69124 87 86670
663 64082 75682 18 99220
664 64112 68653 23 47818
665 64119 69845 104 98021
666 64239 74830 84 322397
667 64419 64998 23 13900
668 64591 68032 40 26981
669 64853 73628 134 280120
670 65001 69947 115 131769
671 65060 65601 16 7541
672 65062 86134 6 26854
673 65120 67847 63 100872
674 65261 71966 36 167885
675 65591 71593 127 199612
676 65625 66062 28 7151
677 65718 65992 63 14422
678 65777 65991 7 1209
679 65838 66085 33 11568
680 65847 69423 15 54811
681 65858 67003 37 31030
682 65879 66895 7 2498
683 66017 73959 17 30093
684 66018 82207 70 346167
685 66070 72014 10 11672
686 66117 70776 89 270610
687 66170 70395 94 341661
688 66427 69580 96 55033
689 66431 77637 91 187272
690 66700 70745 91 193944
691 66702 68117 64 56735
692 66710 74993 37 119773
693 66936 66944 23 111
694 66953 69442 28 35147
695 67161 86324 94 471697
696 67252 74736 25 74261
697 67605 68450 44 26594
698 67643 70108 88 154229
699 67762 68256 93 19915
700 67767 74491 48 62666
701 67837 70251 131 158733
702 68018 69971 47 39919
703 68051 69900 29 25603
704 68144 70090 15 7640
705 68146 70503 10 20216
706 68330 74476 98 154660
707 68524 73428 71 98935
708 68722 75093 108 417382
709 69038 74671 7 10897
710 69079 79479 83 652138
711 69100 79275 58 214141
712 69532 73179 53 51115
713 69587 74746 44 132554
714 69636 81776 39 235407
715 69732 84803 97 474843
716 69821 73532 5 8646
717 69968 70137 92 10036
718 70052 70107 129 5006
719 70111 70666 13 1542
720 70145 75740 108 298220
721 70194 73236 5 5720
722 70565 72859 108 128828
723 70804 77541 10 14899
724 70895 78907 50 89796
725 70987 78360 66 158191
726 71023 76508 114 197256
727 71033 79269 24 154152
728 71161 74231 60 59034
729 71324 71631 6 315
730 71343 74006 8 15341
731 71414 74867 16 71248
732 71521 80302 33 274361
733 71534 71843 81 12842
734 71536 73219 47 100585
735 71689 71938 71 10513
736 71731 74054 39 21260
737 71825 74208 17 32149
738 71852 72001 22 1011
739 71890 93411 30 485464
740 71945 72231 33 4461
741 71963 78846 19 70708
742 72021 72618 54 18793
743 72029 77357 53 121316
744 72059 74238 77 139609
745 72089 73690 17 15030
746 72268 74345 101 149504
747 72488 76203 20 50131
748 72783 75799 18 23944
749 72989 73999 50 45726
750 73081 78036 123 507344
751 73089 80855 21 67309
752 73180 86708 138 821665
753 73273 73350 5 99
754 73321 81845 109 475191
755 73402 80892 70 127526
756 73585 75430 61 15264
757 73651 85787 13 28864
758 73667 82364 25 40359
759 73673 83146 29 171678
760 73707 75316 12 21390
761 73732 75370 135 144911
762 73898 79242 15 26035
763 73941 76035 96 152667
764 73984 74751 87 32300
765 74133 82380 22 229665
766 74176 74335 134 14422
767 74223 75470 34 26443
768 74426 77744 70 23185
769 74488 77256 95 141665
770 74532 75830 130 62314
771 74560 78017 72 115802
772 74685 76498 32 26483
773 74895 80213 49 409710
774 74961 75360 54 9815
775 75055 75807 6 1532
776 75122 78778 34 56844
777 75151 78868 104 310157
778 75230 89795 124 446655
779 75256 80429 104 215021
780 75909 78737 111 320373
781 75916 77135 47 20399
782 76092 78957 127 382277
783 76147 77014 117 69349
784 76180 78371 48 45966
785 76209 81994 87 237443
786 76227 83758 72 256012
787 76339 80401 17 30795
788 76354 80154 44 222558
789 76385 78327 69 344536
790 76475 76982 66 9020
791 76496 80318 112 115335
792 76599 87340 96 573758
793 76712 82722 20 15499
794 76795 77625 120 74740
795 76824 83525 26 78882
796 76828 78056 129 110914
797 76951 80682 19 13135
798 77079 77690 58 12396
799 77085 84611 102 339161
800 77089 78502 32 14898
801 77101 85023 19 141428
802 77171 81992 53 85573
803 77292 81178 101 216607
804 77302 94452 62 387687
805 77322 89240 52 237401
806 77373 88749 86 532071
807 77412 78475 21 11490
808 77429 79200 132 151358
809 77452 82019 56 36197
810 77483 82472 28 55393
811 77569 84196 150 612703
812 77571 79241 26 47910
813 77572 85345 39 99397
814 77583 77591 10 97
815 77658 82926 95 300973
816 77757 78134 47 13080
817 77793 83458 42 43490
818 77813 81085 34 196218
819 77903 85696 82 470778
820 78201 84264 57 195262
821 78204 80167 105 65107
822 78215 85015 14 73323
823 78304 80200 12 6723
824 78355 80162 61 81883
825 78404 85858 117 900164
826 78419 90096 7 57309
827 78425 83375 11 44644
828 78603 99533 66 329818
829 78667 84178 26 184897
830 78790 81554 147 200065
831 78802 86884 148 802299
832 78818 83025 25 13460
833 78838 84426 14 59877
834 78901 87415 18 120219
835 78908 80056 87 66526
836 78993 81128 9 7708
837 79044 80454 111 84493
838 79077 79567 13 6268
839 79122 82184 8 9040
840 79140 82780 68 105925
841 79407 80448 91 129533
842 79448 79465 60 1443
843 79452 83812 91 50137
844 79468 85725 92 258579
845 79825 79893 129 9562
846 79849 97657 14 47729
847 79880 80116 109 9259
848 79884 83878 15 29815
849 79888 84626 17 20632
850 80476 81905 107 84205
851 80712 83952 81 105684
852 80773 93666 25 130789
853 80894 86196 93 132721
854 80949 83975 101 161195
855 81229 81822 14 4002
856 81332 93278 8 37129
857 81400 82345 85 79988
858 81501 88196 9 35286
859 81533 84551 37 37638
860 81596 85499 14 14865
861 81917 85844 30 51156
862 81927 82381 68 50293
863 81943 92272 94 502106
864 81944 84456 129 184962
865 82178 82245 6 65
866 82191 84261 15 12806
867 82259 84231 13 7236
868 82294 82594 49 8507
869 82335 83995 21 32308
870 82343 84519 90 100381
871 82362 87815 125 164040
872 82419 85282 103 137349
873 82633 82798 38 2142
874 82736 85778 78 26539
875 82862 84501 73 84004
876 82901 85119 108 38519
877 82916 83465 34 7566
878 83342 87713 108 234403
879 83454 84817 122 71820
880 83582 85676 143 118284
881 83610 84917 4 1993
882 83826 83881 124 4932
883 83867 86677 94 134794
884 83937 87751 70 267455
885 83991 84698 105 16964
886 84056 84303 12 2811
887 84130 86491 108 98316
888 84134 85451 79 65656
889 84236 85945 120 77965
890 84266 86960 60 54969
891 84487 84703 77 8611
892 84553 85637 141 205047
893 84614 86840 10 6807
894 85034 91122 81 96330
895 85042 93382 128 369397
896 85046 87416 94 183317
897 85053 93707 142 913632
898 85057 86097 144 90126
899 85222 90270 129 304405
900 85310 85549 32 1952
901 85323 87329 24 14048
902 85478 90608 109 384619
903 85585 86170 53 9533
904 85666 85738 89 10703
905 85774 88608 4 7875
906 86246 88663 13 15866
907 86298 93323 95 449265
908 86511 87666 74 36108
909 86542 88851 15 14183
910 86544 87662 31 16846
911 86620 96186 10 23689
912 86631 86747 33 5255
913 86710 92194 28 17899
914 86792 90674 147 586034
915 86904 87925 23 24197
916 86916 89227 21 33882
917 86952 88503 10 8003
918 87386 88604 94 48919
919 87572 87899 6 1944
920 87675 89089 39 49744
921 87943 92796 69 266443
922 87994 94057 9 28231
923 88219 89707 12 8715
924 88329 91631 43 43829
925 88629 95987 46 301478
926 88748 90287 12 3373
927 88904 95202 84 168550
928 89236 92923 128 387775
929 89250 91446 92 96864
930 89404 89539 110 7999
931 89445 90332 125 133292
932 89453 95436 8 19166
933 89488 90446 126 68423
934 89541 91641 36 49375
935 89568 95179 30 36751
936 89817 89840 66 947
937 89943 94393 8 14258
938 90039 90466 114 37520
939 90133 91654 114 46816
940 90162 93213 4 9595
941 90205 92910 6 7935
942 90229 90645 69 8564
943 90263 98562 67 104822
944 90288 90811 143 34299
945 90450 92033 22 8085
946 90614 94536 138 156215
947 90734 94290 19 13118
948 90770 96552 39 98825
949 90856 91333 51 7352
950 91311 93383 7 8767
951 91617 93004 77 29090
952 91845 96307 100 140203
953 91848 94620 24 55829
954 92376 93275 41 10369
955 92475 92507 60 2581
956 92515 92713 40 2070
957 92523 92757 41 8158
958 92597 95532 134 504270
959 92651 98236 124 310109
960 92683 94102 72 122006
961 92726 99622 116 380680
962 92994 97440 82 100229
963 93090 94165 101 89870
964 93439 95428 26 33448
965 93539 93909 92 42848
966 93732 95033 83 68070
967 93846 94166 81 28083
968 94055 96517 7 5506
969 94182 96516 64 116340
970 94251 95233 19 5287
971 94288 97492 26 62288
972 94295 95831 8 7301
973 94339 94582 80 24882
974 94487 98369 126 223520
975 94616 96110 32 26024
976 94644 98090 36 30252
977 94764 96508 107 24297
978 94853 95723 5 2936
979 94896 98674 49 143516
980 94912 95612 32 19456
981 95165 95574 64 20694
982 95266 98130 60 141266
983 95467 97750 5 4311
984 95519 95861 58 15029
985 95555 95824 113 63839
986 95935 98266 19 17872
987 96095 99454 88 242403
988 96320 96338 12 207
989 96439 97185 35 18782
990 96510 96766 118 18701
991 96537 99555 58 57075
992 96547 98722 6 2661
993 97014 97383 6 1312
994 97108 97702 114 88775
995 97918 97950 147 1940
996 98301 99385 40 16703
997 99087 99647 5 1899
998 99376 99801 97 46145
999 99718 99840 142 9297
