50 1000 0.030
###.........##.....#.........###..##.....#...##...
.#........###.#....#..#.......#....#..#.##...#....
.#.#....#.##..#.......#..........#....####........
#.#####.#..###.......##..........###....##.#......
##..#####...##.......#..........######...####.....
....#####......#....#...........#.#.#.....##...###
......#.##.....##.#####.........##.........#######
......#.##..#.....#.#......##...###..#.....####...
#....#...#......####......####...##..#.....#......
###..###.#.....###.#..#....#..........#######.#...
##...##..#......####.###............###..#########
...##.##............####...##..#.##.#...####...#..
......#...........###......#......#......###......
..#...##.............###..##...#.#...##...#.....##
##..#.......##........##..##....##.###..#.#......#
##..#......#.#........#......#..#...##.#..#......#
######.....#.##..............####....#.#.........#
.###..........##..#.........###.#...##.....#......
...#.#.......#.#.##.........##.......#.....##.....
..#######..#.##..#..#........###....##............
.##.####...####.......##...#..###.................
.#..#.##.####.......#.#....##..##...#........##...
.......#..#................#........##........#...
..........##.........................#.......####.
..#......###...#.............................#....
.##......##.........#..##.##.....##...............
######........###..###..##.####....##.##..........
#.##............####....#.####.....#####..........
.#.........#....##.......###..........####..##....
.###..##..............#..#.####..#..#.#.###.#..#..
###..###.##.........#.#......#..##.##.#.....#..#..
######...##.........#.#.........#....#.#..######..
.#..#.##...#.........##............#.#.###..####..
#......##.##...##......#...........#.#.........#..
..##.######.....##......#......###..##..##........
..##.###.......##.#.....#......#..##.##.##........
.......#####.....###...........###.#....#.........
.......###..#####.##.........#####...####.........
.......##.##..#.##...........#.......##..##.......
..........#####.##........##...........####.......
...##..#....##...#.....##.##.........########.....
....#.##...##.#.....................#...#.#.......
..........##..#..............##..................#
.........#...##......###.#..###...........#......#
........####..#.#........##..#...........#.......#
........##########....#..##...#...#......#........
.............##.#########....##..........#........
.#..##.#....##....#.#...##....#.###...............
.#..###.##..##..........#....###.##...............
###.#####.......##....##.....#####.............###
0 166 2313 47 84035
1 410 5853 15 19686
2 451 27779 119 1370907
3 454 5552 19 99694
4 534 1346 82 34347
5 538 977 35 18044
6 576 9217 19 106798
7 618 4121 56 53491
8 643 927 38 4419
9 657 29340 39 124661
10 730 13261 56 310385
11 742 2587 149 223691
12 756 6292 95 98627
13 773 2125 39 37210
14 791 1253 60 7924
15 898 1198 58 8312
16 959 12314 33 458920
17 1176 3571 142 35231
18 1216 8690 76 285689
19 1288 13950 5 17911
20 1354 23314 12 203312
21 1389 4040 54 99477
22 1419 4187 45 151335
23 1464 9365 95 221567
24 1552 3488 12 18694
25 1578 18798 50 505658
26 1643 3253 15 6578
27 1866 2129 126 26462
28 1934 12907 101 192588
29 2131 2186 20 1415
30 2167 12855 107 1541661
31 2192 13127 4 22844
32 2206 14609 76 312642
33 2243 5701 79 536550
34 2268 19784 58 310479
35 2349 6793 82 130364
36 2366 4492 130 41180
37 2405 12642 81 225121
38 2416 6490 72 164582
39 2461 12970 39 182161
40 2507 3885 65 67959
41 2508 4630 21 5122
42 3033 19328 33 134912
43 3164 4409 143 86838
44 3211 8786 24 35510
45 3289 23956 60 461296
46 3406 5968 86 122667
47 3618 3969 14 3981
48 3701 9034 32 90512
49 3783 12920 19 20795
50 3790 7259 41 58706
51 3842 4375 84 91653
52 3937 25456 7 66322
53 4021 5806 118 147846
54 4033 12555 89 221653
55 4296 5812 113 107500
56 4907 6278 28 13992
57 4996 6065 149 66468
58 5045 5197 117 20721
59 5077 15347 71 524534
60 5155 5280 5 572
61 5233 6063 25 10541
62 5359 8585 17 12557
63 5476 9693 96 190660
64 5544 18081 140 829098
65 5553 18228 40 149814
66 5570 21766 9 16155
67 5634 21012 33 204378
68 5700 8890 50 113493
69 5703 13744 59 154676
70 5934 28289 124 978945
71 6025 12678 141 335044
72 6027 17788 96 134996
73 6071 18397 93 342302
74 6317 13448 39 75794
75 6344 23084 12 35414
76 6409 6710 145 61515
77 6410 11475 73 321358
78 6501 27325 133 797703
79 6568 9409 4 9820
80 6620 19010 137 1302732
81 6669 7596 45 14188
82 6792 8423 49 12130
83 6820 12338 21 70384
84 7039 17618 12 41576
85 7413 39470 82 375241
86 7585 8850 41 10258
87 7603 7659 34 1592
88 7615 46967 130 933649
89 7644 11028 10 24555
90 7833 11413 122 409065
91 8038 34605 23 345091
92 8174 31834 86 529477
93 8186 15957 5 8614
94 8297 11875 86 178919
95 8299 31156 15 116419
96 8418 30096 64 1059235
97 8538 20906 13 23926
98 8591 8837 125 21760
99 8598 16640 45 216611
100 8872 8892 115 2183
101 8927 11491 143 471968
102 8948 9152 22 2739
103 8951 12383 96 90794
104 8973 12727 124 192217
105 9015 36332 92 1537205
106 9027 22043 8 39614
107 9043 11334 106 141538
108 9235 10044 69 49780
109 9381 12957 8 6572
110 9432 13706 101 129557
111 9602 15513 25 82734
112 9736 14631 79 107774
113 9950 16861 88 70965
114 9995 34326 21 224810
115 10008 17016 7 4117
116 10014 10520 15 689
117 10157 27533 51 256716
118 10332 38406 116 653470
119 10399 11406 24 26851
120 10423 10743 39 10872
121 10458 16392 131 158471
122 10729 29333 111 842447
123 10753 14137 17 24854
124 10755 31147 36 115406
125 10802 14002 34 44629
126 10825 11686 129 126851
127 10851 23925 20 75977
128 10862 29240 18 91589
129 10881 12051 94 50289
130 10937 14273 118 192351
131 10944 16488 33 231759
132 11073 24876 60 120835
133 11160 19752 70 324245
134 11188 16708 80 177509
135 11286 19087 90 397993
136 11453 14427 18 15640
137 11485 12229 10 5820
138 11591 12193 15 3260
139 11620 12064 8 644
140 11642 20860 18 21974
141 11701 16921 19 58734
142 11735 16310 83 147256
143 11806 32399 138 748698
144 11898 13865 146 141787
145 12109 22939 8 40010
146 12180 18592 125 421908
147 12223 13853 60 32582
148 12320 13231 11 4429
149 12385 20165 71 308085
150 12409 19440 123 143742
151 12488 23672 47 411841
152 12590 12606 12 92
153 12787 26431 94 314710
154 12831 16635 72 75873
155 12927 23798 26 214470
156 12959 15867 89 124024
157 12974 17783 53 257850
158 12997 18107 53 339617
159 13029 30468 17 121171
160 13165 31529 25 265475
161 13210 20989 71 620667
162 13502 15433 30 46769
163 13588 21560 106 465333
164 13705 15131 106 83008
165 14089 18539 96 346200
166 14098 37779 101 1613491
167 14298 25358 101 261953
168 14545 30838 139 541965
169 14549 18720 145 496747
170 14576 15044 38 9391
171 14785 19208 129 401126
172 14804 56399 26 1036383
173 14810 27696 6 57885
174 14909 19517 4 16922
175 15166 20519 7 39840
176 15172 26189 78 636093
177 15348 22179 78 255455
178 15388 15648 9 801
179 15482 19081 61 137470
180 15655 33187 63 370302
181 15710 16929 28 9977
182 15762 23459 78 117694
183 16057 23041 126 399548
184 16235 20241 140 279321
185 16330 24878 133 486232
186 16655 21265 51 33912
187 16891 25009 134 125282
188 17062 28651 131 644034
189 17130 17415 76 13069
190 17278 23835 125 441645
191 17287 27614 88 382320
192 17459 35675 80 520200
193 17491 27227 25 70377
194 17562 20946 94 413756
195 17577 25134 65 221148
196 17762 24329 53 197291
197 17792 29952 52 128475
198 17876 46371 132 1519421
199 17936 18775 101 38551
200 18049 33495 139 277265
201 18248 23752 113 197883
202 18316 25297 7 13284
203 18377 27548 148 418462
204 18381 19739 23 9848
205 18405 42485 109 1059029
206 18551 31744 14 21482
207 18894 19864 6 5283
208 19039 29603 105 1381399
209 19107 32136 34 256399
210 19188 40666 79 609719
211 19267 39211 63 216014
212 19393 22893 14 14588
213 19426 36412 51 530396
214 19519 22787 17 10785
215 19532 22527 15 26864
216 19545 22953 138 380758
217 19686 24977 5 6443
218 19815 20803 27 21965
219 19881 22647 5 10469
220 19929 28332 12 56502
221 20038 43186 21 191765
222 20173 23049 68 77518
223 20397 20729 4 1221
224 20405 45808 53 492609
225 20439 25008 12 33807
226 20512 28281 61 223285
227 20548 26322 5 8895
228 20671 30507 102 1028525
229 20708 22562 29 22398
230 20716 48355 52 248813
231 20744 21448 110 36879
232 20892 23408 72 60405
233 21090 23183 5 4626
234 21092 29866 145 618611
235 21213 33810 125 493184
236 21230 22421 38 45162
237 21335 26354 145 207478
238 21562 26856 5 10288
239 21835 22775 5 557
240 21962 27556 30 76120
241 22091 41621 142 1848335
242 22256 30056 26 43865
243 22353 27588 28 30377
244 22415 38109 141 691695
245 22452 26979 35 117264
246 22506 33320 146 902897
247 22619 23177 12 6285
248 22738 23650 46 56070
249 22895 29223 86 368843
250 23011 36064 129 855917
251 23066 23647 75 26937
252 23099 46092 82 880250
253 23223 32000 16 216777
254 23326 26684 107 91941
255 23390 23768 32 4643
256 23809 25395 21 12674
257 23913 24228 67 13818
258 23963 26670 62 109581
259 24077 24200 149 11872
260 24290 49278 81 1640931
261 24538 27494 107 179986
262 24611 61669 41 755032
263 24694 34836 8 31078
264 24719 34843 58 164667
265 24782 26866 41 22641
266 24836 39848 63 248062
267 24917 41392 22 91269
268 24926 34178 5 18779
269 24970 28633 76 114757
270 25036 26766 35 21324
271 25061 39000 75 383578
272 25082 32153 81 472525
273 25106 38818 13 56908
274 25173 34201 120 268543
275 25181 28208 7 5857
276 25407 33403 7 37439
277 25426 30840 117 226948
278 25489 29962 65 139988
279 25513 39417 91 248000
280 25606 55738 130 3698899
281 25990 31078 4 10031
282 26115 41007 74 661098
283 26136 32606 33 115888
284 26152 28937 5 2333
285 26382 26921 145 62843
286 26539 36330 32 90949
287 26571 43217 127 618858
288 26753 27513 125 69404
289 26791 30307 120 167187
290 27117 28729 130 153310
291 27280 34643 103 589688
292 27281 36882 83 146960
293 27498 37454 44 365734
294 27544 32532 42 607210
295 27561 30905 131 276568
296 27570 44693 24 289724
297 27675 28223 119 42954
298 27678 36140 116 390741
299 27717 31112 90 79047
300 27734 28776 43 21615
301 27862 38105 25 90007
302 27905 28901 52 15258
303 27930 28243 133 7150
304 28091 35923 56 276342
305 28125 35743 39 140994
306 28203 39693 119 1308029
307 28321 29927 23 17431
308 28349 29500 30 11471
309 28374 31264 82 92571
310 28375 29889 30 20932
311 28533 37815 36 181866
312 28657 35998 22 92312
313 28753 35550 76 138372
314 28830 68826 86 1316834
315 28921 71209 27 1141990
316 28925 37005 34 149040
317 28945 40742 88 287185
318 28980 31632 8 3078
319 29058 49504 104 779132
320 29115 31703 71 96479
321 29116 30815 101 53716
322 29160 35520 13 28518
323 29578 42007 14 30654
324 29612 31867 35 11812
325 29852 30764 6 2300
326 29915 31482 48 20218
327 29965 39172 35 54219
328 30171 34371 49 54755
329 30291 32028 74 62689
330 30430 86126 109 1090770
331 30686 34249 57 47984
332 30693 57285 46 280425
333 30792 40942 21 57884
334 30908 33066 131 170544
335 30932 62555 7 55143
336 30969 33511 76 101433
337 31031 41282 33 159057
338 31187 60493 43 667383
339 31285 34578 104 79646
340 31288 33266 72 184264
341 31342 35641 135 455574
342 31520 40642 10 35275
343 31540 33543 89 64746
344 31679 40899 126 276291
345 31775 39970 85 364366
346 31790 43542 18 132324
347 31905 41671 8 17978
348 31949 37587 147 408608
349 31997 33998 85 192183
350 32078 45274 13 43152
351 32141 35531 40 89046
352 32158 56450 87 1159941
353 32318 32512 44 7916
354 32320 33618 22 12946
355 32342 33202 5 2682
356 32602 38594 114 193709
357 32670 33607 7 5529
358 32733 32756 28 462
359 32955 35647 45 114604
360 33027 56609 24 254695
361 33050 35386 8 10469
362 33068 41481 40 96157
363 33101 39902 110 176837
364 33258 34243 123 70212
365 33323 40026 75 113166
366 33478 41916 112 533840
367 33500 42710 133 312486
368 33526 47382 84 803922
369 33625 43183 14 62913
370 33661 39228 6 10998
371 33872 38753 67 176555
372 33884 36312 30 60890
373 34052 56682 114 1293788
374 34151 38710 23 111466
375 34230 40860 66 236289
376 34288 49961 16 99148
377 34477 48722 100 215627
378 34669 37092 20 11546
379 34682 40469 66 379757
380 34744 41988 9 33789
381 34818 36885 27 35113
382 34940 54029 58 854696
383 35430 40099 25 25681
384 35476 40508 138 347141
385 35525 56599 5 18854
386 35733 36514 46 9102
387 35918 42327 11 21908
388 35995 39349 51 120502
389 36031 51695 85 920225
390 36176 42850 21 74794
391 36191 42025 6 12545
392 36205 37193 113 55159
393 36253 45494 78 622318
394 36381 49059 23 99489
395 36651 52942 33 115221
396 36700 48151 6 36256
397 36931 45434 119 964878
398 37033 43788 60 280615
399 37157 40304 92 71805
400 37299 39785 99 66945
401 37388 53831 15 70092
402 37560 56566 137 635248
403 37566 40832 108 88545
404 37626 44586 56 134266
405 37804 44264 56 216962
406 37829 59965 50 339588
407 37862 69085 55 1701356
408 37960 43010 129 426403
409 38156 42353 73 57347
410 38222 51814 16 144955
411 38372 49702 115 405971
412 38471 51509 78 399869
413 38483 82960 37 1006168
414 38487 42352 8 9165
415 38603 41076 31 27296
416 38613 64131 32 134922
417 38803 39001 105 7110
418 38877 45384 57 169638
419 38968 52540 89 421159
420 39006 46784 30 175760
421 39039 41364 6 4593
422 39092 46495 19 75999
423 39133 45813 28 86535
424 39158 65544 67 635040
425 39304 39436 26 3389
426 39584 53313 147 815703
427 39667 42883 48 154250
428 39673 40713 13 12456
429 39725 49843 32 187294
430 39774 50292 59 221979
431 39803 46530 143 554835
432 39819 48967 111 176243
433 39910 45736 105 628346
434 39957 44348 104 90747
435 39986 63073 94 408168
436 40047 42268 82 202548
437 40221 54468 81 245396
438 40537 47223 25 31534
439 40591 58739 56 924475
440 40714 49679 113 304007
441 40716 56294 125 1074341
442 40739 42897 111 63004
443 40748 48918 25 44409
444 40768 43624 54 128825
445 41002 52340 58 305039
446 41071 51755 33 437373
447 41098 50637 15 47216
448 41119 44607 22 53979
449 41132 46046 75 70269
450 41357 47072 23 38011
451 41410 65405 17 90680
452 41574 54785 115 669532
453 41628 50287 70 271543
454 41762 66877 120 2342656
455 41817 42234 29 6113
456 42130 56868 98 624360
457 42269 78113 5 58201
458 42270 43396 11 5837
459 42586 48282 89 398256
460 42602 50594 35 224151
461 42731 43201 5 4179
462 42828 44181 7 5948
463 43029 49562 18 32128
464 43056 43166 37 2489
465 43305 72977 26 184452
466 43515 44298 32 12036
467 43518 60129 56 235932
468 43567 43927 17 2994
469 43776 44071 73 20648
470 43896 55595 77 1415249
471 43912 64419 72 1034177
472 44329 51804 58 130855
473 44391 58809 57 432330
474 44463 48515 6 22314
475 44484 50875 128 531150
476 44810 46859 6 22910
477 44944 55837 113 278645
478 45093 45934 24 19171
479 45169 50025 13 77957
480 45243 49465 29 104734
481 45409 47639 35 60186
482 45544 47958 88 79618
483 45777 49671 15 18419
484 46062 55337 139 615026
485 46111 46528 115 33928
486 46306 63829 4 33757
487 46328 46549 93 10443
488 46334 56724 11 29221
489 46456 48215 84 116001
490 46561 53416 45 270641
491 46646 60349 17 104677
492 46706 48310 49 25983
493 46794 64779 9 69687
494 46887 48901 132 386917
495 46937 48889 32 31259
496 46981 52654 73 95783
497 46986 47177 35 7710
498 47107 47782 30 5491
499 47110 51596 54 92516
500 47259 73988 64 537254
501 47330 51564 48 139430
502 47524 49403 101 100886
503 47556 51471 39 48717
504 47570 48526 61 17135
505 47685 48363 31 24384
506 47719 48539 56 19779
507 47932 54729 15 40734
508 48356 56548 71 125275
509 48644 52442 73 50089
510 48645 53587 106 182530
511 48737 51089 60 302888
512 48920 57369 24 59908
513 49001 56026 21 56073
514 49076 50934 45 53988
515 49160 56070 113 136383
516 49201 52530 67 170399
517 49607 52185 144 235717
518 49704 62248 101 414888
519 49974 50393 28 4467
520 50003 54555 58 76514
521 50201 57385 115 159887
522 50247 50859 142 98510
523 50272 60467 16 102108
524 50300 50712 92 41723
525 50326 52757 5 7265
526 50330 66891 46 194561
527 50371 52961 61 82962
528 50463 71254 56 800895
529 50507 51865 8 3981
530 50634 53227 6 12072
531 50716 57062 34 40647
532 50743 56584 15 29230
533 50806 60084 36 70478
534 50817 61543 24 257774
535 50819 55193 11 41601
536 50846 51652 36 34790
537 51037 61514 100 463063
538 51129 86826 81 1537084
539 51148 53812 4 3261
540 51260 56087 34 136969
541 51595 53170 10 10882
542 51669 76479 25 193582
543 51702 54221 89 78785
544 51743 52865 100 47221
545 51819 53638 63 54454
546 51827 56406 96 80321
547 51933 54024 64 147805
548 52100 66933 8 63811
549 52229 53351 51 51439
550 52298 53620 74 34372
551 52473 65439 138 898915
552 52535 61401 55 191986
553 52578 56649 11 24277
554 52922 53843 103 233323
555 52987 99280 144 4445984
556 53014 55797 38 44658
557 53102 69702 13 96587
558 53189 67305 104 774848
559 53215 54958 37 83818
560 53548 75943 33 277378
561 53574 63514 74 157355
562 53670 62787 131 695894
563 53857 58511 51 153794
564 53979 58379 109 569048
565 54064 55351 24 12410
566 54085 64480 93 518790
567 54265 68518 9 76771
568 54279 71109 13 46394
569 54280 86638 39 690690
570 54288 81198 27 423814
571 54293 58919 112 526600
572 54470 68495 13 39197
573 54744 56791 65 25698
574 54767 56756 22 15751
575 54788 65414 77 609775
576 54861 56190 17 12720
577 54915 87577 8 55693
578 54949 61008 28 67345
579 54959 57601 84 82343
580 55093 72609 12 112107
581 55130 61094 44 47674
582 55149 75378 35 232232
583 55332 57249 116 177406
584 55391 67309 117 361037
585 55590 70130 70 1082230
586 55642 57402 17 23220
587 55732 70211 63 101014
588 55739 61024 119 275509
589 55886 56801 20 5554
590 55977 60131 44 93112
591 56017 66969 5 14468
592 56197 72814 98 683548
593 56249 73763 19 211594
594 56412 66099 104 238602
595 56487 65777 44 214538
596 56504 62639 116 328003
597 56511 67265 4 22634
598 56593 65063 44 65127
599 56667 56779 63 9442
600 56729 57170 108 28672
601 56730 61733 7 30936
602 56741 68466 62 276956
603 56903 65191 60 271764
604 56919 78227 19 230973
605 56957 59765 39 77988
606 57188 71145 125 857638
607 57289 70300 44 136707
608 57326 58288 115 77534
609 57486 75072 37 436188
610 57607 63452 103 105502
611 57696 58924 45 15644
612 57763 71935 14 51788
613 57802 72515 55 288874
614 58151 84150 91 678140
615 58225 65849 36 66790
616 58395 65774 12 38749
617 58429 61942 133 236681
618 58435 82104 12 226173
619 58450 97462 13 110231
620 58692 63619 99 187127
621 58738 62894 39 90960
622 58778 66564 51 267100
623 58782 59905 18 26763
624 58811 92623 75 578520
625 58876 76823 44 219191
626 58954 66609 28 91128
627 59001 61960 126 80647
628 59122 61810 44 50838
629 59169 67063 76 590950
630 59320 59708 32 11554
631 59338 67187 139 953974
632 59372 67800 34 37665
633 59373 69040 83 241192
634 59434 82437 15 370685
635 59624 70443 110 466827
636 59649 65314 70 339150
637 59675 75367 54 200430
638 59691 65731 55 79007
639 59704 78304 69 548748
640 59792 83224 101 533529
641 59984 60834 13 6425
642 59995 72453 88 960526
643 60056 66737 46 179558
644 60096 71635 84 295121
645 60190 71512 62 402472
646 60215 74614 30 285822
647 60325 71307 20 147721
648 60363 74501 15 150806
649 60372 66277 115 303127
650 60553 65551 110 180302
651 60587 62592 90 95259
652 60776 62131 11 7880
653 61027 67963 74 159497
654 61271 70545 122 475226
655 61308 65463 65 77831
656 61421 76021 9 39580
657 61449 64674 127 309187
658 61491 65436 75 405903
659 61547 70491 14 44631
660 61607 66432 92 367185
661 61777 78911 55 579787
662 61908 63445 53 15437
663 62140 72213 119 181044
664 62182 64874 68 98662
665 62311 66224 137 283485
666 62431 69275 38 65504
667 62590 71451 137 225450
668 62673 64920 5 15157
669 62678 65783 139 227814
670 63106 66943 7 22912
671 63181 69086 75 216258
672 63295 68719 90 177277
673 63379 91915 6 230493
674 63402 66296 87 106904
675 63448 66940 28 69280
676 63587 80691 45 209770
677 63804 70874 31 42621
678 63835 66739 64 32945
679 63855 70712 73 501264
680 64061 72712 46 241227
681 64072 67869 119 213074
682 64081 66665 4 12802
683 64165 70745 131 214570
684 64315 65182 69 22563
685 64333 72287 13 44519
686 64435 75055 25 105848
687 64563 64750 35 2477
688 64687 71390 18 87140
689 64715 90065 23 115813
690 64835 77863 126 648610
691 64892 65501 26 9018
692 65058 89776 86 1005242
693 65108 75117 25 80506
694 65193 75432 8 18801
695 65195 95347 61 876355
696 65301 69838 22 21668
697 65535 72109 103 429367
698 65593 80289 46 429810
699 65640 68859 82 194201
700 65819 72374 9 21480
701 65888 69246 4 10864
702 65970 70410 7 10307
703 66000 80992 134 561642
704 66100 69298 33 84700
705 66132 81822 64 339529
706 66251 66652 97 17604
707 66406 73960 88 533378
708 66412 78793 32 79359
709 66463 72689 88 428355
710 66671 86852 79 997048
711 66864 96563 144 2325855
712 66888 67831 116 83260
713 66895 85577 33 186307
714 67119 89681 144 1075448
715 67398 71065 129 167724
716 67570 69039 106 100665
717 67574 70045 46 31166
718 67614 82682 41 156427
719 67801 73006 69 182675
720 67872 79317 49 223345
721 67892 76797 137 217935
722 67914 68562 9 5071
723 67927 74731 73 399993
724 68132 76596 5 37245
725 68179 78228 36 153621
726 68200 72629 65 345774
727 68226 69093 36 6169
728 68307 73642 5 6672
729 68541 74094 140 246146
730 68579 77080 51 91089
731 68864 77426 30 176020
732 68985 69336 79 27225
733 69048 81543 50 512364
734 69102 75948 17 71219
735 69303 86829 145 485854
736 69576 87778 127 615037
737 69598 72839 29 54936
738 69673 78920 42 300099
739 69693 70188 47 13339
740 69719 72311 136 54092
741 69852 74310 5 8878
742 69985 75384 7 20149
743 70026 70591 89 37231
744 70073 70825 25 16636
745 70137 71224 110 65921
746 70164 87133 6 17808
747 70225 72194 132 102271
748 70276 76870 6 42528
749 70333 80730 6 16634
750 70353 71162 35 10795
751 70513 77596 112 659369
752 70609 72010 12 16880
753 70663 74770 149 409231
754 70856 70896 31 494
755 70862 75231 142 136239
756 70931 80933 42 111153
757 71052 95965 48 349572
758 71071 73843 93 293709
759 71278 73921 27 28276
760 71482 98845 46 396404
761 71595 82044 138 1185218
762 71702 83449 18 57721
763 71861 75502 28 54089
764 71890 75885 5 5847
765 71904 71981 11 955
766 72139 95778 10 60346
767 72219 72225 136 815
768 72273 74030 25 14096
769 72285 78509 17 17090
770 72371 72436 92 1559
771 72405 72465 24 494
772 72421 89152 122 208074
773 72432 74103 56 27154
774 72462 78041 24 84384
775 72525 76693 5 8925
776 72738 83902 25 165976
777 72767 76674 39 119529
778 72836 79913 34 170921
779 72967 74136 121 115418
780 73016 74757 34 59907
781 73026 73758 91 24223
782 73085 89704 109 1262627
783 73497 82210 122 678341
784 73525 74098 61 20403
785 73581 78721 108 883126
786 73634 73788 17 1796
787 73662 88601 144 662956
788 73698 80047 9 15324
789 73777 74901 6 2775
790 73795 75535 17 10276
791 73837 81984 5 23833
792 73840 80775 147 536736
793 73860 95717 29 228575
794 73870 75074 14 16840
795 74102 82261 67 174303
796 74165 93000 60 1140556
797 74219 75156 21 11788
798 74314 77704 24 138442
799 74563 75153 95 103295
800 74604 80489 76 605392
801 74620 80813 49 230550
802 74755 79095 34 55932
803 74798 75354 144 115680
804 74859 87333 33 182069
805 74906 81010 60 381337
806 75067 76267 16 5697
807 75127 78050 10 3801
808 75411 77697 62 59917
809 75480 88437 106 654932
810 75579 86714 55 700142
811 75647 78054 21 15812
812 75654 88009 56 609207
813 75664 85439 23 147398
814 75947 95665 33 172578
815 76246 81809 95 509461
816 76346 85101 19 29931
817 76349 92270 116 501165
818 76457 80635 13 8820
819 76517 79755 94 143294
820 76609 86572 149 608128
821 76618 89504 92 749913
822 76828 83708 88 570815
823 76833 93348 12 61833
824 76898 86831 7 31305
825 77030 79786 126 176509
826 77553 86937 57 190396
827 77557 97318 101 372669
828 77618 79171 94 68880
829 77631 83944 128 565336
830 77962 78966 48 17837
831 78180 78816 86 30942
832 78299 90093 57 365737
833 78309 78602 86 9280
834 78445 93570 46 196993
835 78542 88233 87 567558
836 78564 94963 113 1781912
837 78740 83910 144 629626
838 78758 97785 5 53421
839 79026 84585 58 185947
840 79150 81344 106 67684
841 79189 90141 22 145974
842 79211 79349 133 14310
843 79295 80789 32 22973
844 79365 84480 81 222709
845 79441 95555 129 436043
846 79510 82474 8 9696
847 79585 95314 54 111114
848 79596 80719 145 160169
849 79704 83114 30 109050
850 79857 96589 19 56667
851 80053 89203 125 453272
852 80101 81538 88 19644
853 80177 80263 20 494
854 80218 90394 28 131561
855 80329 87246 25 98514
856 80330 83349 49 58697
857 80335 89611 68 87798
858 80396 82792 14 17128
859 80491 98504 12 32990
860 80538 80834 94 15292
861 80541 99340 56 403717
862 80610 87398 5 14831
863 80916 81214 13 2253
864 80967 98963 72 381280
865 81090 85885 148 263086
866 81095 81612 9 3283
867 81240 85325 106 254505
868 81312 85155 8 14428
869 81325 90378 38 73574
870 81348 82091 139 46819
871 81362 81926 99 39143
872 81392 97150 8 147250
873 81396 83684 20 16178
874 81482 84415 24 68278
875 81680 86517 4 5724
876 82072 85192 40 46292
877 82124 83879 27 43085
878 82187 86536 10 37352
879 82259 82260 18 16
880 82377 87456 44 144930
881 82527 89685 30 40049
882 82882 93796 68 61079
883 83006 96021 5 8029
884 83048 84272 12 9786
885 83178 87362 105 235421
886 83384 85026 119 93671
887 83590 90355 5 37666
888 83941 98028 41 1048868
889 83970 84915 141 75977
890 84104 85113 23 11289
891 84341 87933 135 76878
892 84873 95521 105 688133
893 84893 85879 7 4213
894 85081 89069 12 19112
895 85124 99707 145 2173397
896 85176 87553 38 13229
897 85206 93565 34 53662
898 85267 93480 89 250748
899 85413 90824 31 93931
900 85448 88432 91 65381
901 85566 96202 134 507621
902 85613 90796 99 93927
903 85725 95544 49 107294
904 85734 94183 136 408385
905 85802 91232 47 230751
906 85815 93074 12 19240
907 85828 86741 145 34926
908 85931 86016 129 10166
909 85981 91438 53 163224
910 86382 89559 87 173177
911 86427 92897 23 63284
912 86500 89740 18 30775
913 86552 92221 10 28329
914 86570 95130 10 35743
915 86600 95813 53 244258
916 86751 94821 5 17240
917 87165 89496 54 71376
918 87286 92438 146 121662
919 87345 92891 32 57171
920 87347 89633 25 54463
921 87378 92355 73 300623
922 87718 91093 13 27935
923 87814 92659 40 219240
924 87922 94922 23 145379
925 88289 88706 38 8872
926 88365 94725 113 689142
927 88392 93477 67 94708
928 88479 97158 101 128520
929 88588 97487 11 50112
930 88683 91623 24 14755
931 88906 99927 102 499995
932 89137 89219 17 673
933 89202 92607 38 38260
934 89293 91135 109 63763
935 89298 93154 99 241834
936 89647 90191 27 5830
937 89807 91805 88 71848
938 89875 91610 17 18564
939 90073 95836 12 18388
940 90165 91351 22 38734
941 90193 94689 11 12340
942 90233 93946 51 110205
943 90307 90480 121 8998
944 90309 95066 80 159799
945 90399 91592 4 1873
946 90417 90595 24 1439
947 90519 91490 135 146395
948 90530 90943 26 4038
949 91015 94997 110 141242
950 91064 94464 12 29319
951 91102 97381 19 39482
952 91106 96034 111 128164
953 91113 99956 25 73020
954 91222 91886 133 55468
955 91423 98339 6 6966
956 91475 93872 7 10352
957 91575 91877 32 3962
958 91829 95201 149 401271
959 91975 94132 83 54940
960 91976 93138 50 39273
961 92035 98478 14 121921
962 92051 96425 100 198654
963 92115 95716 100 161045
964 92118 95406 52 82393
965 92217 92525 6 1685
966 92242 97827 72 77851
967 92327 97351 148 502098
968 92573 95042 9 4623
969 92794 94156 74 26576
970 92865 98747 101 357209
971 93033 93143 30 2250
972 93385 94363 52 104820
973 93857 96728 17 20088
974 94022 98546 84 151111
975 94043 95172 35 17309
976 94105 99244 35 34058
977 94145 94956 14 9700
978 94269 96837 32 148134
979 94496 98010 54 51117
980 94559 97995 146 77229
981 94560 96388 29 61955
982 94942 95518 64 9821
983 95160 99780 41 61131
984 95320 96382 9 4448
985 95699 96036 69 5302
986 95742 98627 65 143839
987 95879 96126 21 1622
988 96151 98307 48 56265
989 96196 98437 148 109780
990 96323 98324 67 100517
991 96421 97432 44 12054
992 96528 97210 25 15251
993 96952 98021 118 40771
994 97035 99332 8 9207
995 97451 98741 108 44771
996 98041 98600 75 20088
997 98451 99540 52 9738
998 98727 98990 147 30785
999 98767 99612 100 32146
