50 1000 0.025
...........########.........#########.............
...........#.########.......#..######.............
...........#.#######.........#######..............
.........#############....###########.............
...........##########........####..##.............
...........#########.......#######.#..............
...........#.####...........#######...............
...........................##..####...............
...............................##.................
..............................##..................
..............................##..................
..................................................
..................................................
..................................................
..................................................
..................................................
..............................................##..
...............................................##.
............................................##.#..
............................................#####.
..........................................#.#####.
..........................................#######.
..........................................########
..............................#............#######
............................####.........########.
........................##.####...........#######.
.........................######........##..#######
........................######..........####..###.
......................########............#...#.##
.......................#######................#...
..................##..####.##...............###...
...................#######..##...............#....
...............#.#...######.......................
...............#####.#########....................
.............#.#####.##.#.####....................
.............#######..##....#.....................
............###########...........................
..............#########...........................
............#########.#...........................
.............####.######..........................
.............####.###.............................
...............########...........................
..................#.##.#..........................
.....................#.#..........................
...................#..##..........................
...................########.......................
..................#.####..##......................
..................#.####..........................
.................##########.......................
..................##########......................
0 92 5175 126 354734
1 182 1714 14 10507
2 204 15254 22 166871
3 239 2156 53 66839
4 263 1131 142 83532
5 331 1734 31 15546
6 508 3091 111 116441
7 538 24005 21 174759
8 669 5019 11 8021
9 700 2878 52 38355
10 726 2452 129 269094
11 750 1327 7 1924
12 900 5075 52 49965
13 917 4623 83 150458
14 946 2427 11 8087
15 1081 3584 24 30589
16 1463 19127 104 1005542
17 1497 1972 100 32348
18 1546 10550 104 224372
19 1600 2283 6 1091
20 1808 6321 19 34579
21 1863 3147 16 18774
22 1969 12110 10 16407
23 2105 15528 131 1440640
24 2352 5449 55 52873
25 2364 29393 42 441337
26 2407 5222 37 24037
27 2422 21065 50 146707
28 2463 19806 121 925515
29 2467 27740 4 41740
30 2468 4190 7 3892
31 2576 7944 105 244870
32 2746 7660 106 197782
33 2885 16609 88 788168
34 3021 6137 97 90761
35 3060 23227 20 101568
36 3369 3698 10 3041
37 3385 8454 75 122259
38 3455 5215 25 15900
39 3574 3795 6 830
40 3879 5516 23 17464
41 4004 9492 61 148508
42 4116 31996 36 369731
43 4238 17795 10 98945
44 4350 13646 123 160141
45 4370 7794 45 96286
46 4445 18346 47 234200
47 4547 7422 78 81375
48 4569 26989 127 2211145
49 4571 4893 97 39543
50 4595 31925 5 36175
51 4646 7094 79 138369
52 4698 5028 123 50869
53 4848 5623 51 17036
54 5140 7515 8 11070
55 5221 17766 34 79111
56 5657 24656 45 379603
57 5668 6552 10 2923
58 5732 15740 18 44427
59 5845 9715 7 8524
60 6055 10148 148 541020
61 6071 23851 16 110134
62 6103 15421 63 209162
63 6124 20220 108 837347
64 6291 7615 110 115708
65 6349 12599 40 69017
66 6426 9766 9 9635
67 6547 14009 35 141101
68 6646 13807 19 52346
69 6699 44529 19 297619
70 6811 7519 11 7922
71 6889 11438 140 272930
72 7057 30917 21 120167
73 7169 7306 18 1006
74 7352 13400 6 10559
75 7377 13967 144 196446
76 7682 7734 141 2375
77 7713 16335 120 725733
78 7810 9028 144 45078
79 7895 11867 12 7567
80 7908 11666 133 96645
81 7949 9250 15 6498
82 8169 9420 85 104361
83 8372 14257 12 32657
84 8376 13081 84 220958
85 8423 11103 22 29800
86 8489 25564 17 64877
87 8593 10639 51 45817
88 8862 21550 11 44240
89 8865 23724 32 153617
90 8889 12288 102 105297
91 9002 18086 10 44020
92 9223 15317 72 108237
93 9273 9683 30 4653
94 9346 13528 37 26560
95 9478 11893 24 37435
96 9676 16078 139 268716
97 9711 10771 117 133483
98 9723 21697 76 392354
99 9747 14021 29 62836
100 9796 16106 100 344906
101 9812 14123 80 110407
102 9816 24116 106 164010
103 10098 14654 144 359127
104 10211 15843 20 42691
105 10336 13556 66 81635
106 10344 23364 68 196476
107 10404 15875 14 40216
108 10516 12583 21 14496
109 10525 22619 24 126813
110 10655 17414 95 214115
111 10709 11033 88 13011
112 10901 16400 29 36601
113 11240 14842 23 37332
114 11383 13440 53 86838
115 11447 22405 17 51607
116 11733 43511 39 567943
117 11858 15704 118 612386
118 11870 12113 23 4495
119 11884 17669 29 99161
120 12058 13122 121 117152
121 12073 22647 7 29717
122 12183 31790 11 196102
123 12357 25839 30 150662
124 12586 49375 138 996873
125 12674 15530 70 52523
126 12747 32916 29 266283
127 12756 19409 95 244976
128 12790 32310 11 103976
129 13029 26090 37 39796
130 13132 40085 9 70171
131 13303 42078 91 1443446
132 13415 20290 34 161248
133 13485 35645 15 88127
134 13555 24140 9 36701
135 13661 41650 34 282092
136 13663 27709 84 198689
137 13690 18501 13 99031
138 13777 37845 63 1233533
139 13809 14305 102 15736
140 13857 15517 117 67738
141 13955 14388 135 13178
142 14067 17885 133 231065
143 14142 21968 75 123280
144 14182 16179 140 119252
145 14429 46022 135 1371675
146 14465 21171 115 530633
147 14483 21161 50 70191
148 14494 22862 143 925190
149 14496 14952 103 19330
150 14522 22277 68 227858
151 14588 15326 111 54715
152 14603 21829 100 250597
153 14649 28121 41 113325
154 14755 17721 116 103174
155 14859 16447 10 16934
156 14913 34581 148 3504968
157 15001 16168 27 7120
158 15023 26516 19 198335
159 15064 25892 72 553666
160 15103 19665 31 121959
161 15153 17077 78 138927
162 15333 16220 65 25938
163 15637 20311 74 257598
164 15674 26839 124 938574
165 15822 56077 46 1227977
166 15855 15893 29 551
167 15886 21344 27 48011
168 16308 24237 17 44038
169 16365 16597 143 21231
170 16381 24749 8 24254
171 16413 17377 20 6227
172 16528 25895 17 80723
173 16573 48696 14 228493
174 16717 39454 11 117076
175 16841 26326 5 19228
176 16845 34294 101 298598
177 16866 19072 29 43896
178 16888 25195 37 320432
179 16902 24294 7 13868
180 17216 25587 11 23153
181 17273 26646 100 311125
182 17336 21467 56 46476
183 17516 42860 50 1139524
184 17569 19916 59 47865
185 18269 25303 57 147752
186 18280 36685 101 1082758
187 18356 23066 45 73578
188 18613 19863 149 376258
189 18663 31910 28 223410
190 18919 32170 74 268569
191 18929 22926 33 75456
192 18984 21267 34 27604
193 19074 22160 86 344361
194 19131 24543 74 71343
195 19315 19642 46 7413
196 19457 21362 76 73468
197 19475 40407 25 199252
198 19477 24179 72 332194
199 19547 26826 72 581160
200 19770 34387 58 152739
201 19866 39297 6 42557
202 19867 26890 97 470428
203 19909 31794 80 148469
204 19979 34123 6 16610
205 20028 30716 82 613299
206 20172 21422 69 94290
207 20238 23970 28 124473
208 20249 20777 144 38020
209 20283 31666 59 422702
210 20348 40101 67 635335
211 20375 22370 50 86522
212 20437 25884 57 164875
213 20596 24468 11 21223
214 20607 24563 144 534156
215 20715 23268 56 118818
216 20771 34108 94 202528
217 21045 42602 70 1542823
218 21243 38117 8 18983
219 21381 40298 100 575510
220 21474 21915 8 2186
221 21481 26871 6 27212
222 21493 21546 136 2550
223 21505 24222 57 91458
224 21616 29954 5 30586
225 21752 22571 22 13935
226 21815 24038 44 68539
227 21912 29231 41 244050
228 21925 22415 97 76945
229 22010 28717 12 45229
230 22056 34373 100 420921
231 22077 24846 82 88330
232 22079 36538 90 274560
233 22107 30350 98 570310
234 22140 29530 129 382135
235 22147 31027 71 346917
236 22245 22761 86 26880
237 22436 33135 97 430376
238 22622 24578 20 10819
239 22640 30141 89 223586
240 22703 29825 71 319334
241 22882 25809 89 219334
242 22988 43447 76 287654
243 23055 41802 52 914041
244 23082 40346 148 483185
245 23143 29867 18 18798
246 23159 26489 45 40818
247 23301 26237 19 12293
248 23454 29324 32 107012
249 23585 24682 112 47159
250 23770 27891 5 5731
251 23834 33024 57 347701
252 23856 26898 20 33671
253 23887 24544 56 33935
254 23933 27104 25 39132
255 23958 24995 25 8328
256 24052 28846 120 126484
257 24071 27216 50 18873
258 24109 27145 50 27090
259 24191 31791 58 54235
260 24328 45400 25 178618
261 24334 34760 11 25003
262 24343 25686 86 47749
263 24487 25278 103 12516
264 24516 38164 63 114055
265 24569 25424 85 62913
266 24742 26428 133 29254
267 24802 72825 12 364053
268 24810 28126 29 48220
269 24848 29310 9 7827
270 24902 31631 140 692082
271 24917 29686 75 273760
272 25214 31688 122 182601
273 25282 41572 131 592752
274 25341 27346 26 31179
275 25655 36040 9 57153
276 26003 32720 14 24580
277 26098 32452 12 24502
278 26149 26551 124 23952
279 26236 43483 116 620922
280 26264 35160 10 83214
281 26357 37664 96 330487
282 26536 29400 42 42876
283 26569 28893 93 49996
284 26591 28878 26 23789
285 26610 29804 24 50437
286 26688 27553 96 42834
287 26698 28848 33 58591
288 26756 32272 92 240900
289 26777 29255 104 132700
290 26792 33522 42 113406
291 26821 33826 133 495602
292 26959 45875 109 985295
293 27024 31612 113 212945
294 27038 47425 102 610959
295 27058 35120 130 841113
296 27090 34164 30 82315
297 27117 27764 114 21902
298 27204 43419 11 88265
299 27219 35445 34 120988
300 27301 33770 39 70486
301 27456 30182 46 48040
302 27458 35188 18 83149
303 27473 32923 49 123405
304 27665 37199 57 273265
305 27734 28522 24 2588
306 27745 45112 30 488452
307 28019 31089 12 35406
308 28053 36048 78 147442
309 28070 46501 27 230211
310 28133 39559 78 757074
311 28192 30147 82 155974
312 28210 28896 71 13677
313 28244 34893 129 440549
314 28271 32009 79 76249
315 28447 37644 37 124605
316 28463 35849 31 77801
317 28482 33401 15 26852
318 28507 37456 14 77905
319 28735 30842 9 9183
320 28781 45560 52 632231
321 29011 39387 86 311564
322 29120 29768 114 109418
323 29159 50370 29 106385
324 29162 29503 59 12408
325 29175 37881 140 626227
326 29199 36164 20 72055
327 29375 31380 109 75581
328 29461 31069 12 10661
329 29513 40119 80 633596
330 29546 32016 127 218593
331 29549 34866 68 75253
332 29589 48869 32 92909
333 29649 30624 79 57222
334 29707 30867 18 9604
335 29922 32801 9 12709
336 30042 82336 16 315307
337 30156 32367 36 94381
338 30280 38007 29 27996
339 30434 42470 90 195147
340 30439 30897 139 25256
341 30443 30850 99 26098
342 30494 46752 124 965051
343 30529 39720 52 154425
344 30532 38265 52 82718
345 30703 36928 16 32062
346 31018 35472 34 108390
347 31080 50605 112 221123
348 31604 59149 23 243066
349 31629 32756 22 7905
350 31644 34489 36 47228
351 31858 37954 75 298091
352 31946 41703 35 72537
353 32054 34800 28 49872
354 32066 36890 37 66712
355 32105 34641 48 41790
356 32336 37221 66 227259
357 32341 52585 20 113994
358 32368 59780 110 1139905
359 32404 36142 90 99462
360 32477 33868 11 8886
361 32681 35790 49 62068
362 32823 32963 73 8835
363 33030 41049 12 59740
364 33059 41193 68 139902
365 33123 53470 81 467632
366 33354 42293 5 19100
367 33558 33656 5 333
368 33599 38126 52 73703
369 33687 39973 4 12481
370 33690 36351 111 85806
371 33757 34000 88 24956
372 33811 51246 18 150503
373 33847 43473 25 115116
374 33861 34241 33 6980
375 34073 67242 103 981687
376 34136 35211 19 24745
377 34572 36491 8 12551
378 34720 48569 87 1180034
379 34830 39216 37 25526
380 34930 36155 31 40599
381 34969 44926 91 358622
382 35053 37171 11 5347
383 35220 37283 77 30159
384 35486 43301 78 87715
385 35587 37061 17 9988
386 35593 36086 103 18483
387 35621 44643 29 163429
388 35785 38329 141 179216
389 35796 36719 36 15696
390 36006 38356 128 71200
391 36057 42933 102 321116
392 36066 41039 68 137441
393 36097 38363 93 149185
394 36101 36673 93 17412
395 36216 41684 74 145650
396 36317 36428 51 3060
397 36401 49180 132 339763
398 36447 37398 15 5319
399 36564 40656 43 77263
400 36584 40418 9 14126
401 36626 40701 42 44585
402 36748 43112 103 426586
403 36801 59016 126 984353
404 36819 70476 5 65459
405 37145 37582 67 20641
406 37165 43605 133 360600
407 37412 39673 21 32761
408 37581 50036 20 210553
409 37790 39496 103 57236
410 37822 38343 69 12398
411 37903 51146 111 1148931
412 38104 39245 50 39138
413 38187 41692 5 8735
414 38240 39154 5 3177
415 38369 54093 24 84066
416 38394 40592 11 6703
417 38439 52836 12 30374
418 38517 38693 68 4705
419 38531 39803 70 53195
420 38562 41377 121 227231
421 38809 54150 96 554808
422 38874 40685 117 91285
423 38879 67972 9 77129
424 38900 67983 20 326968
425 38950 44809 26 55051
426 38985 42897 59 66047
427 39001 42458 103 77984
428 39083 43266 66 71315
429 39111 51226 67 549522
430 39162 39943 72 11305
431 39192 56083 111 802489
432 39205 40968 20 7913
433 39217 43327 91 388379
434 39250 48123 25 22280
435 39470 40147 69 31522
436 39508 47469 121 513429
437 39788 60652 5 25815
438 39791 43426 68 197393
439 39807 46322 34 158194
440 40056 50043 24 144319
441 40160 56097 72 826351
442 40227 50614 87 261559
443 40245 58374 18 128659
444 40453 45533 29 24568
445 40516 45249 52 209695
446 40545 41973 19 24091
447 40620 45651 19 22145
448 40778 44395 15 99682
449 40801 42113 19 9779
450 40810 54948 14 247420
451 40885 51173 48 152192
452 40981 43224 23 20978
453 41034 48822 93 201932
454 41047 43057 28 33187
455 41093 47564 30 140087
456 41095 42083 41 25439
457 41139 49574 15 35172
458 41161 72760 31 363229
459 41244 44227 28 23114
460 41300 49018 43 128283
461 41345 47444 17 41860
462 41368 42666 17 9469
463 41640 42665 40 6090
464 41704 46333 43 289653
465 41783 59481 51 392835
466 41787 43995 86 75932
467 41803 47377 10 53403
468 41847 54367 10 85807
469 41899 57581 64 348665
470 41997 49549 65 154575
471 42081 46343 9 23351
472 42318 61024 5 33170
473 42412 52674 25 78232
474 42418 44337 30 28140
475 42443 52288 75 92933
476 42485 42968 9 2006
477 42642 46927 124 384391
478 42652 43840 113 82337
479 42739 44780 127 187119
480 42770 48200 30 49433
481 42887 63386 51 255826
482 42949 77470 10 121622
483 43343 46095 52 121124
484 43409 46975 148 173911
485 43486 45525 7 9798
486 43522 60293 8 15328
487 43564 49935 15 14832
488 43717 51615 6 25904
489 43724 57378 122 504123
490 43893 56855 17 151896
491 43923 48806 131 70992
492 44007 48258 16 16658
493 44025 48928 10 15412
494 44041 44665 33 15451
495 44109 51639 4 4746
496 44190 49310 25 112722
497 44201 44575 63 36666
498 44311 48362 108 119479
499 44525 57889 130 670789
500 44679 46503 32 37627
501 44747 46405 15 43713
502 44760 47040 24 22094
503 44779 50808 62 191655
504 44883 45104 43 2787
505 44894 65461 137 1638895
506 45060 48903 137 278066
507 45316 45530 8 704
508 45506 46182 60 17200
509 45657 74252 37 833396
510 45910 61513 84 679995
511 45951 47674 51 30100
512 45967 46763 5 5104
513 45976 47541 37 21857
514 46015 47733 140 98472
515 46117 64516 118 479476
516 46212 51094 136 119615
517 46384 60693 111 1899735
518 46575 52157 65 183717
519 46727 50608 105 308661
520 46800 52287 34 52137
521 46873 48239 138 37587
522 47131 48675 148 120047
523 47277 59422 89 486782
524 47284 54431 128 555233
525 47360 64375 122 953134
526 47540 49226 30 9364
527 47649 47852 23 3806
528 47726 55712 24 120926
529 47815 61128 98 391205
530 47850 48787 93 164744
531 47922 51129 69 105687
532 48079 56964 40 126080
533 48173 54855 6 40909
534 48209 48952 24 5902
535 48312 55366 29 60705
536 48342 57116 31 45011
537 48463 52748 19 29856
538 48497 69866 28 200272
539 48557 49220 42 9216
540 48633 56633 98 171966
541 48676 50870 9 4877
542 48771 58930 98 756197
543 48859 54737 50 92880
544 48982 57417 10 28688
545 49009 49632 20 16337
546 49050 52029 134 274364
547 49058 55692 12 13263
548 49105 55498 145 394807
549 49409 52691 53 36661
550 49572 55285 53 30894
551 49766 51369 78 149622
552 49797 52942 15 25436
553 50051 59023 59 238141
554 50100 53710 103 276704
555 50196 50499 133 18325
556 50391 65349 15 110233
557 50454 50773 23 3472
558 50595 51133 134 31259
559 50610 55321 50 110339
560 50638 55721 68 369432
561 50674 54332 12 27119
562 50779 59112 8 19893
563 50923 82356 31 155709
564 50955 55776 75 126731
565 50958 51688 22 7425
566 51195 52583 135 171806
567 51219 51299 124 5149
568 51300 63262 81 448258
569 51351 59995 141 604149
570 51361 53219 100 95643
571 51368 54412 4 4543
572 51425 53302 78 47714
573 51516 62125 6 38755
574 51630 54417 76 185044
575 51648 70157 92 1064325
576 51788 64155 5 42025
577 51949 59931 116 347055
578 51968 57325 14 28073
579 52010 64632 6 17068
580 52034 66382 76 944041
581 52059 65223 109 545095
582 52134 56499 10 20283
583 52341 75682 148 2104046
584 52367 66227 5 45592
585 52459 53995 103 97428
586 52688 55730 30 43662
587 52745 77508 75 1856686
588 52829 64076 40 142165
589 52856 55049 10 27748
590 52960 65796 10 130871
591 53092 56841 9 2348
592 53146 58287 109 58565
593 53398 60167 9 21612
594 53436 63406 24 24254
595 53531 69577 120 645019
596 53645 59613 51 161714
597 53908 55069 38 21707
598 53920 60888 48 46048
599 53951 65430 110 504710
600 54019 56717 15 17846
601 54372 63868 44 64170
602 54465 55624 6 6861
603 54503 57396 19 22183
604 54580 57801 69 462838
605 54722 54986 38 13937
606 54748 56443 97 120150
607 54780 56544 124 113408
608 54871 58125 68 89941
609 54891 72138 10 54066
610 55024 56963 94 32871
611 55143 59961 61 94539
612 55155 62457 10 31777
613 55204 76249 77 578151
614 55205 59179 83 83310
615 55278 56532 69 54838
616 55349 66048 15 104632
617 55660 59465 147 248597
618 55672 57796 18 28342
619 55833 68401 22 336380
620 56037 64269 113 205648
621 56047 57223 24 15204
622 56161 58441 113 134423
623 56387 61371 146 190096
624 56505 95351 126 3365301
625 56547 61995 126 625532
626 56576 61461 12 47436
627 56621 62090 22 37183
628 56628 58370 13 10864
629 56692 65901 7 33962
630 56765 62447 5 5034
631 56783 66864 123 252971
632 56818 59262 18 9755
633 56911 62251 139 388228
634 57088 67216 148 253793
635 57248 60294 72 107949
636 57310 64113 110 168488
637 57330 62697 42 52654
638 57413 60995 92 295407
639 57439 73989 59 621754
640 57538 58810 15 11962
641 57582 60183 87 77900
642 57591 59400 89 34299
643 57622 76756 35 290438
644 57629 63155 112 465483
645 57633 61086 132 242000
646 57785 63688 119 184491
647 57830 60279 11 10899
648 57965 72736 39 140546
649 58017 63846 115 143681
650 58116 65962 15 70962
651 58144 62605 59 135219
652 58145 64930 57 79520
653 58262 58582 23 1900
654 58371 78042 112 2605897
655 58414 63717 146 1129010
656 58590 68265 8 31406
657 58704 60606 38 29367
658 58881 73532 115 276045
659 58980 69165 117 662517
660 59164 61605 22 28622
661 59273 59962 25 3986
662 59293 59952 15 4532
663 59515 93044 6 100000
664 59567 72426 41 151814
665 59603 61542 108 131031
666 59683 60551 29 10113
667 59779 70788 51 217239
668 59867 63880 88 301365
669 59924 69197 52 148254
670 60008 64757 143 194319
671 60151 60937 106 73575
672 60342 70832 35 160679
673 60374 63604 10 16558
674 60433 84543 21 224809
675 60473 75573 13 108808
676 60574 64989 51 86235
677 60578 67653 17 62944
678 60683 73379 23 104048
679 60812 71699 87 196094
680 60985 68525 139 814409
681 61007 61919 33 5685
682 61175 69302 84 648637
683 61290 66758 7 8820
684 61552 75701 57 348864
685 61688 79680 6 98863
686 61755 73660 77 371323
687 61962 63474 148 76429
688 62249 69405 4 18191
689 62365 64764 22 32363
690 62413 65575 29 23113
691 62483 65687 32 20546
692 62676 85914 58 267254
693 63046 69101 106 256232
694 63069 66618 21 43538
695 63111 69906 60 289521
696 63339 64463 12 10441
697 63445 65627 73 95239
698 63572 64214 25 7566
699 63653 66629 71 100248
700 63667 74169 24 114844
701 63670 65624 63 95595
702 63710 66846 66 89184
703 63737 82595 25 41495
704 63740 69481 103 669639
705 63800 64456 38 18620
706 63805 65015 13 4632
707 63824 74561 105 289644
708 63863 86493 114 626340
709 64395 71801 30 59335
710 64484 70185 74 392139
711 64630 69564 27 27746
712 64654 69277 16 33783
713 64848 70856 11 32952
714 64919 67250 12 19441
715 64923 75243 15 49901
716 64997 66509 54 44089
717 65117 74964 80 224317
718 65323 74161 25 192272
719 65371 65782 40 6091
720 65595 66385 10 6545
721 65890 66363 91 53202
722 65984 67780 100 106526
723 66018 89221 27 201160
724 66085 66419 113 44801
725 66236 71946 58 177511
726 66331 82335 15 63999
727 66462 71893 18 23733
728 66643 69079 48 33272
729 66761 81414 26 86015
730 66842 76935 14 100583
731 67003 93700 32 266462
732 67041 75956 73 598408
733 67057 89720 8 74481
734 67188 71068 16 18412
735 67281 71080 10 17446
736 67450 68036 50 17655
737 67505 68423 45 28022
738 67519 68183 23 3801
739 67535 77619 10 56660
740 67540 80017 6 27761
741 67557 73098 46 180671
742 67637 91608 122 922489
743 67674 73308 133 517385
744 67725 72570 30 53843
745 67748 74487 119 576879
746 67919 73028 60 117085
747 67930 76150 83 572888
748 67981 74441 17 152859
749 68021 73162 89 214492
750 68061 83368 85 410488
751 68247 70820 38 67409
752 68731 77077 41 65467
753 68819 73769 25 74223
754 69025 79545 48 440248
755 69090 77226 122 480629
756 69195 77353 6 23152
757 69267 87237 149 655969
758 69278 73658 51 49570
759 69280 74753 8 13046
760 69299 74332 42 156465
761 69337 72125 105 148698
762 69499 70339 6 3089
763 69606 69651 95 1935
764 69907 71935 11 10511
765 69916 85710 94 562815
766 69984 74141 105 135659
767 70254 73690 66 61220
768 70332 73254 8 22372
769 70421 74891 67 88962
770 70606 74904 93 104154
771 70670 82380 55 682670
772 70720 76551 78 154805
773 71055 77819 90 174920
774 71063 75768 75 51322
775 71075 77714 30 192528
776 71106 75919 60 166451
777 71385 71892 47 24220
778 71490 83719 29 140215
779 71636 75441 65 192571
780 71663 77509 73 72256
781 71847 86501 131 471786
782 71944 80895 51 81611
783 72262 80062 139 234297
784 72439 76332 48 116071
785 72535 77966 27 32990
786 72579 75823 38 65923
787 72620 76503 52 136167
788 72860 75991 26 34382
789 73031 85817 120 683939
790 73067 76740 87 58533
791 73072 82477 6 31505
792 73095 91873 125 543960
793 73346 75778 119 125504
794 73526 81295 12 35698
795 73768 79064 93 161322
796 73856 86494 115 311314
797 73893 83175 81 316029
798 74070 78703 50 92649
799 74305 86218 38 209565
800 74363 82563 25 115626
801 74400 75187 6 3203
802 74517 74961 107 35714
803 74568 84305 15 28224
804 74577 75048 6 2730
805 74598 90845 51 516379
806 74677 75693 116 37459
807 74848 88149 18 139872
808 74938 82289 98 298803
809 75042 75994 19 3995
810 75122 78278 83 73322
811 75228 77683 52 36571
812 75328 81738 29 62036
813 75722 77981 140 83576
814 75944 87924 116 829388
815 75977 78078 101 77858
816 76148 77760 36 15779
817 76158 76957 79 29807
818 76289 77183 32 16722
819 76307 76745 7 2278
820 76573 76940 128 49488
821 76649 80938 22 38997
822 76656 93708 36 953796
823 76667 98058 15 476645
824 76846 83198 90 189061
825 76850 78697 77 29298
826 76894 77173 6 840
827 77021 83853 100 203410
828 77023 79298 79 130731
829 77056 79799 88 199260
830 77089 79344 4 2096
831 77151 81205 144 133687
832 77314 83306 7 30221
833 77334 80409 103 64133
834 77396 77507 18 936
835 77453 87611 71 362189
836 77461 78720 47 18979
837 77595 84526 53 254745
838 77987 80196 99 135564
839 78087 84827 129 239814
840 78091 82241 10 8407
841 78156 80502 97 135497
842 78187 93609 93 1046420
843 78254 83097 52 75537
844 78405 80220 36 28018
845 78407 78735 49 12477
846 78628 99378 148 277339
847 78655 78673 138 1040
848 78709 79368 5 1985
849 78939 81695 56 98371
850 78995 83360 86 52975
851 79063 81726 47 58087
852 79138 87934 90 616061
853 79185 84718 66 234726
854 79215 93530 55 355474
855 79330 91047 42 125212
856 79342 93152 26 125523
857 79517 80255 134 146972
858 79552 88885 12 85870
859 79605 82872 18 61001
860 79661 91079 91 216490
861 79858 80668 132 21327
862 79998 86180 68 211548
863 80120 86752 147 429284
864 80222 94430 86 807547
865 80252 83721 10 26804
866 80258 90256 11 53605
867 80341 87547 135 623428
868 80356 82207 125 239004
869 80384 82319 6 10768
870 80430 93360 143 1741548
871 80458 84270 90 77329
872 80677 85904 20 26269
873 80702 81982 83 56170
874 80767 84147 53 83829
875 81005 99338 46 287712
876 81043 81671 56 7895
877 81054 81866 85 39724
878 81095 81208 13 560
879 81150 82131 99 20330
880 81152 87344 119 404446
881 81201 92217 52 305753
882 81328 82148 50 34843
883 81444 94775 54 153476
884 81858 85296 16 22698
885 82071 95765 28 224343
886 82132 95089 11 44370
887 82156 88016 143 226039
888 82214 86531 134 102315
889 82238 82599 105 22404
890 82425 90541 31 105208
891 82444 92690 70 159036
892 82486 86342 58 95867
893 82514 84047 47 66918
894 82549 85013 5 2200
895 82607 92051 54 205971
896 82717 89740 48 95832
897 82789 89972 61 74750
898 83206 87081 115 244663
899 83237 87533 68 247964
900 83248 89535 9 11932
901 83284 85089 8 4971
902 83294 89773 42 128619
903 83336 86970 107 170313
904 83699 88726 103 370909
905 83722 86628 28 25355
906 83788 87654 54 81947
907 83963 90510 10 27221
908 84166 89649 26 19334
909 84183 92755 30 23655
910 84208 90741 17 139068
911 84222 91513 105 349648
912 84285 99920 130 810017
913 84381 87983 22 27977
914 84382 89259 19 48306
915 84383 89750 14 30385
916 84569 92789 30 57898
917 84662 89603 30 74830
918 84664 93615 56 110457
919 84740 91807 5 19825
920 84753 85339 91 29205
921 84815 92924 115 1126918
922 84953 87045 22 20818
923 85010 93840 18 46213
924 85121 93649 20 47129
925 85258 85787 25 7802
926 85400 89067 135 598703
927 85684 89405 8 6709
928 85871 87744 7 6639
929 86020 96836 92 215365
930 86065 90259 74 267053
931 86274 99312 23 85689
932 86435 97038 12 106943
933 86632 88952 104 85408
934 86662 93247 63 215939
935 86805 93732 16 26765
936 86835 94495 43 132566
937 86893 91666 66 172903
938 86894 91732 39 70220
939 87232 89008 45 50503
940 87875 93560 30 214866
941 87876 88924 114 16993
942 88138 93784 41 225020
943 88235 90742 83 199843
944 88274 93069 135 229454
945 88520 90202 100 68464
946 88602 91991 63 53330
947 88662 99125 5 24028
948 88729 95474 58 318404
949 88908 99656 49 43585
950 88995 92132 38 20563
951 89161 94131 15 38403
952 89377 89863 23 4566
953 89407 96714 38 62844
954 89456 91002 98 127480
955 89862 93174 6 11178
956 90126 90157 29 1795
957 90180 93144 107 174200
958 90303 91915 56 103901
959 90446 90569 29 2368
960 90556 92272 73 86339
961 90634 95915 59 202064
962 90769 93629 17 21497
963 90952 97440 15 76995
964 91035 94369 13 45404
965 91274 94843 113 116844
966 91318 95475 58 183762
967 91350 91779 24 3180
968 91360 96670 16 23665
969 91768 96178 139 347828
970 92261 95868 107 87718
971 92552 99428 32 111819
972 92971 98335 35 107133
973 93049 93338 28 3251
974 93204 99897 90 450506
975 93208 95050 41 30082
976 93322 98930 36 52330
977 93698 97058 47 31147
978 93755 99872 13 71546
979 94392 99999 22 29639
980 94415 96529 23 62888
981 94522 95469 113 114165
982 94661 99110 38 82336
983 94833 94965 23 681
984 94879 98172 7 12757
985 95062 95407 52 31562
986 95239 97916 17 8333
987 95262 98203 64 75422
988 95691 98340 20 17335
989 95716 98710 92 86450
990 96119 96316 33 4300
991 96207 97900 46 24001
992 96491 98463 128 115438
993 96530 98475 17 15547
994 98051 98151 63 6343
995 98245 99038 108 14732
996 98578 98605 76 1148
997 98882 99871 87 81940
998 98893 98945 15 477
999 99670 99947 98 13161
