50 1000 0.059
.........###.#........####........................
.....#..#######......###.##....................###
.....#.#.######........###...................#####
....###########.......#######................#####
....#############.......#.##.................#####
....#####.###.#.........#####................####.
....########.#.......########.................####
....##########........#######...............#####.
......##.######.......#.#....................#....
......#...###.#...................................
..................................................
..................................................
..................................................
..................................................
.......##.......#.##..............................
......##....##.#######.##.##......................
...#######..#########..####.#.....................
...####.....#..#####....######....................
..######...#########...#####......................
...#######..#####.#.....#####.....................
...#.#######...#####.....#####....................
...#..###.#....######.....#.#.....................
.......##.......#..##....###.......#..#...........
........................##.#.......#.###..........
........................#..#......##.###..........
##.......................#.#.......####.#.........
##.#....................##.#.......#######........
######..................####.....############.....
#.#.#.....####.##..#....#######.#..#.#######......
####...##..###.#..###..#######..#....######.......
#####.####.##.#######...####.##.#....#######......
##.#...######.########....#######......#####.#....
###...#####.#..####..#.#.##.#####......#######....
###...#....#...#####..####....##......#######.....
...........##...###...#####.##........#####.......
.........###......##..#######........#######....#.
......###.####.#####...###.##..........###.#....##
.......#######.#####..###...#...........#..###..#.
.......########.#.#.....................#...#..##.
......#########...##.......................###..##
.......##...####..##......................########
........#####.#...#.....................####.#####
..........................................#.######
.......................................######.###.
........................................##########
.####.#.............................##.########...
...####.#.#..##.....................#########.##..
.##.##########...................####.#######.#...
########.#.###..................######.#######....
.#######.#......................######.####.......
0 24 10013 117 374054
1 82 15219 48 535455
2 132 995 52 21952
3 208 9690 21 125139
4 352 7457 76 178124
5 446 4331 37 71431
6 475 2415 15 7093
7 693 29458 52 803751
8 802 45708 7 85869
9 887 6354 13 50738
10 965 1518 84 27826
11 1035 4654 101 88205
12 1054 4199 100 73145
13 1290 7707 35 201198
14 1339 2426 25 8655
15 1516 7693 33 134172
16 1569 8998 53 134439
17 1678 2483 8 2227
18 1707 6804 15 15189
19 1957 4874 8 10141
20 1983 30453 4 28597
21 2017 9191 126 511534
22 2027 17614 6 31230
23 2062 2548 6 3104
24 2088 23468 115 1262427
25 2290 7183 64 189277
26 2325 6494 30 53877
27 2431 11158 25 90436
28 2716 27455 16 148082
29 2771 5409 50 102109
30 2990 8984 20 68370
31 3144 6470 27 59242
32 3211 12267 59 323566
33 3268 10203 145 442489
34 3312 5629 37 19765
35 3353 8246 147 312475
36 3639 4998 144 29952
37 3681 7550 11 2955
38 3766 7324 35 86389
39 3811 5176 27 62727
40 3818 20243 78 1059598
41 3932 3995 148 19065
42 3968 5735 32 23777
43 4217 5272 41 6611
44 4309 16474 20 57537
45 4353 10124 75 214777
46 4688 7246 30 64142
47 4878 26756 127 573158
48 4880 8091 11 30802
49 5102 11801 21 163063
50 5214 7235 9 12910
51 5338 8695 43 45161
52 5375 44028 149 1880829
53 5387 6771 34 15513
54 5410 8442 13 10898
55 5432 32782 5 16601
56 5466 23927 99 562695
57 5478 9811 110 197487
58 5527 55307 105 1642678
59 5536 32606 17 287010
60 5642 8245 8 12918
61 5824 6095 146 27202
62 5846 23834 114 201401
63 5934 17120 48 55957
64 6113 9471 146 584347
65 6194 8456 149 106058
66 6407 10779 90 317498
67 6459 10303 100 186427
68 6562 16241 10 23067
69 6569 26208 14 128985
70 6650 17983 39 231897
71 6795 26438 40 197740
72 7171 14119 23 48229
73 7323 9586 9 15962
74 7418 8162 144 41698
75 7662 16949 57 394148
76 7818 8342 49 25509
77 7837 23427 125 1203851
78 7974 10507 15 11906
79 8066 31643 145 649657
80 8202 14980 68 236545
81 8234 18089 79 269432
82 8302 9877 73 57856
83 8346 10640 24 21001
84 8360 19414 19 71393
85 8858 14895 36 52272
86 8921 21218 70 757902
87 8934 19387 99 491902
88 9003 13487 36 71815
89 9204 10549 48 30374
90 9374 13803 7 22274
91 9618 19712 18 46514
92 9624 11033 7 1900
93 9635 11846 40 55525
94 9653 28303 57 299965
95 9662 29011 18 250133
96 9671 17069 55 138597
97 9833 15119 40 158804
98 9849 12819 68 206305
99 10083 12508 22 52658
100 10248 18512 12 61998
101 10318 13020 36 70134
102 10323 11625 51 99565
103 10351 11881 117 143584
104 10393 10798 127 30756
105 10522 21365 40 194162
106 10641 15956 13 36478
107 10709 13973 10 15944
108 10804 15847 140 412254
109 11049 11794 57 12515
110 11177 12338 46 16465
111 11232 13202 44 37150
112 11277 16789 82 128072
113 11285 27096 25 305192
114 11434 24683 23 72307
115 11490 13010 74 53473
116 11509 23391 96 571455
117 11758 29911 31 368871
118 11804 20931 15 47572
119 11825 15347 5 3739
120 11930 20912 7 17665
121 11989 12462 49 13203
122 12075 19639 143 385311
123 12106 13984 23 23916
124 12306 18888 136 481068
125 12361 13283 10 9952
126 12444 13207 86 12008
127 12460 18968 52 336970
128 12490 14063 82 38207
129 12854 12972 129 8405
130 12942 16031 11 7626
131 13455 13647 115 18402
132 13718 15204 29 11006
133 13721 17859 20 43231
134 13756 18659 69 56583
135 13950 21987 7 20373
136 14042 22513 18 40550
137 14046 17156 43 54990
138 14143 24496 25 58810
139 14148 21459 64 202978
140 14181 45735 86 817253
141 14259 26286 49 314596
142 14300 27039 59 133309
143 14303 15853 47 49991
144 14465 15206 33 8821
145 14547 22655 33 124749
146 14550 15025 17 3065
147 14693 30839 102 477704
148 14813 21451 149 380358
149 15146 16137 22 20093
150 15331 23593 25 65483
151 15374 30220 17 208014
152 15454 15864 95 20563
153 15496 26336 49 197454
154 15504 15893 5 791
155 15606 23432 132 331041
156 15879 55679 113 1816637
157 15925 21319 4 4291
158 15946 21434 115 939806
159 15977 18285 89 89167
160 16015 16620 11 4232
161 16130 21413 12 49287
162 16258 32301 14 104891
163 16374 22557 35 154800
164 16386 22574 81 89538
165 16417 36090 107 413521
166 16452 25483 20 77919
167 16679 23176 75 219356
168 16694 19412 52 72263
169 16963 19413 78 123503
170 16997 19849 45 163508
171 17107 22533 7 13708
172 17184 21433 11 11490
173 17205 32787 29 145810
174 17437 24582 53 191652
175 17576 23049 79 255186
176 17635 19399 112 147795
177 17708 24981 7 24768
178 18414 40662 119 1650599
179 18489 21895 92 106911
180 18603 24557 22 25937
181 18869 43392 20 168723
182 19101 22041 13 36872
183 19235 20397 51 33648
184 19257 25768 104 489843
185 19286 21135 57 28676
186 19309 39110 44 150539
187 19761 36126 142 1376698
188 19795 37261 124 1286766
189 19846 20590 41 10221
190 19886 30123 25 50492
191 19927 22601 84 214189
192 19933 22476 18 28420
193 20006 22118 67 80165
194 20047 20387 19 5458
195 20052 27548 6 26445
196 20103 33038 124 826438
197 20146 34296 44 300290
198 20260 26812 15 37243
199 20612 30323 8 10985
200 20676 28558 23 105450
201 20837 26464 78 253370
202 21100 22921 97 65726
203 21166 45020 40 205588
204 21192 35301 133 295871
205 21339 26934 67 164429
206 21572 23148 6 5201
207 21773 47460 101 812388
208 21784 47859 126 1397041
209 21795 26849 45 62289
210 21855 34265 129 211402
211 22038 24692 23 15357
212 22099 23920 139 50637
213 22106 47385 72 834660
214 22258 39928 128 1270909
215 22295 32768 17 41874
216 22310 65613 6 29373
217 22365 28161 34 71930
218 22420 38845 20 164136
219 22577 27525 120 264429
220 22583 32309 6 36848
221 22609 22843 59 8157
222 22633 27238 13 20422
223 22666 28293 42 398119
224 22778 22816 29 366
225 22835 29807 123 168417
226 22872 26953 53 70921
227 22915 28137 116 261999
228 23201 26961 73 101683
229 23237 37492 16 230742
230 23326 73969 7 113631
231 23328 25404 53 68356
232 23484 24104 129 32747
233 23488 26262 138 158480
234 23495 24920 18 5924
235 23647 41737 5 61717
236 23914 33754 148 654696
237 23919 31232 65 122277
238 23949 37461 48 515455
239 24009 25620 5 4319
240 24244 42476 133 718873
241 24479 37347 120 1135364
242 24491 26518 101 34279
243 24493 32907 8 21428
244 24554 28196 50 63628
245 24733 30820 104 163470
246 24867 25519 62 10532
247 24869 33484 53 132171
248 24921 36321 120 1772942
249 24982 29332 22 78147
250 25268 28774 35 23603
251 25317 26613 10 8577
252 25381 27643 57 70070
253 25457 32302 132 488161
254 25487 28436 7 9752
255 25511 27290 144 195903
256 25548 95860 5 69949
257 25609 31456 130 727197
258 25660 27154 13 7314
259 26146 28986 67 113915
260 26356 26656 39 6924
261 26445 31653 41 79159
262 26475 32355 12 47251
263 26477 34836 21 52903
264 26478 28198 113 60413
265 26645 65647 95 781932
266 26729 29224 120 140211
267 26797 36155 24 72851
268 26800 28291 19 14271
269 26916 27627 99 12874
270 26956 28614 52 37785
271 27022 31106 146 207860
272 27027 33023 30 98065
273 27046 27247 67 7549
274 27086 30335 38 26225
275 27162 28821 26 61769
276 27232 27310 72 2394
277 27306 28660 18 14127
278 27412 31877 93 187806
279 27478 37249 74 183989
280 27531 29003 9 16214
281 27632 36169 65 85153
282 27773 41763 93 482515
283 27921 30631 135 244404
284 27958 36318 102 198901
285 27971 36777 23 72141
286 28032 29623 68 41875
287 28035 28624 68 20255
288 28076 28544 5 886
289 28234 39244 46 290562
290 28655 38170 98 152861
291 28911 35711 79 301724
292 29001 35395 84 193641
293 29067 31964 148 137388
294 29308 30374 92 125866
295 29333 37870 21 49315
296 29426 29470 88 2115
297 29439 30153 22 4517
298 29448 34665 64 167260
299 29725 32513 32 44387
300 30014 32411 35 24075
301 30071 31436 12 8703
302 30188 43899 47 538933
303 30201 35434 26 37791
304 30238 31129 10 6045
305 30240 54264 101 1298915
306 30243 38580 30 99814
307 30311 31216 122 82402
308 30316 31240 101 28530
309 30373 45755 56 378261
310 30424 34068 90 207247
311 30449 36080 16 25417
312 30478 35334 53 130336
313 30649 33044 75 73828
314 30665 37331 136 1075888
315 30709 36190 22 61416
316 30823 36120 4 12215
317 30938 47726 136 371574
318 31144 32441 35 17879
319 31279 33501 148 190052
320 31325 32306 7 3655
321 31443 31960 66 40521
322 31475 50018 103 1157370
323 31545 34605 15 27079
324 31549 47084 43 636302
325 31644 41790 63 379577
326 31860 33299 111 116337
327 31866 60571 55 274088
328 31878 36316 13 23228
329 31936 32256 31 2567
330 32068 46014 26 100138
331 32171 41706 28 116033
332 32420 50203 83 430621
333 32619 40538 29 143532
334 32647 36807 127 254302
335 32716 52934 91 527052
336 32792 76689 6 80224
337 32799 36909 9 18064
338 32893 41470 14 26490
339 32969 42165 9 78812
340 33016 58393 14 338951
341 33096 33761 84 33508
342 33112 33597 99 23470
343 33385 34352 118 152672
344 33633 38506 75 185549
345 33841 61016 27 468748
346 34223 35602 116 191593
347 34501 35970 23 11494
348 34729 37657 95 73370
349 34774 39897 38 88186
350 34861 37842 113 202536
351 34905 38532 30 27925
352 34923 42071 4 8723
353 34925 42418 144 370559
354 35091 44499 41 201368
355 35096 43648 126 269723
356 35139 36315 62 66781
357 35191 46999 19 81582
358 35339 35818 4 1952
359 35341 43438 98 199285
360 35447 46635 18 142138
361 35458 44163 146 528027
362 35497 43032 57 78394
363 35546 53732 43 503837
364 35590 36718 86 68276
365 35689 46392 39 409797
366 35842 38605 136 108851
367 36032 45889 57 87156
368 36182 39011 97 93877
369 36728 38494 44 46149
370 36869 40565 5 3492
371 37019 40639 59 147745
372 37050 41278 43 29776
373 37103 41210 128 186919
374 37119 61182 132 784972
375 37156 47111 125 259216
376 37286 58848 25 200166
377 37364 41589 98 131769
378 37386 46710 26 116923
379 37482 51008 74 341296
380 37789 46789 30 175381
381 37809 46647 29 118846
382 37930 41176 47 80218
383 38034 39486 5 2184
384 38081 39425 27 30860
385 38204 43367 14 37655
386 38222 43359 73 196578
387 38294 50066 17 35674
388 38357 45841 114 484856
389 38599 39524 133 36155
390 38716 41497 14 42354
391 38829 45144 71 116224
392 38927 49014 32 336267
393 39067 41231 133 106838
394 39184 41119 30 64830
395 39196 40870 40 6766
396 39282 40241 15 19273
397 39293 39641 4 327
398 39296 39788 16 2332
399 39452 40013 19 6660
400 39463 40220 82 53806
401 39675 41722 66 65971
402 39815 43197 15 76420
403 39834 41870 138 183764
404 39845 53803 126 1106798
405 39925 44508 18 38355
406 40032 42683 76 153860
407 40127 52100 23 196557
408 40129 43172 130 107076
409 40499 40818 38 3237
410 40541 57231 95 1123732
411 40773 42259 37 38797
412 40810 43404 56 59694
413 40964 44226 38 165799
414 41107 43220 83 62516
415 41168 59259 8 62474
416 41266 42945 41 36189
417 41580 69096 55 407084
418 41672 63287 13 112780
419 41699 42881 22 5852
420 41784 49880 120 437615
421 41813 48131 9 11228
422 41837 45627 79 183280
423 41958 44775 7 7436
424 41959 48476 122 346933
425 42238 42867 140 27603
426 42270 45103 89 168580
427 42276 47002 56 155031
428 42293 45587 96 83316
429 42296 53270 7 66295
430 42382 49576 90 229440
431 42412 43048 25 13562
432 42535 45108 8 20051
433 42539 46419 8 11657
434 42547 43281 11 4295
435 42699 43722 31 6949
436 42769 51581 50 151162
437 42872 78775 25 162383
438 42910 43318 104 70323
439 43003 44276 69 19154
440 43248 48465 26 69278
441 43372 49491 23 99672
442 43590 51417 145 396021
443 43670 66879 14 87208
444 43748 44159 122 10752
445 43834 51602 88 149685
446 43921 54196 9 62950
447 43933 45345 11 8715
448 43949 49753 54 121618
449 43978 47660 18 17336
450 44198 50980 38 108617
451 44304 57116 18 120304
452 44611 44814 55 7291
453 44642 53866 79 167921
454 44718 47944 29 32730
455 44808 55121 52 588753
456 44869 64522 20 80824
457 44916 48448 78 139019
458 45043 50899 148 486125
459 45085 45952 55 39474
460 45096 66626 53 371257
461 45165 47511 29 27906
462 45258 50782 18 17300
463 45293 58373 41 132249
464 45357 47874 16 28657
465 45507 46324 32 8052
466 45581 62024 10 102503
467 45649 47869 87 207343
468 45656 46787 12 2546
469 45686 53351 99 390477
470 45733 53528 9 24745
471 45769 50546 125 335548
472 45826 55031 136 299441
473 45838 81485 21 284891
474 45881 48655 72 38918
475 45882 46890 17 10282
476 46026 60990 40 440063
477 46114 46945 28 17680
478 46135 71089 13 36814
479 46148 50844 103 166866
480 46261 49523 131 54676
481 46366 56425 5 4356
482 46698 49961 84 199570
483 46839 65727 138 1195021
484 46842 52769 62 144431
485 47044 56086 19 142022
486 47091 62490 39 167988
487 47170 62287 143 6164590
488 47219 47958 55 21297
489 47257 48399 93 224820
490 47363 50617 77 118586
491 47392 49315 89 161612
492 47513 47556 17 450
493 48006 48993 36 14426
494 48014 67553 19 263767
495 48140 62780 78 201265
496 48212 68710 142 3053929
497 48260 59704 60 158441
498 48323 58298 108 546126
499 48344 50434 16 12711
500 48362 49558 38 71486
501 48453 60695 148 712449
502 48503 50404 135 353679
503 48851 50840 112 109567
504 49020 49361 99 18684
505 49073 81606 64 618207
506 49226 63155 55 162104
507 49253 49441 37 11990
508 49263 56727 97 968561
509 49322 59781 92 391566
510 49367 49506 21 2260
511 49388 65928 12 75141
512 49563 55138 51 172863
513 49682 61804 15 124178
514 49751 52025 145 174638
515 49889 53117 123 225012
516 49940 51126 78 55300
517 50116 75190 22 396443
518 50339 50349 33 247
519 50564 66468 25 524926
520 50568 50909 34 3452
521 50791 61084 57 143763
522 50904 61133 37 227930
523 50919 59098 12 83264
524 51199 53666 41 36422
525 51458 54064 25 59327
526 51547 81180 40 573515
527 51572 67851 12 69079
528 51725 52314 41 8229
529 51809 69254 18 72908
530 51816 56759 132 169737
531 52126 53851 10 7188
532 52145 54885 73 56333
533 52232 69989 90 825379
534 52255 68826 95 1598269
535 52596 61518 35 82705
536 52606 56010 77 213692
537 52737 59655 29 105366
538 52914 53702 103 30569
539 52943 58263 16 40808
540 52953 61737 20 45749
541 52972 53920 5 2274
542 52995 53766 64 34183
543 53254 56972 9 15681
544 53276 59299 6 9909
545 53281 90179 59 1102479
546 53424 66825 150 947598
547 53497 61829 14 30034
548 53745 56212 101 88364
549 53802 55637 115 45334
550 53811 54820 26 13173
551 53815 58666 36 49229
552 53934 57256 57 80130
553 54147 75751 6 17785
554 54222 59173 5 4498
555 54327 57032 49 48731
556 54397 63367 88 386961
557 54574 63145 88 185002
558 54814 73388 68 319618
559 54830 59625 118 105363
560 54948 61404 138 301818
561 54992 69032 111 836264
562 55200 71501 150 1651664
563 55335 60420 10 11673
564 55478 56772 32 16433
565 55519 64231 10 32527
566 55772 57246 125 63357
567 55792 71285 10 72151
568 55979 60134 127 265611
569 56167 58281 96 151690
570 56205 73887 79 324490
571 56222 68875 65 155964
572 56254 63853 27 79790
573 56272 62878 8 20601
574 56302 72869 69 612417
575 56470 73916 134 537666
576 56534 60327 59 47276
577 56643 57748 6 4457
578 56667 58410 54 13853
579 56714 57202 24 3755
580 56761 57085 65 11425
581 56864 59610 5 1225
582 56915 58269 40 27651
583 56957 58580 62 18569
584 56969 82068 8 56569
585 57020 59860 88 186918
586 57035 61706 5 9844
587 57174 59000 115 83881
588 57447 72096 43 393965
589 57563 59193 38 13505
590 57579 66863 46 196607
591 57581 67933 140 403144
592 57689 62775 100 225444
593 57693 63977 63 73878
594 57696 65163 137 422207
595 57764 68340 57 165664
596 57797 58719 91 19621
597 57846 63717 91 147676
598 57874 58121 85 23420
599 57892 58708 136 31015
600 57934 60287 148 148274
601 57961 66208 8 22565
602 57985 63076 146 648567
603 58011 69763 33 234983
604 58033 59632 48 95779
605 58050 60038 39 43065
606 58073 63913 68 131944
607 58280 60660 128 302191
608 58293 58886 141 56528
609 58520 63056 110 215013
610 58893 77648 107 1221017
611 58898 65059 73 160378
612 58934 65105 123 277352
613 59460 62737 89 115849
614 59472 61289 48 58454
615 59830 73097 11 62991
616 59976 75763 124 771064
617 60189 60233 27 1252
618 60241 65733 112 81941
619 60335 67802 49 142786
620 60453 73136 122 828575
621 60462 61124 138 26144
622 60575 73029 93 771749
623 60722 67817 18 29255
624 60747 61099 83 40587
625 60777 66348 67 97535
626 60859 63987 10 9508
627 60892 64964 128 324405
628 60903 66741 12 16383
629 60916 66220 9 24357
630 60952 61712 24 9637
631 61088 62120 17 9210
632 61198 61310 108 2895
633 61223 81156 73 635127
634 61229 63153 25 48964
635 61344 62926 118 61820
636 61476 64274 147 227665
637 61524 71461 44 277135
638 61552 64627 95 200772
639 61570 66035 94 360602
640 62011 62745 30 9208
641 62090 70441 108 351872
642 62100 63573 148 121858
643 62244 75931 13 105830
644 62448 75896 123 860484
645 62575 64879 92 63040
646 62635 68962 143 753638
647 62662 81802 41 1140916
648 62702 64292 23 25125
649 62810 83430 27 113562
650 62858 74018 88 806414
651 63139 76369 74 389146
652 63431 67208 96 204562
653 63440 66614 141 127680
654 63598 94301 139 1173190
655 63774 72300 119 393335
656 63854 79216 12 30212
657 63891 64132 23 12011
658 63932 73327 135 628974
659 63992 72090 64 346720
660 64011 94932 136 4125941
661 64070 64127 8 135
662 64107 67761 7 8001
663 64195 69843 85 62454
664 64197 70311 133 108670
665 64242 70467 33 114778
666 64364 74779 34 100508
667 64373 69614 13 12789
668 64473 64748 34 3115
669 64536 68238 116 238316
670 64568 77182 14 47171
671 64605 65176 17 2597
672 64737 68477 92 387777
673 64853 72884 121 231482
674 64948 73371 22 105629
675 64955 70692 39 79727
676 65147 74829 6 17096
677 65199 77233 21 155644
678 65228 65239 21 115
679 65293 69372 83 165115
680 65305 88213 29 214095
681 65525 66608 47 16210
682 65713 78604 119 530747
683 65719 68922 100 195965
684 65818 92557 79 1234046
685 65910 68783 30 21230
686 65938 67828 6 15837
687 66103 70374 64 84836
688 66153 79669 4 21091
689 66186 82014 52 348255
690 66303 69561 24 24943
691 66713 67384 20 8967
692 67036 69342 135 99372
693 67115 75867 57 216174
694 67240 72147 32 118817
695 67254 68174 43 13709
696 67289 85183 9 42140
697 67394 70100 10 22094
698 67590 74541 143 488151
699 67673 79706 9 26735
700 67702 76351 21 72143
701 67864 68220 91 44782
702 67888 75866 76 596576
703 67919 78392 68 438856
704 67940 68699 98 17309
705 68038 78494 28 365228
706 68045 70322 48 63457
707 68302 75619 61 354547
708 68337 80187 23 244500
709 68593 75078 22 34754
710 68600 69857 143 54211
711 68665 77224 105 475110
712 68666 73752 105 146343
713 68837 76869 45 43198
714 68871 71056 21 8796
715 69009 95049 10 211878
716 69013 94257 110 1122614
717 69060 73717 7 14992
718 69089 81281 79 489021
719 69169 72509 27 42588
720 69257 83889 148 866327
721 69324 73149 91 52521
722 69340 77284 53 117088
723 69432 79068 10 60790
724 69572 78107 61 131922
725 69678 72308 126 168640
726 69724 83701 67 462623
727 69779 70313 126 40499
728 69807 82998 72 237627
729 69841 70839 83 41001
730 69966 73810 75 174715
731 70450 75974 25 102870
732 70588 76073 24 68433
733 70666 87710 47 190260
734 70714 71368 132 77414
735 70803 85649 106 1139464
736 71040 80046 128 719904
737 71084 79864 26 150214
738 71169 79301 21 56128
739 71553 79056 7 80415
740 71625 74270 38 80405
741 71718 73476 17 17149
742 71759 72390 53 12396
743 71817 76750 42 116877
744 71884 81094 72 531263
745 71919 74211 36 30326
746 71932 77162 70 366889
747 72145 77684 118 330428
748 72148 72983 102 198451
749 72152 72960 46 10008
750 72292 73518 4 4740
751 72378 74313 17 43059
752 72416 89899 147 1277566
753 72465 80908 101 141369
754 72490 74848 65 122219
755 72570 73463 71 19861
756 72600 73692 25 7916
757 72601 76827 72 191961
758 72608 81029 111 621817
759 72640 75298 36 24338
760 72820 83290 36 186857
761 72846 79178 27 68879
762 72865 80815 108 478216
763 72887 73277 5 1797
764 72952 90072 5 15552
765 73116 76885 45 59896
766 73205 73452 15 1728
767 73300 74184 74 49156
768 73727 83218 16 32517
769 73742 75849 79 108174
770 73896 77406 77 127119
771 73931 78179 58 92637
772 73937 85532 134 637671
773 74012 75847 104 73625
774 74031 87899 51 586239
775 74053 86865 122 590757
776 74098 74996 67 45866
777 74140 74160 52 553
778 74185 77063 14 26401
779 74186 74811 117 25913
780 74227 78261 12 21969
781 74491 77970 15 23510
782 74502 95558 107 1085287
783 74576 78497 132 246023
784 74603 97335 74 705866
785 74636 84533 86 292142
786 74675 75742 59 21982
787 74726 83364 129 710250
788 74859 78148 57 66966
789 74894 81140 125 855518
790 74921 96545 48 304106
791 75102 77340 123 235007
792 75122 79029 67 54218
793 75147 75766 85 19627
794 75242 79941 4 12100
795 75360 77748 132 194295
796 75452 79616 18 26486
797 75612 82171 95 198184
798 75656 89071 18 71908
799 76097 76104 85 755
800 76179 81468 57 197170
801 76217 81883 102 279264
802 76381 78114 62 60691
803 76494 83764 47 402053
804 76584 85878 4 58720
805 76714 77690 93 50141
806 76789 85888 6 36299
807 76871 82030 93 255874
808 76995 90158 60 478333
809 76996 86413 21 56266
810 77543 82564 127 1267676
811 77620 78592 5 4200
812 77633 94887 123 738702
813 77700 82436 128 477597
814 77870 80245 33 29095
815 77948 85721 16 49903
816 78150 82318 5 3336
817 78355 83048 119 116602
818 78381 80905 25 19241
819 78439 90101 60 472564
820 78514 92436 10 82521
821 78548 86440 11 18369
822 78569 90110 116 824971
823 78620 83348 125 83382
824 78834 82493 124 553668
825 79040 95871 50 198149
826 79067 95682 21 75178
827 79079 84340 107 123810
828 79090 92334 9 45322
829 79170 84411 23 57428
830 79225 79746 31 6205
831 79245 86007 69 108670
832 79253 84588 39 143407
833 79257 80689 115 100241
834 79269 94811 12 40222
835 79397 84829 121 390919
836 79401 88961 24 62743
837 79431 88227 23 101453
838 79462 91938 56 283955
839 79474 84025 6 9082
840 79673 92229 5 77132
841 79705 83927 85 215636
842 79715 81492 10 7147
843 79792 88900 73 687040
844 79797 85749 95 283219
845 79868 93486 57 146979
846 79884 86858 35 116066
847 79913 82004 24 11489
848 80200 83437 7 5530
849 80244 84986 10 15771
850 80267 93660 14 59396
851 80335 81666 65 52173
852 80380 94534 4 17069
853 80408 85720 57 296535
854 80483 84949 137 336167
855 80493 82422 9 5305
856 80498 91977 116 289994
857 80519 86767 24 39253
858 80571 82865 147 339491
859 80596 97141 106 437531
860 80761 81376 40 14086
861 80813 95004 63 428502
862 80907 87696 102 242161
863 80947 81391 46 7221
864 80990 87438 121 331888
865 81052 84252 116 87416
866 81298 87210 96 175978
867 81528 83065 98 43140
868 81800 96546 5 13167
869 81831 85276 56 27534
870 82050 83030 147 114007
871 82067 86100 89 48125
872 82297 87340 4 9115
873 82467 85008 44 23500
874 82490 84060 5 2869
875 82587 86227 146 420234
876 82658 83997 42 46044
877 82663 83949 8 530
878 83170 83520 123 22050
879 83243 83848 96 60867
880 83308 98022 76 282234
881 83503 97880 50 250636
882 83568 85152 124 115275
883 83645 86002 139 86790
884 83735 84932 22 22443
885 83768 92152 132 484654
886 83788 84952 65 50937
887 83887 99224 8 31034
888 83906 99791 27 431623
889 83924 85558 34 24478
890 84044 90026 5 9920
891 84084 89307 7 12156
892 84152 84171 59 974
893 84264 95955 115 359026
894 84401 90133 123 399726
895 84567 94139 5 17822
896 84583 86783 73 66736
897 84643 94059 119 413261
898 84649 86952 50 59458
899 84696 85080 10 1192
900 84700 85129 9 8657
901 84736 92529 15 66861
902 84796 88072 141 345321
903 85031 85711 89 39348
904 85210 87087 33 32257
905 85252 95519 99 243741
906 85295 89989 34 71018
907 85315 94066 94 200549
908 85504 95714 68 220757
909 85616 88443 29 17739
910 85631 88142 29 18761
911 86022 93201 49 241835
912 86132 89482 50 73808
913 86368 95924 75 325324
914 86454 87221 8 2350
915 86488 86860 98 6642
916 86547 90419 92 68754
917 86634 89551 28 60985
918 86711 86973 59 13867
919 86775 95636 94 866902
920 86804 87245 16 3924
921 86875 87938 82 42662
922 86946 89186 49 84999
923 87075 90657 7 13352
924 87203 90417 5 9021
925 87211 89285 6 7417
926 87297 91715 7 21848
927 87361 92943 106 232475
928 87586 96457 30 190479
929 87674 96021 34 100378
930 87760 93490 94 286276
931 87832 95995 46 82555
932 87913 90499 21 16077
933 88160 88576 140 29958
934 88268 92241 44 102172
935 88327 98784 85 432802
936 88417 97586 107 552438
937 88658 92302 45 196268
938 88678 96248 56 225827
939 88992 89849 5 1982
940 89054 91827 34 38064
941 89248 90003 34 10584
942 89313 90524 75 32986
943 89388 95524 44 90319
944 89444 92170 12 13909
945 89637 97282 8 40067
946 89684 93767 11 12486
947 89943 90772 66 22980
948 90176 90530 38 12255
949 90238 93408 9 32299
950 90287 94736 81 140096
951 90403 98926 104 476929
952 90467 93175 13 5978
953 90628 96788 23 79231
954 90649 93475 113 176148
955 91025 97527 27 66332
956 91067 99975 24 60892
957 91402 96133 31 48905
958 91601 94450 126 102464
959 91616 96978 89 573372
960 91645 93009 17 4455
961 91703 95687 22 25431
962 91719 96753 99 228021
963 91763 99688 60 162766
964 91871 94033 12 13658
965 92026 98895 62 180746
966 92467 94475 28 13317
967 92490 99387 24 63955
968 92798 95003 137 70629
969 93195 94581 22 7423
970 93215 93974 19 13970
971 93330 98011 75 241009
972 93412 99600 17 49295
973 93736 94840 6 1801
974 93742 98614 50 171014
975 93772 98469 139 115700
976 94230 97483 101 67804
977 94242 97723 54 113765
978 94454 98828 32 53914
979 94497 99724 4 4508
980 94556 99245 14 13308
981 94632 98348 10 6325
982 94651 98834 43 46695
983 94655 95825 120 46400
984 94695 94750 48 1193
985 95044 96684 111 56472
986 95264 96879 114 252392
987 95392 95532 45 2384
988 95518 95648 133 14114
989 95743 99595 39 38910
990 96005 98025 8 10406
991 96637 97994 78 35361
992 96729 97514 41 11257
993 97269 98829 16 8804
994 97342 97556 7 961
995 97689 99257 137 63310
996 98019 99583 126 75934
997 98107 98759 7 4058
998 98360 98912 70 28619
999 98917 99244 104 17897
