50 1000 0.067
#.....#.#........##........##....##......#.#...###
...#.######.......#......#........#......###.....#
...#.#..#......#..##....##..#..#..........#.......
##.#.####......#..#......#..##.#...........#......
#....#..#.........#.##......#..##.............#...
......#####.#.....####.###..#................##...
..........###....##...###.............##..##.####.
.....#.......##.......#..###....##....#...###.###.
...#..###......................##....##...........
...###....................##..#...#.#...##.......#
.....#..................###........##..........#.#
..............#..###......####......#............#
.##.....#....##.#..#..#.#..###......###...........
..#.....#...###..##..##.#........##...#..#........
..#.....#..#.....#....#....#............#####.....
........##.#............######.#..................
..#..............#........####.#.#####............
.###.............#.............###..#....##......#
##.#............##..............#......####.....##
..###..###......##..............................##
........##...............................##...###.
.......#...................#....#....##...#.......
..#...##.................###..............#.......
.####.#........#.#..........###....#.....##.......
...#.........#####.##.....##..................##..
..#............##..........######.....#.#.....#...
..#.##.#.......#.........##..####.....#.##........
###....##.....##.......#.##..........##...........
..##..###......#.......##.......##..........#.....
.#.#.##..................#...####....#....##......
......#..................#...#.......##...##.###..
.......#........#....#.#.....##....##...#..#.#....
................##..##.......###...####.#....##...
.#.#...##.###.#.#.###......###.##.....####.......#
.###...##.##..#.....#......##.........#.........#.
.#.........#.......................##.............
##...................#...#.........#.......#......
#........#..........##...##......###.......#......
#....##.###.........#.......#.##..................
.##......###................###...#..............#
#....##....................#.#...###.....###.#...#
...##....##...........#..###.#..##.##...##.#.#.#.#
##.#......#...........##..##....##................
.###.........#...###.##....#....##.......#........
.............#...##...##.#...........#.#.#........
#.##.#.......#.#.#...#...#..##.....###............
#....##..........#.####.....#..........##.#.#####.
....####..#.#.####..#.......##......#.##..###.....
.....#.....#.........................#.####..#....
.######.####......##.......#...#.....#########....
0 388 13000 11 41980
1 522 1992 17 9432
2 606 5442 67 81139
3 631 3142 44 65838
4 783 4415 123 239364
5 849 2012 11 12254
6 851 4494 14 12813
7 998 3051 129 129975
8 1101 4406 101 208645
9 1231 6601 15 59012
10 1252 9870 37 105404
11 1302 21128 107 804970
12 1613 3300 74 72156
13 1630 2892 142 150196
14 1682 3307 84 114642
15 1733 1855 5 235
16 2028 2457 27 10505
17 2152 5867 104 117135
18 2161 4833 10 18891
19 2252 2739 11 1781
20 2454 3446 65 14300
21 2492 3228 62 29691
22 2559 2727 144 11040
23 2891 4920 96 84833
24 2990 11452 92 571173
25 3047 6827 61 169911
26 3054 6052 86 447639
27 3197 5112 79 56335
28 3468 9365 12 34490
29 3587 5042 34 22149
30 3610 4011 117 17607
31 3734 5500 140 516671
32 3843 4948 116 75305
33 3966 4003 149 2425
34 4137 9226 91 392858
35 4461 16676 131 713868
36 4563 10972 133 552919
37 4572 9222 32 17926
38 4609 6160 108 211252
39 4732 15751 139 464678
40 4915 14160 21 53288
41 4977 6525 114 69861
42 5045 9602 19 23806
43 5056 10447 31 127194
44 5199 6303 133 74107
45 5276 11307 69 256497
46 5324 8882 84 191152
47 5364 6216 70 67998
48 5420 9877 32 14424
49 5422 11613 89 989596
50 5595 14127 34 165286
51 5678 5746 50 1419
52 5772 6756 38 27537
53 5799 9657 12 21524
54 5895 7603 107 78692
55 5898 7783 46 38604
56 6026 6751 14 13331
57 6074 7604 29 17653
58 6100 6651 108 90266
59 6236 8669 142 153795
60 6366 8059 33 23840
61 6380 16097 76 473836
62 6487 11912 117 239396
63 6510 13813 17 22770
64 6535 7759 59 72449
65 6595 8065 6 2532
66 6606 7153 111 33642
67 6668 9220 21 16506
68 6734 13512 41 137567
69 6793 10927 129 712870
70 6896 7431 49 39837
71 6900 6963 62 1843
72 6940 7079 80 6630
73 6960 8281 27 9012
74 7066 8896 18 8874
75 7147 15071 33 149836
76 7588 7853 69 10523
77 7596 7753 32 4432
78 7613 11161 7 5041
79 7678 8863 138 72449
80 7768 9611 56 55246
81 7841 13824 114 231028
82 7858 12964 8 15772
83 7915 9768 36 24285
84 8082 9577 10 7655
85 8156 11791 98 228304
86 8181 21867 119 404399
87 8275 20698 63 441403
88 8287 18383 8 47661
89 8365 13895 71 668823
90 8443 9544 124 122117
91 8471 8689 89 12245
92 8490 11302 10 12135
93 8603 18477 88 352183
94 8656 12572 99 260756
95 8709 10904 15 54855
96 8778 19790 47 206070
97 8885 16585 53 132496
98 9024 11258 71 158629
99 9148 12219 142 264499
100 9162 10194 98 82385
101 9248 10763 60 44562
102 9249 10131 21 22007
103 9449 11407 8 6878
104 9571 12050 141 194545
105 9634 9878 34 6462
106 9659 9831 15 2074
107 9923 15084 143 225123
108 9937 11371 52 62559
109 9999 11738 132 125736
110 10019 11459 45 17183
111 10143 16212 8 31839
112 10193 15668 142 580594
113 10305 10483 21 1627
114 10308 11261 21 26436
115 10504 12053 20 16844
116 10507 12138 140 90836
117 10546 12985 144 90879
118 10584 11817 71 58430
119 10615 15647 76 146585
120 10781 12149 49 36998
121 10782 13333 56 72713
122 10823 11469 109 91779
123 11001 13089 129 199476
124 11108 11466 103 11751
125 11232 13826 88 56332
126 11233 11334 148 3119
127 11303 13206 28 14508
128 11304 13468 123 236522
129 11425 14121 52 136895
130 11435 11640 90 8766
131 11700 15733 13 35794
132 11869 12093 70 12088
133 12058 24525 18 68615
134 12078 16375 63 44284
135 12170 12247 22 539
136 12185 12792 110 32251
137 12216 26970 27 164503
138 12334 16121 25 19091
139 12364 28159 15 209852
140 12493 17406 44 49664
141 12582 28277 66 802111
142 12706 27388 88 808749
143 12727 16674 62 100293
144 12882 33123 6 79991
145 12954 16095 19 28899
146 13362 19658 62 58845
147 13367 18882 146 282251
148 13790 14083 5 303
149 13865 16033 79 81683
150 13969 17517 123 421133
151 14019 21146 15 34241
152 14186 14329 14 619
153 14381 14723 11 795
154 14488 15902 94 45668
155 14521 26769 41 94391
156 14581 21269 85 99626
157 14691 22284 19 51161
158 14853 15562 14 4711
159 15064 19349 28 52263
160 15168 26606 5 25506
161 15204 16189 22 15680
162 15667 15986 5 1818
163 15787 17189 65 73790
164 15976 17912 32 59848
165 16118 18755 6 4171
166 16137 20457 11 22939
167 16210 20128 14 32993
168 16243 16314 68 1925
169 16302 23900 17 30768
170 16503 27893 51 389036
171 16655 19956 67 145290
172 16716 17365 22 6795
173 16912 22176 79 139290
174 16933 17311 17 819
175 16934 17148 82 20525
176 17074 19010 108 135556
177 17269 18373 66 34303
178 17353 24031 7 16524
179 17358 21557 32 74487
180 17375 21584 12 16455
181 17432 29046 109 613004
182 17523 17942 61 10220
183 17585 20029 15 5534
184 17616 17966 103 54595
185 17658 18721 45 98616
186 17819 19844 61 74294
187 17932 18889 11 6613
188 17941 18167 89 10287
189 18103 21685 22 48829
190 18184 25850 137 560407
191 18560 34071 32 304784
192 18716 20157 140 88348
193 18787 20595 73 38982
194 18808 21861 106 115518
195 18839 26026 77 182677
196 18875 28473 11 50841
197 18876 18949 118 3764
198 18879 21390 17 9484
199 18913 20260 136 54927
200 18947 23261 29 43948
201 19053 25367 12 34583
202 19103 20247 69 49128
203 19547 31386 26 96616
204 19664 22639 91 118049
205 19692 23609 81 165310
206 19707 22152 108 151202
207 19886 20079 17 546
208 19909 20480 122 30527
209 19948 21075 78 41487
210 19954 25515 19 53379
211 20115 22568 13 4987
212 20331 24660 19 45044
213 20456 21550 76 60926
214 20461 22321 18 6137
215 20473 23450 99 116366
216 20596 23153 148 217645
217 20763 21648 104 54348
218 20767 21035 68 28892
219 21016 36674 107 1268605
220 21028 25420 50 146364
221 21078 25072 19 29048
222 21101 22743 21 23718
223 21124 37209 45 254367
224 21196 22086 53 12390
225 21331 21354 33 358
226 21529 22993 94 59419
227 21553 26460 38 54459
228 21776 25860 33 135261
229 21786 24213 34 24528
230 21878 25363 101 131347
231 21945 23212 78 71241
232 21986 22411 55 9792
233 22075 30755 36 99829
234 22079 25595 29 60893
235 22138 25784 65 49985
236 22236 22875 104 20943
237 22292 26642 35 108290
238 22340 23818 24 9176
239 22488 23910 55 92778
240 22610 29200 29 127009
241 22619 26976 21 10183
242 22644 25300 25 11295
243 22995 23718 49 9481
244 23566 24383 50 15191
245 23746 28648 57 64695
246 23822 36453 77 321989
247 23885 39209 118 1229770
248 23975 30159 10 28378
249 23988 28403 86 194964
250 24206 28481 11 11702
251 24308 25863 104 44571
252 24473 28380 6 5123
253 24497 24907 78 24707
254 24515 29588 67 169024
255 24594 27732 65 257561
256 24617 31352 32 57163
257 24654 26088 22 7046
258 24694 24806 95 7177
259 24949 29570 14 26459
260 25268 25623 67 21393
261 25500 26645 12 3620
262 25734 25739 43 374
263 25752 29065 113 104657
264 25996 39623 33 108506
265 26007 29663 108 280570
266 26025 34447 73 130099
267 26027 26662 25 17080
268 26051 26151 62 8732
269 26122 26257 19 3751
270 26307 32277 70 431321
271 26334 26874 124 20252
272 26343 28192 124 203317
273 26461 27168 37 3327
274 26478 26856 18 825
275 26493 35445 86 273533
276 26544 32567 55 112062
277 26635 28618 150 170532
278 26930 28484 14 5648
279 27084 27403 34 1762
280 27199 34360 17 84982
281 27429 28707 74 70607
282 27574 30555 98 82119
283 27634 31730 100 340349
284 27812 34794 19 26394
285 28027 28383 108 14839
286 28170 29268 111 35299
287 28176 32985 24 88485
288 28180 38616 62 202253
289 28334 32671 67 109651
290 28416 30554 14 25457
291 28656 29450 15 3632
292 28798 34927 97 168797
293 28901 35168 45 235648
294 28902 38529 77 536884
295 28983 29348 10 2516
296 28990 29767 53 14801
297 29038 29111 47 1039
298 29042 30213 137 107177
299 29122 30313 10 6521
300 29139 34269 14 42713
301 29182 38438 144 382372
302 29291 29831 44 21140
303 29336 30373 4 738
304 29414 30423 137 84306
305 29503 31619 68 77811
306 29624 31440 47 56173
307 29788 39182 32 140090
308 29816 37351 9 40772
309 29881 46890 6 19516
310 30177 42215 142 823168
311 30278 35313 92 82394
312 30360 31823 7 3682
313 30379 31800 8 3175
314 30421 31995 142 115206
315 30427 31705 10 18606
316 30450 31885 38 51381
317 30486 31642 38 16744
318 30539 30927 58 13617
319 30599 30969 118 20730
320 30637 31524 43 32297
321 30703 33551 6 3204
322 30812 31796 36 29596
323 30867 34802 35 27369
324 30978 31037 9 879
325 31425 39058 5 7885
326 31427 31916 69 15539
327 31443 34798 80 95726
328 32013 37255 4 10109
329 32022 33956 44 57833
330 32045 39343 41 132403
331 32105 38956 14 38467
332 32115 38412 15 20288
333 32279 34063 11 8525
334 32303 33222 5 6843
335 32378 32720 6 2786
336 32390 46538 57 174756
337 32476 34864 26 21815
338 32533 32833 11 1875
339 32547 35171 126 76654
340 32790 35551 21 20346
341 32902 33265 108 21580
342 32937 34786 27 27198
343 32982 34371 56 33766
344 32992 34336 70 53113
345 33065 40793 139 558468
346 33082 35456 45 62931
347 33092 35935 49 43974
348 33399 38132 61 229050
349 33405 35219 144 112521
350 33416 35496 13 5606
351 33438 33783 27 5629
352 33502 39533 4 11462
353 33646 37107 52 82301
354 33810 34826 106 27734
355 33827 34454 36 7878
356 33909 38259 106 184484
357 34164 34618 4 1788
358 34286 36803 59 88909
359 34465 35866 88 40993
360 34489 46273 76 569324
361 34535 35651 85 25586
362 34564 38988 43 70881
363 34651 35484 138 74788
364 34762 35530 16 7310
365 34906 36101 16 24693
366 35131 39130 149 341529
367 35152 35217 43 2270
368 35187 36632 142 169018
369 35289 40245 118 331899
370 35425 43120 109 891102
371 35509 37802 120 89869
372 35593 35952 144 10620
373 35726 43393 4 14361
374 35767 39750 30 86172
375 35812 45629 6 11772
376 35891 36724 38 10640
377 36067 37285 70 93305
378 36263 39056 7 3782
379 36408 40794 41 44385
380 36582 39017 16 11936
381 36586 39792 10 10598
382 36587 37537 115 89993
383 36622 37779 92 67860
384 36685 39160 69 50338
385 36767 39621 12 22680
386 37015 46456 35 379031
387 37112 38946 10 11727
388 37120 38923 58 75657
389 37137 41890 62 178985
390 37171 41108 139 193244
391 37317 39430 124 147600
392 37437 43801 70 175397
393 37511 45068 48 258717
394 37775 41256 103 111697
395 37834 40695 87 122380
396 37898 47398 142 1022641
397 37925 40355 93 40268
398 37970 42978 109 177938
399 37978 45468 60 107215
400 38001 39397 59 67718
401 38109 38789 65 33874
402 38171 41426 77 36575
403 38339 40432 11 13020
404 38363 42765 149 258533
405 38383 39811 48 28219
406 38506 46068 27 67381
407 38710 41610 143 121589
408 38731 44164 43 75947
409 38737 40629 7 5482
410 38830 42570 13 23467
411 38876 40768 30 27991
412 39170 44301 16 28850
413 39222 46000 112 265927
414 39311 40700 67 55621
415 39401 47829 109 449451
416 39402 45753 20 37319
417 39591 39782 56 22113
418 39624 41048 32 12361
419 39685 41450 142 67236
420 40075 42888 12 7069
421 40089 48487 41 423549
422 40130 40673 28 11332
423 40161 40782 7 1673
424 40394 41696 80 30238
425 40454 40526 6 670
426 40569 43228 56 32715
427 40589 41125 16 2844
428 40640 41298 120 29314
429 40901 46948 8 36553
430 40904 42431 105 97408
431 40958 41375 62 20155
432 41124 41448 68 19955
433 41211 42017 22 4324
434 41462 41893 124 28225
435 41665 43116 104 141557
436 41719 47565 12 20444
437 41822 43856 23 15707
438 41828 42479 15 6926
439 41842 45257 14 6369
440 41882 44126 21 25733
441 41921 43184 27 11426
442 42128 44437 24 36886
443 42247 44666 47 114569
444 42280 42481 138 10370
445 42368 43154 8 3678
446 42375 43500 78 114894
447 42441 45866 28 17851
448 42581 47440 6 37750
449 42819 43379 68 18851
450 42841 56809 12 51670
451 43072 43392 38 12885
452 43181 61453 67 334789
453 43342 43711 11 1621
454 43436 44540 130 88799
455 43532 45522 94 135889
456 43698 64344 116 807434
457 43949 46199 79 70374
458 44020 44332 102 21191
459 44023 50714 24 58948
460 44078 52488 35 150647
461 44085 48158 117 83895
462 44195 46007 136 541751
463 44416 49512 46 25261
464 44525 46399 92 164126
465 44753 44762 120 491
466 45168 46594 94 41718
467 45170 46975 53 49916
468 45213 45824 32 18040
469 45221 45779 80 39114
470 45330 48313 61 77342
471 45410 51269 37 74331
472 45708 47885 119 315373
473 45726 47779 121 129832
474 45763 47032 23 24778
475 45767 48761 30 45539
476 45784 50739 123 171446
477 45848 47149 128 47086
478 46162 77320 26 292149
479 46680 60255 21 122282
480 46945 47074 5 142
481 46946 48667 13 4723
482 47027 54224 119 170715
483 47277 48078 32 10717
484 47494 50903 49 162137
485 47586 49039 105 58246
486 47666 53215 5 11206
487 47713 51324 97 213699
488 47778 47846 78 1090
489 47800 51471 88 163299
490 47983 48538 47 9874
491 48171 49695 23 11462
492 48241 55988 70 267444
493 48253 49665 130 86822
494 48386 51036 141 224928
495 48418 52402 9 18943
496 48431 54855 62 201480
497 48463 51330 84 186145
498 48546 51925 60 52175
499 48577 57783 121 594209
500 48673 49905 117 45433
501 48677 51404 18 26480
502 48775 64689 67 829162
503 48826 58134 22 91832
504 48885 56162 59 87681
505 49085 54220 121 120652
506 49136 59223 92 128056
507 49164 52219 4 2130
508 49231 52322 21 19465
509 49373 53775 108 70629
510 49407 51125 36 19744
511 49450 51920 70 56346
512 49452 65375 45 216582
513 49474 49719 23 2744
514 49576 51830 125 147070
515 49917 52317 35 64485
516 50304 60107 42 231292
517 50355 52985 45 89558
518 50433 53961 11 19592
519 50453 54230 7 21375
520 50625 52119 92 66516
521 50740 51320 71 13588
522 50891 53559 119 132405
523 50934 60441 111 234011
524 50941 57838 83 436774
525 50947 51792 28 5633
526 50950 53163 18 12465
527 50956 51063 22 2528
528 51048 55778 115 167802
529 51228 51550 59 5408
530 51533 57740 86 194388
531 51554 52185 83 48152
532 51606 53893 133 117337
533 51711 58226 83 254759
534 51886 53377 129 87723
535 51960 52124 101 6791
536 52010 53104 135 43696
537 52102 55635 15 46588
538 52288 52871 41 2723
539 52708 52823 24 2557
540 52712 58143 19 16959
541 52753 54658 54 54377
542 52843 53219 108 11071
543 52970 57651 18 27596
544 53387 59256 35 60968
545 53525 55330 24 36194
546 53710 56928 75 89014
547 53855 56296 89 139985
548 54090 61594 13 25635
549 54149 54301 10 590
550 54371 57634 38 32957
551 54394 56922 80 90723
552 54584 57672 17 19370
553 54636 55709 58 23090
554 54704 57299 11 29844
555 54792 56805 19 16810
556 54800 67151 147 1199046
557 54878 55369 12 3897
558 54885 56420 112 79957
559 54888 55761 33 10675
560 54890 66089 12 69926
561 54962 60804 99 289111
562 55022 59327 91 125492
563 55056 56980 49 32653
564 55074 60683 67 727362
565 55257 57725 20 7613
566 55318 55857 60 55054
567 55324 62644 58 135976
568 55341 55416 21 2207
569 55376 57664 50 35860
570 55608 63758 70 108655
571 55657 58460 89 273262
572 56072 56429 41 2662
573 56077 65673 16 86577
574 56177 58022 88 69825
575 56189 58921 9 5604
576 56274 63194 84 200874
577 56493 61094 12 17345
578 56517 58554 91 146134
579 56674 69234 11 25032
580 56685 58210 75 29575
581 56693 58696 41 22770
582 56831 58760 8 4003
583 56932 57449 20 5606
584 57047 61132 25 92694
585 57119 62131 133 780748
586 57126 59099 55 81945
587 57128 64975 89 197686
588 57359 60568 25 47890
589 57380 59730 5 4365
590 57424 59841 109 137275
591 57465 58325 89 16303
592 57470 62950 13 74456
593 57549 58144 147 24106
594 57676 62958 84 216933
595 57717 60736 103 77573
596 57867 58436 22 14685
597 57870 60097 43 35968
598 58042 61664 8 9665
599 58071 58882 37 14832
600 58216 59986 6 4240
601 58224 60562 92 425713
602 58345 67075 56 377996
603 58384 61938 72 199926
604 58671 58919 13 1501
605 59037 63055 84 81805
606 59043 66851 130 328790
607 59222 62192 122 146972
608 59698 60316 24 9409
609 59804 63693 12 18402
610 59911 63120 96 195355
611 60041 65154 27 30012
612 60066 68458 69 202126
613 60074 61174 118 51050
614 60269 62495 54 51051
615 60270 63125 148 89327
616 60532 61716 110 99311
617 60573 61227 42 21042
618 60785 69247 126 263876
619 60852 61383 22 5672
620 60853 61264 49 11323
621 60880 68116 131 473148
622 60942 64535 56 58187
623 61047 68127 61 167751
624 61070 61283 148 10808
625 61127 64599 55 191087
626 61166 68826 9 28336
627 61191 62194 28 39386
628 61193 71837 16 46119
629 61269 63040 61 39920
630 61407 62720 20 10881
631 61706 62143 73 13362
632 61722 64068 8 22625
633 61793 63726 127 64901
634 62052 63809 27 15855
635 62097 63488 22 18110
636 62361 63101 24 7950
637 62370 69879 6 14302
638 62467 63274 53 24152
639 62468 70399 12 31136
640 62474 66599 93 610087
641 62564 64045 28 13464
642 62629 64849 13 21843
643 62831 67477 66 191916
644 63512 65357 121 134520
645 63527 66646 142 137846
646 63581 63869 85 22709
647 63609 66397 17 18600
648 63670 63783 82 6365
649 63692 63882 12 4590
650 63729 65872 24 22972
651 63733 66010 81 238970
652 63737 67978 139 266665
653 63828 66123 20 63317
654 63835 72693 25 56303
655 63936 74668 11 57820
656 63957 65202 49 14460
657 64001 65835 17 7753
658 64012 66718 52 113079
659 64189 65413 65 46374
660 64255 66672 51 44767
661 64315 65410 39 13963
662 64523 64668 91 11280
663 64563 65679 21 7167
664 65124 65579 82 6878
665 65228 66126 60 16862
666 65436 68510 98 197442
667 65567 71477 10 34886
668 65569 71006 66 187740
669 65689 67153 9 10488
670 65707 66784 86 22563
671 65771 76879 121 365028
672 65793 68433 44 48771
673 66097 69553 31 26845
674 66100 66906 19 14256
675 66121 71391 78 169562
676 66183 67508 84 21741
677 66219 68346 20 11741
678 66399 69793 27 43638
679 66447 79563 10 76144
680 66581 75000 119 1573208
681 66584 68899 149 202178
682 66901 68129 83 51821
683 66939 74562 39 37252
684 67197 67971 25 12561
685 67334 68299 132 151767
686 67398 71630 76 106808
687 67606 67903 10 1128
688 67643 70468 56 57682
689 67721 71591 51 136726
690 67986 72619 37 78288
691 68011 68907 10 4896
692 68028 73267 117 185571
693 68189 74484 133 397098
694 68232 76841 75 178944
695 68436 80637 35 339582
696 68450 71970 119 338733
697 68502 77145 67 351725
698 68740 69193 65 5120
699 68794 72044 131 426301
700 68823 72160 9 11056
701 68836 69198 6 1269
702 68945 69906 55 31644
703 68991 69530 62 21208
704 69169 73229 22 38067
705 69302 72591 22 48588
706 69367 70449 11 9369
707 69369 71012 79 63648
708 69374 82675 58 202754
709 69455 70980 115 60073
710 69754 71901 43 55141
711 69776 71090 103 74408
712 69875 71952 133 22027
713 69983 72602 40 42563
714 70019 73621 109 359898
715 70055 75268 51 284741
716 70141 76306 18 81257
717 70354 80823 94 283022
718 70464 75327 122 169081
719 70514 70803 126 38303
720 70589 71617 79 38757
721 70646 72874 73 76431
722 70653 70847 18 2736
723 70684 72590 123 209419
724 70858 70975 123 2458
725 70881 81600 36 50130
726 70891 72236 4 8916
727 71022 72630 60 63455
728 71057 73239 25 29479
729 71275 76729 81 346027
730 71482 77216 17 66691
731 71519 75400 5 5914
732 71548 77076 8 26465
733 71660 80483 106 119384
734 71735 71931 127 26313
735 71750 72554 68 20497
736 71795 75367 75 120967
737 71843 72142 114 12963
738 71967 72977 9 2285
739 72019 72692 73 18609
740 72062 80771 10 45704
741 72147 72489 137 33350
742 72164 74052 121 178918
743 72260 73559 52 77830
744 72290 73255 141 38655
745 72324 74044 49 26952
746 72346 73110 117 61443
747 72377 75241 88 39355
748 72402 74946 20 37126
749 72426 72794 30 6585
750 72474 73926 14 34161
751 72531 80615 114 351271
752 72857 76290 125 220230
753 72957 72968 121 922
754 72998 73977 5 1844
755 73043 76778 29 52973
756 73096 75676 133 256921
757 73157 74826 106 153597
758 73456 74322 51 35284
759 73613 74352 16 9895
760 73629 88690 29 164209
761 73954 79795 128 499848
762 74071 76423 130 162147
763 74084 74467 49 7461
764 74130 78147 144 352468
765 74227 78260 135 245710
766 74291 74392 113 29129
767 74517 74574 33 1901
768 74674 78141 23 24588
769 74695 74844 12 1009
770 74877 81783 29 498784
771 74886 79828 121 516161
772 75146 77367 127 350150
773 75307 75745 4 764
774 75380 79331 119 157691
775 75569 77863 140 318827
776 75762 88441 91 621002
777 75865 78853 24 23785
778 76068 82814 77 165433
779 76138 77552 142 109089
780 76161 77522 124 130759
781 76229 78396 127 314691
782 76387 78686 55 31622
783 76538 80384 26 49420
784 76544 89768 133 297388
785 76705 76809 8 278
786 76758 81455 5 40599
787 76781 86077 40 198354
788 76957 77323 116 33531
789 77093 78261 117 112458
790 77166 80493 88 118994
791 77514 92255 90 298243
792 77547 81125 33 126809
793 77579 86139 38 226595
794 77651 79320 61 39506
795 77660 82993 12 21152
796 77670 86478 76 803943
797 77772 77935 8 566
798 77786 78641 27 10267
799 77836 79269 103 77247
800 77984 78837 73 24936
801 78064 86535 116 539498
802 78091 81135 22 30387
803 78151 79554 62 12728
804 78309 79075 97 57747
805 78397 80831 84 210740
806 78565 87684 113 240086
807 78644 81317 109 44637
808 78724 87009 148 421353
809 78757 78959 7 988
810 78780 91349 61 123149
811 78813 81136 22 20048
812 78830 82989 38 66346
813 78887 79253 70 21547
814 78899 79790 136 145620
815 78922 86135 6 30300
816 79007 79082 49 1824
817 79061 79453 112 13152
818 79076 82441 19 22807
819 79206 82281 5 6252
820 79216 80360 85 73151
821 79220 84029 26 97570
822 79238 83510 67 70704
823 79396 89092 100 1615987
824 79531 82428 86 187845
825 79578 84303 60 146657
826 79673 81701 102 157117
827 79771 80256 61 15184
828 79772 85387 35 148564
829 79901 83089 49 25893
830 79959 80271 102 17762
831 79988 84918 110 145290
832 79995 81213 47 53507
833 80137 83594 82 169828
834 80174 84254 10 16727
835 80222 84931 80 167871
836 80235 82304 18 42507
837 80266 91196 82 438019
838 80692 93082 31 259763
839 80722 86344 57 92647
840 80724 81764 48 21762
841 80767 83283 111 102659
842 80836 87045 106 196554
843 80894 86779 88 885111
844 80914 86459 68 486619
845 80981 91848 65 310937
846 81031 81582 70 13934
847 81369 85673 44 92654
848 81381 94157 38 258982
849 81498 92677 111 674601
850 81558 89429 137 574696
851 81638 85230 148 48435
852 81650 87463 41 348787
853 81715 81972 34 3258
854 81880 86592 56 116779
855 81902 83994 103 144085
856 82006 88549 99 369729
857 82045 85299 92 221039
858 82052 83776 23 5952
859 82058 88227 120 476399
860 82287 92597 145 679835
861 82612 83227 26 3368
862 82617 87934 48 73843
863 82648 86870 76 66030
864 82853 85685 63 106129
865 82937 87338 38 149167
866 83284 91882 126 767821
867 83333 91567 113 797516
868 83360 85112 32 35657
869 83494 87063 82 145281
870 83710 85264 80 18897
871 83901 92960 5 24269
872 83931 84042 52 1455
873 83934 91972 76 176900
874 83945 84855 60 27776
875 84311 84548 133 8252
876 84339 85616 4 4755
877 84567 91897 39 58825
878 84764 90964 19 41058
879 84794 90390 104 146051
880 84959 85989 114 108259
881 84975 89236 130 112617
882 85053 86888 120 106724
883 85101 94739 101 135950
884 85152 91988 52 304148
885 85510 86500 87 104445
886 85513 87458 20 16653
887 85687 86059 89 12992
888 85696 92618 101 507766
889 85752 92027 35 44597
890 85774 91774 15 17781
891 85852 92934 82 171730
892 86106 99489 56 384955
893 86236 90252 70 211854
894 86260 86363 88 8936
895 86278 94312 50 168570
896 86326 90884 79 104955
897 86639 90079 27 32946
898 86659 89789 51 99773
899 86666 88324 84 97808
900 86686 91532 105 69643
901 86733 90582 132 116770
902 86894 87232 5 710
903 87594 94733 38 88977
904 87634 88566 107 45893
905 87806 97663 113 384449
906 87893 90179 60 61597
907 88048 89367 86 99508
908 88058 89441 4 3949
909 88074 90069 41 26661
910 88131 95172 51 308042
911 88133 89415 11 8813
912 88429 95300 127 511226
913 88475 98066 15 98346
914 88522 90183 46 37929
915 88525 90113 16 34409
916 88611 89225 136 44270
917 88613 92251 16 33402
918 88738 89373 72 20902
919 88792 90451 121 245495
920 88879 97936 62 313235
921 89005 93497 74 292308
922 89037 90416 55 33389
923 89262 95617 83 107021
924 89267 89837 28 9032
925 89281 90579 10 21539
926 89352 92823 21 79205
927 89425 90157 17 4147
928 89467 91389 10 19878
929 89527 89644 77 5381
930 89560 89986 142 75516
931 89627 96653 92 413597
932 89711 93253 38 65294
933 89914 90439 6 1550
934 89992 98445 7 17975
935 90019 91670 51 36073
936 90047 92412 20 42872
937 90145 98547 13 23032
938 90221 90440 8 2207
939 90259 92402 28 40841
940 90270 91759 30 17788
941 90458 90824 47 2926
942 90479 90517 25 651
943 90596 92127 51 17529
944 90711 99246 84 105477
945 90758 94492 62 24938
946 90817 95616 41 135073
947 90833 91237 5 1503
948 90974 93053 64 150997
949 91001 91985 57 34523
950 91045 92636 24 4791
951 91101 94669 26 59907
952 91202 91978 11 3286
953 91222 94491 88 137662
954 91333 93001 10 9722
955 91341 92252 127 80798
956 91694 93342 139 82690
957 91791 92722 99 55488
958 91975 94968 102 81878
959 91986 97204 74 396466
960 92018 92668 90 35574
961 92034 94358 90 212545
962 92232 93949 4 3235
963 92314 92657 5 918
964 92504 98572 19 43310
965 92673 95174 27 7195
966 92689 93836 20 13077
967 92890 93759 79 71956
968 92900 96930 24 45114
969 92959 95448 61 112444
970 93079 95665 149 663563
971 93231 93932 73 26941
972 93305 96778 8 6812
973 93312 93725 43 37048
974 93362 94368 43 61508
975 93867 94041 63 15417
976 93875 95564 125 135101
977 94313 94429 100 8441
978 94331 95563 24 20643
979 94361 97827 119 159445
980 94374 96900 8 8958
981 94428 96753 24 33132
982 94852 95389 54 15246
983 95170 95719 7 2089
984 95324 97526 62 47041
985 95383 98462 54 179386
986 95769 96312 117 47321
987 95809 99864 28 19122
988 95958 96107 15 936
989 96387 99694 138 111590
990 96496 99811 55 86826
991 97009 98052 4 283
992 97409 97520 79 2955
993 97562 98834 46 19180
994 97583 98021 97 10551
995 97658 98011 134 16517
996 97951 98801 147 34996
997 98087 99714 131 37310
998 98812 99698 150 26073
999 99008 99413 16 5548
