50 1000 0.080
..##...........######.######.###..####....#.......
.####................#.####...##.....#.#####......
#..##..............#.##.###...##.#...#..#.#.......
######..####.......####.####...#.###...####.......
.##.###.##..........###.##........##.....##.....##
###..##..#......##.####..##....#.##....###......##
.##....##........######.......##..#...#...#...###.
.##...#####......#####.....##.####..####..##......
.......##..#.....#.###......#####...#########..#..
..........##....####.......##..#.....##..##.##.#..
....#......#....###...........##..###.##.#.#####..
....#.####.#.....###...........##..#..##.#...###..
...#####...#....###....####...###.#######....#....
......#.........#.......###..#######...#...###....
......##...............####....###........####....
.#.#..#.##..............##.......#.........##.....
##.###..###..............#...................#....
#.##.#...##................................###....
###...................................##...##.....
#.........................###.....###.####........
....##...................###.....#....##.#.#......
.#.##................#....#......#....#....#..##.#
.#####...............#..........##.######..#..####
.##..#.............####.........#..###.#...#..###.
#.###...#....#.##...#.##............#......#....##
#####..###...####...#####.................###....#
.###.#.###....##..#.....#................###...###
..####..###...#...###..###......................##
...#.....##.......#####..........................#
........###.#.......#.###....................#....
.......#######.......###.....................#....
.......##.##.........#.......................##...
........#.#......#..........................##....
.......#........#######......................#....
......###.......####.####.........................
........##..#..#......####........................
........#####.##...####.##...........##...........
..........##.#.##..####...............#...........
.............####..#..................#...........
.............#..####..##.............#####........
.................###..###...........###.#.......#.
................###..####.......................#.
...............###...###........................##
................##...#..........................##
.................##............................###
..........####...#.............................###
..........#..#...................................#
........##........................................
.......###........................................
.......######.....................................
0 217 730 61 8657
1 365 7401 46 423760
2 827 2997 28 20525
3 905 1956 26 4647
4 1023 13729 28 290345
5 1047 3901 13 13612
6 1077 2640 26 19567
7 1134 5023 133 148407
8 1153 2161 51 42761
9 1157 4983 104 66349
10 1276 2720 8 20730
11 1307 3212 76 81003
12 1371 9904 72 252352
13 1643 13046 12 219011
14 1674 4050 18 14835
15 1923 5360 26 36626
16 1950 13915 108 520486
17 2069 3673 6 7491
18 2505 2514 14 185
19 2645 4728 9 6697
20 2652 8616 129 536363
21 2902 3906 87 25000
22 2919 10940 146 210885
23 2959 4273 5 3109
24 2963 8558 71 161094
25 2976 4930 37 13569
26 2982 12146 11 39485
27 3010 5186 118 148437
28 3111 4288 6 5883
29 3166 4457 15 17712
30 3232 3604 57 5851
31 3446 3668 149 11884
32 3589 8111 47 45105
33 3591 10363 80 158239
34 3742 8234 50 56751
35 3746 9993 105 266710
36 3747 3982 75 8834
37 3809 5038 8 3171
38 3871 9185 136 328347
39 3919 7281 9 10942
40 3934 11954 104 620606
41 4077 6030 108 53857
42 4299 9390 5 7079
43 4383 5032 26 5400
44 4411 4827 66 25105
45 4424 5517 40 29029
46 4570 7537 123 505563
47 4735 5722 92 69233
48 4819 6297 19 7702
49 4911 7938 108 191744
50 4941 17062 101 396808
51 4997 15488 98 548923
52 5310 13455 12 87324
53 5320 5683 111 17488
54 5429 6175 66 25447
55 6154 8499 9 16207
56 6210 7924 13 8078
57 6332 7099 10 2058
58 6525 7465 100 50639
59 6602 8990 48 17694
60 6610 7190 83 29504
61 6793 8127 76 27803
62 6907 11910 49 95339
63 6927 9989 13 17383
64 7374 9614 110 64361
65 7423 8980 59 60586
66 7440 8455 39 24152
67 7509 9518 13 13423
68 7697 10877 48 53882
69 7702 7865 113 10833
70 7874 12943 36 96875
71 7884 9512 45 83532
72 7906 10174 77 102076
73 8018 10997 123 76466
74 8085 14501 67 356373
75 8229 9095 88 60059
76 8383 10664 5 8073
77 8388 11663 133 89804
78 8505 21866 90 264542
79 8643 9498 90 141930
80 8667 8820 10 1896
81 8703 15324 5 6746
82 8959 11122 70 33135
83 8988 9809 78 59574
84 8995 9157 78 11220
85 9043 12898 41 116695
86 9276 15708 50 270226
87 9283 11461 80 60953
88 9293 21645 112 1104693
89 9344 11286 20 27876
90 9346 10410 136 69265
91 9383 16089 137 387488
92 9396 9500 14 2024
93 9506 21037 11 16863
94 9549 10341 145 51801
95 9646 9657 37 419
96 9740 11936 6 11192
97 9755 20434 105 826242
98 9774 13756 88 93955
99 9833 27011 32 163656
100 9848 11700 24 18617
101 10179 16239 27 65391
102 10254 17049 43 118875
103 10393 13120 90 73417
104 10609 10691 33 2379
105 10624 10897 107 17248
106 10832 11375 11 3512
107 10840 11989 112 152534
108 10991 12303 89 31397
109 11073 12224 88 42574
110 11117 12130 55 54815
111 11316 11397 9 1006
112 11419 26661 33 255610
113 11656 13440 70 38016
114 11749 15988 107 207289
115 11785 19704 89 115279
116 11847 16560 38 50653
117 12038 18079 52 213216
118 12132 14614 106 127605
119 12198 18662 113 625320
120 12229 20352 111 332915
121 12251 20529 91 828941
122 12330 15823 60 34062
123 12336 18737 6 9914
124 12527 18748 60 63602
125 12533 22459 7 49129
126 12577 15019 51 83702
127 12792 15391 125 134353
128 12804 14412 72 56191
129 12900 13904 50 9427
130 13126 16872 22 74160
131 13190 16285 75 73240
132 13198 15204 7 7270
133 13375 18357 23 99061
134 13403 19665 16 22153
135 13665 14703 77 64461
136 13916 16409 46 48760
137 14076 17487 114 161580
138 14399 16091 82 102164
139 14406 14449 33 1392
140 14418 15782 115 58804
141 14428 17038 89 134347
142 14694 16115 60 74250
143 14840 16737 135 120840
144 14855 30565 43 260396
145 14866 17730 36 28390
146 14900 19492 70 166943
147 15137 19067 105 86937
148 15154 15799 89 30671
149 15347 17276 149 546711
150 15546 20455 5 12485
151 15792 35120 11 128409
152 15810 26032 65 232414
153 15874 31823 26 232264
154 16437 16912 72 21011
155 16490 20741 13 19743
156 16585 19177 6 4520
157 16700 18373 27 21737
158 17012 17850 54 50757
159 17028 17100 89 5888
160 17034 20722 71 198355
161 17057 17475 102 15976
162 17209 19327 116 88138
163 17222 18183 129 22336
164 17295 20026 27 16500
165 17305 41417 74 313226
166 17552 19432 122 107627
167 17651 36529 6 96497
168 17675 28888 41 295060
169 17693 25622 97 532175
170 17697 18481 19 8549
171 17779 18088 37 6275
172 17939 20793 108 203748
173 18071 33620 112 1191927
174 18216 19770 112 205134
175 18562 21251 130 270304
176 18735 22486 41 110093
177 18746 19173 133 22334
178 18782 25677 51 225856
179 18837 22053 91 42313
180 18898 37921 10 86010
181 18942 24579 56 117759
182 19361 19411 21 609
183 19434 24433 28 86240
184 19480 21636 120 46616
185 19484 20020 138 17321
186 19660 20416 12 6404
187 19736 20248 8 3853
188 19868 23323 33 103755
189 19932 21624 98 39206
190 19995 24610 98 255961
191 20167 22020 111 204135
192 20370 22915 50 73620
193 20460 21320 79 39262
194 20676 25850 9 14015
195 20696 36838 19 57044
196 20878 21212 53 15612
197 20913 22822 29 30455
198 20947 27179 53 132683
199 20989 21861 132 28616
200 21386 29969 13 32465
201 21427 23950 88 71340
202 21509 29511 60 196233
203 21709 30068 7 42774
204 21835 22633 14 7933
205 22201 22427 17 2553
206 22218 26081 32 65428
207 22289 23658 5 3005
208 22508 22714 11 1821
209 22539 33450 43 119920
210 22555 26443 115 180097
211 22704 26327 37 36894
212 22711 24310 56 78736
213 22748 28549 59 80601
214 22834 25583 13 19109
215 22866 28813 48 58023
216 22941 26735 61 133630
217 22967 42100 130 2448283
218 23217 25088 91 50312
219 23295 28332 36 63942
220 23427 27664 93 171300
221 23811 25716 88 88723
222 23828 36446 137 689767
223 23891 24555 82 18100
224 23909 25061 5 596
225 23954 26104 22 16294
226 24072 34135 41 153611
227 24105 33661 37 366895
228 24128 24422 149 15416
229 24228 29149 96 208569
230 24268 42638 110 480725
231 24322 28461 19 20080
232 24334 25430 58 51173
233 24583 28339 110 116247
234 24745 24762 44 1041
235 24779 30583 9 24205
236 24895 25304 81 17281
237 25024 27086 64 49326
238 25060 41104 22 205901
239 25085 26321 52 19455
240 25105 26324 128 50394
241 25171 26583 49 36691
242 25378 31269 147 420752
243 25560 31352 26 42326
244 25562 25912 16 957
245 25687 27486 9 2663
246 25842 37369 8 25378
247 25867 28460 33 28381
248 25915 32029 25 81412
249 26009 29455 20 28045
250 26022 28458 20 26245
251 26092 27345 19 10850
252 26205 26707 29 5774
253 26269 27543 17 11227
254 26279 29698 53 92188
255 26445 31290 67 102234
256 26489 33841 100 281620
257 26654 26803 33 2005
258 26678 30098 15 20694
259 26856 26984 87 5098
260 27015 31621 118 388785
261 27022 31346 8 13279
262 27122 33382 135 296753
263 27274 29241 8 3608
264 27299 27312 9 160
265 27482 31501 21 26472
266 27695 31555 7 7943
267 27926 29069 31 16404
268 28073 57095 33 915478
269 28134 31104 53 38595
270 28193 34191 4 7497
271 28288 30378 33 18516
272 28313 53126 7 66853
273 28385 37720 130 932499
274 28474 32223 10 92634
275 28489 30841 61 44756
276 28574 28990 113 21727
277 28575 29816 74 28949
278 28594 39174 26 188405
279 28636 32992 83 173440
280 28784 41835 12 164030
281 28786 29797 18 9227
282 28800 29164 70 5928
283 28852 29196 69 32892
284 28861 35742 75 365569
285 28871 31403 89 194622
286 28966 30211 67 51001
287 29011 33578 18 33935
288 29095 30783 36 24183
289 29251 35858 95 411776
290 29371 34361 23 26767
291 29464 33584 16 14695
292 29512 31645 137 144799
293 29570 35292 82 185692
294 29646 34646 7 17779
295 29658 32501 34 22726
296 29742 36902 42 153030
297 30186 30433 13 1854
298 30229 30529 34 7832
299 30258 43240 29 290750
300 30279 34523 32 189774
301 30290 30550 88 3002
302 30551 31925 102 71217
303 30585 45292 18 139651
304 30590 41168 90 576487
305 30609 31336 105 63312
306 30625 32613 9 3345
307 30693 31293 53 32021
308 30702 31664 90 48127
309 30811 35626 99 468334
310 30896 32516 118 43027
311 30941 35884 22 44476
312 31159 31656 48 24795
313 31443 36522 20 53052
314 31458 36737 16 35679
315 31463 35811 69 205499
316 31530 32868 27 19271
317 31665 36557 17 24714
318 31774 38435 96 243125
319 31820 34387 49 42625
320 31985 32777 28 8919
321 32001 35496 6 7555
322 32129 32836 146 25467
323 32147 33655 88 49732
324 32610 34494 103 288015
325 32768 42323 33 188997
326 32773 43573 21 66268
327 33078 44565 137 737414
328 33142 34051 64 42050
329 33284 38505 22 28389
330 33472 39285 45 268739
331 33484 36677 11 22210
332 33489 36870 37 54966
333 33580 35319 53 100976
334 33605 38442 11 17413
335 33719 36471 24 19174
336 33807 34164 34 7685
337 33844 34580 105 80674
338 34196 43650 18 100628
339 34266 46025 75 337163
340 34300 37127 4 2825
341 34554 42293 72 415654
342 34570 36239 7 1875
343 34577 40526 7 31216
344 34828 35114 61 12382
345 34848 41750 141 563075
346 34855 37569 112 379660
347 34906 35946 135 68110
348 34916 37021 84 375513
349 35011 38265 22 19891
350 35098 36528 110 139490
351 35132 39191 58 188734
352 35194 36107 82 44547
353 35410 35786 6 1086
354 35425 38341 9 11538
355 35704 37625 25 20430
356 35767 35792 56 427
357 36138 36340 108 8961
358 36148 40171 54 75009
359 36166 38617 25 24214
360 36243 42263 77 84048
361 36277 45863 30 110172
362 36480 47648 32 106469
363 36486 45511 45 175398
364 36572 40243 76 53612
365 36583 40987 6 16992
366 36607 46231 26 47966
367 36681 38150 95 65864
368 36717 46290 49 196466
369 36836 40334 6 9135
370 36845 39345 59 64589
371 36866 40055 45 45953
372 36868 38426 113 100376
373 37050 49309 48 166268
374 37082 42770 5 18396
375 37139 40991 5 14043
376 37174 42661 54 141926
377 37383 38152 117 35497
378 37759 38832 76 103338
379 37815 42436 75 73709
380 38016 39108 83 48161
381 38056 41284 8 5521
382 38095 41717 5 13268
383 38111 41472 81 318565
384 38196 38707 101 84573
385 38206 47707 45 262104
386 38250 47566 46 116470
387 38400 41503 41 58634
388 38412 39131 40 7128
389 38470 38762 30 2569
390 38894 44403 122 353396
391 39015 40793 47 31478
392 39053 46149 9 14772
393 39211 45064 87 171396
394 39220 46839 104 276145
395 39347 42722 20 58697
396 39355 43475 107 162727
397 39387 40168 37 13679
398 39409 48969 74 555183
399 39488 45421 58 103387
400 39520 43178 133 647891
401 39564 43613 137 273390
402 39590 41531 65 55394
403 39675 41769 36 45504
404 39706 56277 103 538342
405 40041 42920 13 19558
406 40047 40672 138 43180
407 40099 43867 39 46799
408 40103 47006 32 59569
409 40454 44871 128 176790
410 40602 42468 18 10653
411 40784 42354 85 22204
412 40981 48182 6 14101
413 41254 45490 67 193433
414 41465 41922 18 6781
415 41482 48634 65 190336
416 41535 43246 8 2133
417 41565 44514 35 101575
418 41688 49014 8 18669
419 41699 47285 31 115819
420 41802 42397 28 6586
421 41841 47731 16 52668
422 41927 43975 35 53381
423 42171 44970 16 30501
424 42289 42858 92 8933
425 42338 43104 112 44478
426 42577 43232 13 2325
427 42645 59655 83 354184
428 42715 45375 12 30343
429 42757 43700 107 60971
430 42786 46683 80 131369
431 42811 45017 39 70643
432 42891 50946 102 725136
433 42984 44921 72 83196
434 43094 47250 23 51810
435 43162 45653 57 194153
436 43209 43373 30 2126
437 43260 43874 125 46515
438 43635 45151 130 54189
439 43774 50199 88 281559
440 43832 52284 65 242160
441 43847 44576 46 20605
442 43873 45756 141 175269
443 43958 44661 54 8780
444 44006 45479 14 7953
445 44011 45416 14 7201
446 44154 46212 92 118840
447 44193 46733 28 70315
448 44419 46819 63 65953
449 44483 46782 64 59822
450 44501 45702 15 30102
451 44507 47508 33 41556
452 44567 45951 114 25984
453 44769 45559 99 35592
454 44892 47954 91 186735
455 44928 50218 130 275508
456 44978 59610 117 660448
457 44982 51140 116 284363
458 45022 47567 4 4945
459 45026 46766 33 23215
460 45198 49906 75 139089
461 45249 48024 15 8380
462 45726 47911 8 12031
463 45753 45970 143 20989
464 45865 46966 139 58838
465 46031 46355 20 10842
466 46174 49697 37 62850
467 46226 50850 92 319720
468 46701 49746 87 139732
469 46774 47952 114 136675
470 46791 48192 85 121540
471 46795 50093 19 31789
472 46913 53184 8 7368
473 47025 48595 23 9872
474 47142 50779 149 36869
475 47299 54039 112 126762
476 47333 51257 9 31483
477 47727 50217 26 32498
478 47753 62221 55 388743
479 47796 62838 75 200812
480 47945 49432 13 11965
481 47948 66506 89 1142336
482 48074 50837 28 16466
483 48082 53639 89 188294
484 48327 54161 122 241615
485 48349 52416 120 167139
486 48498 54125 83 186400
487 48508 50351 8 9362
488 48517 51936 132 263030
489 48795 53888 112 244711
490 48844 51854 106 161093
491 48853 52185 56 61363
492 48880 50178 14 8734
493 48882 49331 38 12417
494 48905 54085 52 88327
495 48941 53307 15 51407
496 48965 52245 35 85928
497 49069 61856 4 12769
498 49088 51931 54 33505
499 49222 52647 76 102307
500 49234 56348 38 191716
501 49360 49965 38 18838
502 49407 52036 91 281560
503 49461 52862 49 83118
504 49556 56670 37 46658
505 49631 51373 117 65357
506 49650 53536 71 106307
507 49671 54180 84 176596
508 49772 50537 137 33427
509 49832 51029 22 8620
510 49958 57440 5 16081
511 50085 55709 9 24248
512 50148 53720 126 96434
513 50364 50897 24 8069
514 50404 51600 9 4286
515 50655 53892 94 72658
516 50730 53732 104 138924
517 50758 53101 69 64875
518 50761 63265 40 105157
519 50832 53388 76 90226
520 50877 51181 64 13220
521 51033 55220 18 39998
522 51232 51827 112 28851
523 51233 53924 48 154179
524 51318 53335 10 4973
525 51340 54534 61 178171
526 51451 54339 94 325636
527 51507 56377 21 55473
528 51611 53931 52 49586
529 51815 53256 8 3572
530 51994 59598 95 105091
531 52127 56424 13 61637
532 52210 60266 63 132342
533 52246 53089 6 1751
534 52265 53822 12 15706
535 52278 58639 144 302330
536 52348 54084 149 144206
537 52352 53664 44 32800
538 52448 54067 29 28403
539 52683 59840 139 692136
540 52760 56002 30 93386
541 52792 55963 139 282878
542 52891 54318 62 87686
543 53067 54074 7 3319
544 53103 54001 44 14900
545 53136 55127 96 149100
546 53199 53657 51 7863
547 53340 55094 4 1938
548 53365 53393 11 67
549 53386 56524 47 55097
550 53498 55742 101 39207
551 53617 54741 71 60716
552 53690 55586 89 44833
553 53789 65040 9 12167
554 53828 53920 24 1114
555 53869 54334 36 8130
556 53925 54012 52 1446
557 54107 54650 147 104133
558 54122 67341 50 127636
559 54138 54750 49 17701
560 54168 56414 55 106136
561 54306 54971 24 5919
562 54346 55879 65 61570
563 54401 58006 32 66684
564 54405 56952 137 288486
565 54407 60235 79 69282
566 54751 56789 47 184826
567 54753 58941 33 53253
568 55078 58924 139 334079
569 55140 58651 104 180180
570 55182 56916 91 120180
571 55246 55577 19 2142
572 55393 56619 109 50404
573 55518 65743 8 42050
574 55600 64094 59 304921
575 55674 59113 9 9797
576 55803 58620 82 74271
577 55836 57865 140 106190
578 56042 56495 19 5057
579 56068 59844 6 6267
580 56071 62695 112 460589
581 56133 65102 52 147893
582 56292 58802 100 118752
583 56458 58588 42 45695
584 56510 62467 85 99558
585 56552 66638 59 357457
586 56661 57989 94 62953
587 56690 57667 139 39627
588 56694 57297 5 2929
589 56705 65493 17 82988
590 56724 62745 64 144243
591 56883 59491 6 15812
592 56914 60056 83 61297
593 57230 65078 9 14367
594 57316 61815 92 457091
595 57405 65836 121 1254608
596 57588 60188 20 33706
597 57750 59531 137 64040
598 57820 59994 24 9969
599 57940 59664 43 28875
600 58109 60024 149 217444
601 58205 60342 18 20224
602 58316 62594 53 116021
603 58372 70823 122 371052
604 58464 61160 9 5937
605 58790 68446 103 460190
606 59091 66720 27 117479
607 59142 60172 81 20477
608 59241 66910 43 139318
609 59600 63112 56 82797
610 59668 59903 21 671
611 59908 63600 43 15308
612 59923 63008 12 15971
613 59935 62902 6 6016
614 60081 61767 49 28649
615 60225 63123 77 111612
616 60291 68978 31 70308
617 60350 64912 147 178531
618 60740 61409 144 42530
619 60783 85609 62 465867
620 60873 71626 53 159989
621 61069 61298 87 14731
622 61087 61190 32 4443
623 61180 62684 78 160243
624 61294 66291 31 55959
625 61570 63328 25 17416
626 61979 64313 95 46284
627 62039 67699 13 54185
628 62143 65408 60 89703
629 62236 62368 87 3268
630 62390 66730 38 22428
631 62501 62709 133 9620
632 62945 63350 7 2439
633 63006 63771 75 33715
634 63150 63400 93 13232
635 63231 67861 58 126259
636 63327 63414 107 5498
637 63545 67549 116 157669
638 63626 64283 95 25312
639 63861 65285 61 82588
640 64009 64840 4 2075
641 64035 65003 113 63520
642 64087 66171 118 128291
643 64090 65604 84 122065
644 64245 65128 87 36389
645 64292 80316 86 925368
646 64342 70669 44 97179
647 64481 71434 71 102087
648 64753 65541 37 8212
649 64801 66447 86 42652
650 64806 66022 132 63503
651 64983 67179 13 31393
652 65050 65348 77 19924
653 65111 66043 73 35664
654 65133 72711 77 238162
655 65166 76016 8 51096
656 65202 66682 15 7201
657 65218 84606 82 729111
658 65267 68159 23 30229
659 65270 67816 63 33393
660 65381 71001 71 313903
661 65494 68351 129 226340
662 65552 69059 84 375548
663 65558 78267 17 43207
664 65599 67370 112 91364
665 65685 73158 14 84002
666 65740 67197 124 98386
667 66004 70744 10 22057
668 66014 80993 73 650778
669 66045 75256 129 800396
670 66065 71937 114 377579
671 66125 69972 20 38852
672 66139 69541 65 71573
673 66354 72601 134 345580
674 66487 66848 5 428
675 66561 68251 59 69444
676 66602 77658 17 137097
677 66784 84583 38 264744
678 67033 69811 46 123438
679 67149 67579 44 23541
680 67354 71139 36 135976
681 67461 67951 133 61974
682 67463 72588 114 331217
683 67555 73388 105 381985
684 67575 69366 109 126028
685 67591 67850 10 3093
686 67657 70013 149 119732
687 67857 70094 36 51666
688 67895 69015 47 47443
689 68021 69388 59 42073
690 68226 68694 91 16223
691 68443 73869 122 240779
692 68499 71121 28 27403
693 68513 68788 57 14633
694 68534 68548 32 411
695 68587 78057 128 402786
696 68628 69193 70 5123
697 68766 72362 12 32873
698 68797 76736 87 104891
699 68857 72463 116 92912
700 68947 70716 14 6078
701 69036 72119 43 118965
702 69380 70065 128 31583
703 69471 83384 27 230170
704 69517 69940 7 795
705 69701 72621 7 11303
706 69820 75598 88 110640
707 69931 78087 106 507652
708 69952 71964 117 85502
709 69981 73963 18 35036
710 70295 72882 57 67539
711 70334 72135 38 21480
712 70416 72358 41 68549
713 70603 74796 27 26208
714 70609 71376 16 4408
715 70718 78911 25 128124
716 70719 70746 75 1869
717 70755 73929 6 6095
718 70792 70960 24 3075
719 70972 74499 123 139863
720 71102 76755 10 20435
721 71137 78216 45 189771
722 71138 72566 41 71229
723 71236 79390 55 74767
724 71241 73511 37 44061
725 71287 72337 13 5272
726 71290 74665 31 33364
727 71295 71474 58 5028
728 71303 72465 9 6214
729 71436 77550 43 71297
730 71470 93484 112 1867029
731 71476 73958 44 15558
732 71615 72184 104 95936
733 71831 83204 43 196303
734 72064 76416 5 4251
735 72167 77214 85 30004
736 72303 75862 11 14605
737 72366 76779 49 31317
738 72607 73997 70 96475
739 72639 78976 43 109319
740 72666 72885 28 1792
741 72835 80929 40 198372
742 72876 73217 11 4908
743 73113 79391 13 19066
744 73259 75170 18 8516
745 73552 75830 114 110949
746 73777 75409 30 11797
747 73809 74844 71 45411
748 73812 77648 7 4709
749 74069 86078 65 363044
750 74089 77164 136 512513
751 74099 75087 10 3858
752 74216 78726 29 53934
753 74309 76943 9 10792
754 74310 74576 116 59647
755 74323 79217 22 34452
756 74335 77272 126 58764
757 74415 78398 87 225436
758 74458 81512 15 42454
759 74586 80630 43 63124
760 74671 74939 19 4759
761 74685 87585 5 45046
762 74746 78704 142 213499
763 74814 77930 86 85203
764 74868 80680 13 15780
765 74942 77996 51 52522
766 75143 77697 13 28515
767 75180 80814 5 12164
768 75305 75725 104 29422
769 75387 80906 129 262252
770 75452 86340 63 490693
771 75455 79467 120 101120
772 75600 83191 83 636146
773 75625 76741 130 71543
774 75637 76107 80 23458
775 75730 76599 80 24946
776 75802 80046 66 161885
777 75979 81148 35 93161
778 76124 76151 66 1424
779 76289 83306 83 469612
780 76365 77498 113 120425
781 76644 81225 31 219303
782 76694 77485 12 3189
783 76861 77847 116 123544
784 76944 85104 80 298715
785 77000 88281 84 242955
786 77188 78828 119 59410
787 77231 78444 65 39109
788 77390 77447 96 1517
789 77454 78722 13 9881
790 77537 80117 4 7467
791 77628 78407 29 9721
792 77893 78418 125 38529
793 77933 86527 77 816029
794 77958 97299 8 24373
795 78014 79318 120 32629
796 78074 79040 14 3876
797 78145 78760 100 48686
798 78290 78900 71 35436
799 78430 80361 8 8652
800 78559 86989 35 105395
801 78734 80547 25 9943
802 78837 80710 14 6538
803 78865 80383 35 63193
804 79023 82084 8 6117
805 79052 81111 11 7047
806 79086 80107 39 18944
807 79090 81785 138 170576
808 79223 80564 61 38125
809 79307 93464 8 38592
810 79325 80636 88 33704
811 79342 86395 38 90584
812 79359 81754 31 66270
813 79486 79768 7 1586
814 79517 83696 43 33099
815 79585 88915 29 28719
816 79744 81035 82 41342
817 79820 86054 60 134444
818 79846 90332 107 673932
819 79857 81797 39 58189
820 79948 85272 18 33959
821 79974 80254 14 2004
822 80154 80846 57 29784
823 80201 80533 15 9473
824 80288 83237 57 186982
825 80320 81487 19 8370
826 80505 86392 62 147374
827 80631 82244 50 41434
828 80641 83425 30 11988
829 81200 81591 12 7941
830 81268 83082 138 493854
831 81469 84919 6 4743
832 81483 81741 66 7944
833 81548 88198 12 29874
834 81757 85703 96 123964
835 81790 84460 106 99024
836 81856 82134 9 1168
837 81881 81900 19 321
838 81952 88454 35 114112
839 81988 84503 21 13037
840 82013 82465 24 2638
841 82258 83716 44 31862
842 82323 83910 7 6221
843 82336 84011 73 63372
844 82474 84551 86 113490
845 82505 86071 65 151533
846 82514 91904 82 176140
847 82527 85221 114 49391
848 82634 91908 25 47591
849 82703 90456 48 59456
850 82737 87091 9 19195
851 82882 86933 21 27951
852 82980 83041 19 873
853 83028 83524 18 3409
854 83040 92667 133 241756
855 83075 87043 134 172352
856 83119 84429 17 21933
857 83154 86474 12 28070
858 83273 84066 97 61109
859 83309 83402 110 5834
860 83468 90194 4 12884
861 83590 84498 21 10623
862 83624 84335 73 37896
863 83655 83823 47 5157
864 84172 85819 74 89919
865 84187 89714 98 238428
866 84272 91388 23 90911
867 84409 88020 33 64938
868 84457 84949 86 12928
869 84587 91138 86 396105
870 84809 87674 102 74186
871 84988 99312 142 511650
872 85214 89182 100 208022
873 85408 87712 5 7168
874 85467 88371 48 91065
875 85482 85561 10 280
876 85531 87978 68 104800
877 85645 86575 51 29309
878 85649 88792 147 340599
879 85798 90196 37 56745
880 86021 86238 17 1741
881 86246 87119 53 26700
882 86260 88113 53 23244
883 86284 90900 64 254088
884 86287 86522 35 5486
885 86367 89107 7 7493
886 86379 87857 20 7960
887 86484 86568 119 9147
888 86734 92861 25 92002
889 86770 94463 61 208685
890 86832 90823 72 143329
891 86922 91829 84 215591
892 87238 90020 32 46878
893 87304 98068 31 238828
894 87451 88167 39 13663
895 87564 87868 57 13935
896 87577 95122 79 208899
897 87750 92195 87 347753
898 87756 88383 123 39900
899 87761 91015 25 21888
900 87800 89705 35 36073
901 87913 89137 34 33559
902 87947 91414 42 26097
903 87987 95768 8 29686
904 88103 97544 64 184775
905 88148 89721 41 17405
906 88197 90028 29 10895
907 88337 96624 56 164546
908 88361 92616 67 99781
909 88505 90586 5 3853
910 88569 90235 75 108795
911 88628 88686 7 427
912 88646 93851 5 10311
913 88729 96942 125 465753
914 88737 93295 128 171028
915 88817 93613 19 14269
916 88870 94621 92 125652
917 89092 90105 31 16887
918 89205 90867 7 1966
919 89252 91111 51 32111
920 89280 90782 39 31700
921 89472 99914 47 108555
922 89578 90865 14 19682
923 89603 90538 144 138197
924 89755 91699 139 100149
925 89769 99061 52 102045
926 89815 94533 65 284581
927 89853 92250 110 115505
928 89897 91541 8 9722
929 89934 93176 125 58291
930 90264 94299 41 107134
931 90468 90860 136 39781
932 90554 98284 122 177363
933 90577 99396 127 179079
934 90657 91281 68 26275
935 90687 91610 84 47016
936 90751 92371 21 33950
937 91222 93701 17 19407
938 91449 97125 39 32252
939 91647 92144 66 18971
940 91693 99200 20 122350
941 91715 94160 10 8939
942 91791 93663 10 8628
943 91931 91942 37 571
944 92017 92308 42 11589
945 92120 93370 111 45213
946 92132 96322 58 156135
947 92275 92674 27 13108
948 92367 99971 17 46694
949 92376 95161 119 176796
950 92446 93318 11 4220
951 92455 93259 20 11202
952 92465 97989 10 67899
953 92499 93899 125 112710
954 92623 93287 7 5748
955 92892 94576 70 39686
956 92946 93083 9 489
957 93022 97766 121 327829
958 93150 94535 27 12979
959 93243 96613 36 67637
960 93276 93629 9 1378
961 93351 93944 90 17526
962 94149 95268 22 15710
963 94252 95740 32 8803
964 94449 98214 106 186450
965 94474 95158 67 21663
966 94677 97528 28 48749
967 94987 95498 89 44318
968 95034 95463 43 9147
969 95086 95527 8 2480
970 95337 97367 21 20250
971 95368 97895 9 7496
972 95561 99965 12 15919
973 95582 95592 146 948
974 95599 98684 103 150839
975 95645 95698 37 925
976 96095 97948 91 89673
977 96119 98421 92 192595
978 96167 99505 129 162402
979 96185 97364 24 15712
980 96365 96668 10 1185
981 96477 98478 82 223585
982 96488 99779 66 100268
983 96554 97397 102 48874
984 96583 97321 17 5180
985 96908 97582 41 8858
986 96953 99973 88 73594
987 97239 99922 118 251265
988 97325 99062 10 6797
989 97532 99348 33 28544
990 97649 98024 45 19270
991 97691 98443 137 50904
992 98002 98354 60 23398
993 98119 98217 135 14341
994 98219 98525 15 6010
995 98223 98742 58 23736
996 98357 99160 145 49894
997 98843 99460 50 19975
998 98946 99649 139 151890
999 99303 99730 19 6748
