50 1000 0.028
.....................................##...........
................................#..###............
................................#..####.....#.....
.............##................#########..####....
............###................#.#.##..#.....##...
............#####.................###.##...######.
.............#.#..................######....####..
.............#..............#..##########....###..
...........................###...#.######.....#...
.....#....................#########..###..........
...####.#................##########..##...........
..###.###...#............###..#...#...............
...#.######.#............###..#...................
.....########...........##.###....................
....#########..........#....##....................
....####...............#................#.........
.....##.............####................####......
....##.............#####...............###..#.....
.....#..............####...............###.####...
...................#######..............#####.....
....................####..............#######.....
...................####...............######......
....................#####...............###.......
...................#####.............#########....
................######.##...........########..#...
..................######...........########.###...
......###.........#.#...............#####.######..
......##..........#.................######..#####.
....#####.........#..............#####.###..#####.
.....##.........................##.####.###...#...
....####........................#....####.........
...######........#....................#.........#.
.....###.........#..##.#........................#.
.....##.........###.#####.....................###.
.#...#.#.....#.########.....................######
.#..#####....##..####..#.....#...............#####
###.####......#################................##.
###.####.....###################.......##....####.
.#..###.......###.#########..#.#.....####....###..
....##........#.#..#...##.##.#...#...####.........
...####.........#.##....##...#...###..##..........
..####.......##.##......#.....#######.#...........
######..#..####.##.##..........######.##..........
.##.#...#.########.####........#.######...........
.###..###.....######............###.###.......#...
.......###....#####............###..###.......#...
........###...##.#...........########.........##..
.......##.#....#.#....#.......####.###........#...
..............##..#.#.##.......#.#..####......#...
...............#..######.........#..###......##...
0 76 135 6 255
1 86 5689 50 158032
2 120 469 83 14187
3 184 7231 65 192816
4 239 8070 22 41106
5 479 22481 49 80056
6 523 10138 52 81630
7 596 2042 42 44219
8 770 1045 78 4030
9 803 7388 102 416261
10 1038 7821 5 10752
11 1167 4181 25 100688
12 1217 3005 13 6735
13 1256 8711 137 706677
14 1414 6618 48 83151
15 1653 1877 5 1644
16 1701 3386 45 43384
17 1793 4342 116 193292
18 1806 3843 29 48790
19 1831 5493 139 128638
20 2048 3999 99 94295
21 2132 5685 4 3045
22 2148 5401 12 15607
23 2187 5457 90 177812
24 2225 2761 135 96479
25 2261 5987 58 102462
26 2285 10554 105 537962
27 2304 15001 13 39213
28 2321 16961 7 28458
29 2457 14949 17 62306
30 2469 11865 5 7936
31 2482 4121 14 12790
32 2594 3162 32 26514
33 2600 5738 97 223847
34 2931 7300 96 174431
35 2994 9830 143 249923
36 3086 9702 58 77578
37 3316 3519 7 391
38 3394 15920 131 238160
39 3422 8983 46 169050
40 3495 4753 140 76749
41 3512 6263 109 109495
42 3547 17329 16 161417
43 3656 9316 47 41361
44 3909 16708 75 326685
45 4012 6941 83 92292
46 4081 10164 114 480907
47 4099 7727 142 483143
48 4195 25263 83 669375
49 4278 9472 63 140067
50 4328 9689 14 24029
51 4349 7668 85 182682
52 4379 11170 87 223918
53 4427 17946 69 846998
54 4446 4490 113 5780
55 4472 13481 26 70706
56 4475 10491 56 90288
57 4501 8190 53 116998
58 4528 7328 39 32026
59 4583 18961 16 110444
60 4844 11357 108 416664
61 4985 12770 21 31577
62 4998 8540 37 41955
63 5103 7545 13 11854
64 5197 5418 12 2360
65 5234 15685 86 347931
66 5423 11122 59 130838
67 5508 20731 10 83423
68 5516 8187 85 67070
69 5559 8736 76 128786
70 5599 8764 97 88357
71 5628 6587 57 4758
72 5687 9444 80 166321
73 5924 26655 9 94115
74 5952 7276 94 45121
75 5956 7480 5 7678
76 6126 12774 51 289858
77 6188 12828 87 307719
78 6198 6677 6 1604
79 6422 6811 42 12193
80 6715 6816 75 4175
81 6796 25286 73 517443
82 6828 7196 4 1228
83 6971 7472 90 23486
84 6982 25003 14 190935
85 7125 10091 107 285018
86 7297 12709 117 378747
87 7308 11900 110 189428
88 7311 13403 33 32791
89 7365 17314 19 39154
90 7392 32890 95 1151308
91 7447 7785 48 16136
92 7493 13431 95 344978
93 7627 7792 112 4483
94 7687 17796 123 460780
95 7839 15504 130 300361
96 7849 11944 58 163001
97 7851 29192 14 60864
98 7875 19770 10 35733
99 7913 8441 97 43635
100 7918 15801 95 331574
101 8320 18170 144 468728
102 8336 9893 120 97807
103 8620 8801 32 3713
104 8639 10916 129 102973
105 8641 8913 67 6955
106 8802 17369 24 58244
107 9352 12224 66 32743
108 9503 15269 16 51722
109 9530 13321 12 15854
110 9660 16067 44 100338
111 9889 10621 32 21889
112 9935 32770 32 331882
113 10050 11856 13 10212
114 10145 16854 129 457633
115 10447 13182 88 193982
116 10630 12486 69 58958
117 10767 16004 38 80221
118 10901 10977 46 1134
119 10911 11176 8 375
120 11434 18088 137 630962
121 11437 15783 4 5075
122 11505 23297 134 443666
123 11550 13366 123 105215
124 11571 32432 83 304981
125 11682 12279 97 20306
126 11772 16911 7 9546
127 12064 17605 29 139762
128 12127 21260 64 192893
129 12213 12886 11 9528
130 12428 17918 8 10886
131 12493 13644 16 10940
132 12617 18807 147 496872
133 12643 15357 36 15968
134 12711 17733 5 26869
135 12723 24669 124 209113
136 12967 47279 148 1416496
137 13015 14621 74 33135
138 13066 13872 78 40749
139 13181 18237 142 176195
140 13233 31810 91 954802
141 13342 21396 47 252068
142 13703 16155 126 100508
143 13720 20403 118 182018
144 13847 27734 50 499975
145 14036 16453 57 57465
146 14142 16289 87 59354
147 14146 16830 105 88920
148 14252 31649 29 396248
149 14406 37822 91 441307
150 14509 18370 106 130858
151 14742 17479 121 146493
152 14814 23609 46 265502
153 14816 19454 74 351185
154 14955 18156 14 25293
155 14979 16189 58 40590
156 15101 22189 133 386767
157 15116 17078 105 60008
158 15133 15267 66 3241
159 15539 16012 10 3286
160 15566 18488 36 15979
161 15631 22157 15 36092
162 15734 18020 21 24759
163 16145 21196 124 308165
164 16152 29399 128 570127
165 16191 17025 24 10269
166 16419 22133 40 61039
167 16425 34982 91 369650
168 16590 23876 12 58819
169 16611 30188 103 1085582
170 16651 36404 6 44330
171 16724 21858 43 37161
172 16771 19269 51 71959
173 16824 19047 41 70272
174 16905 19563 72 61859
175 16914 24193 32 52179
176 16915 22136 29 54960
177 16954 38178 64 523267
178 16967 24462 26 143636
179 17146 24188 11 31354
180 17237 18436 66 35745
181 17245 24102 38 279423
182 17284 19954 100 81436
183 17298 27573 65 372141
184 17324 22244 65 93164
185 17427 23271 18 35490
186 17436 22306 14 11487
187 17520 22503 78 355429
188 17544 21716 21 57980
189 17549 20010 109 149412
190 17664 55794 8 105454
191 17694 36297 23 63458
192 17849 19062 119 41151
193 17862 19054 86 69489
194 17973 31587 4 14955
195 17980 21205 74 74935
196 18054 25970 39 46131
197 18141 19919 131 33258
198 18253 34783 5 52706
199 18261 27559 55 184386
200 18376 19927 49 63800
201 18605 22469 95 154970
202 18655 31395 66 535581
203 19069 21139 75 142679
204 19079 22130 131 290755
205 19210 33603 84 1077397
206 19276 44572 109 1585632
207 19482 32499 16 109972
208 19602 20066 4 607
209 19703 40931 14 29571
210 19708 20440 144 109641
211 19734 19887 7 1066
212 19793 24890 70 545822
213 19879 24513 140 593963
214 19980 24111 78 277151
215 20017 29196 20 163911
216 20036 33836 109 1400331
217 20042 20285 34 2684
218 20069 21670 106 58736
219 20135 40794 95 808810
220 20168 27857 105 180253
221 20247 37072 97 1846679
222 20269 51255 97 1546846
223 20438 22427 111 104193
224 20454 23784 49 68755
225 20476 20506 7 109
226 20498 22797 26 28236
227 20560 20854 106 21240
228 20808 40826 80 1516655
229 20851 37895 127 1161482
230 20863 22979 25 19910
231 20891 24745 142 284704
232 21044 28935 76 251631
233 21054 22738 39 28854
234 21110 25748 68 83067
235 21220 48412 4 46608
236 21241 21284 30 1092
237 21451 40227 98 300059
238 21598 46927 20 119573
239 21682 22605 9 2313
240 21691 22498 57 25162
241 21729 38521 66 136095
242 21935 30785 52 100615
243 22001 23608 9 2039
244 22006 23783 95 39021
245 22111 23173 129 34615
246 22373 25339 85 158733
247 22397 27030 24 41984
248 22595 35600 61 291767
249 22694 26591 28 16613
250 22711 35469 90 520035
251 22874 29465 32 91682
252 22954 25211 8 16802
253 23334 25182 144 139903
254 23410 24251 13 5469
255 23634 27527 57 165736
256 23691 24203 31 5575
257 23698 42191 99 861262
258 23808 28183 21 14571
259 23910 28999 125 203105
260 23952 26087 119 146815
261 23974 33497 134 855746
262 23982 24064 68 11524
263 24073 30336 147 670169
264 24150 42057 98 882086
265 24360 29628 67 178789
266 24439 28967 48 134783
267 24453 26522 28 16264
268 24616 31019 27 101362
269 24673 36225 141 1375809
270 24678 28578 6 10332
271 24700 30075 72 127230
272 24749 30398 43 141625
273 24787 25075 32 2131
274 24812 26680 88 91751
275 24963 29299 51 47649
276 25166 27152 8 7339
277 25189 36376 18 59844
278 25307 26850 6 3513
279 25635 26398 90 20442
280 25702 26454 20 10698
281 25826 32796 123 115737
282 25938 35880 4 9619
283 26270 32657 13 11114
284 26417 29290 5 4679
285 26513 29928 138 240899
286 26525 42295 15 51092
287 27115 28952 20 24733
288 27138 31068 10 28550
289 27177 27601 88 12644
290 27290 35677 99 354168
291 27339 40223 54 552485
292 27417 38695 96 345356
293 27422 28349 150 29205
294 27441 27741 27 5620
295 27488 28778 58 70755
296 27538 42731 123 839826
297 27575 35890 114 713216
298 27872 30344 125 151003
299 27942 32214 102 74235
300 28046 31788 133 319594
301 28051 30848 19 18112
302 28067 29214 22 16182
303 28068 31915 112 200917
304 28153 49614 19 80777
305 28582 39445 100 670966
306 28609 42930 93 931100
307 28699 31378 118 151204
308 28799 30260 11 14111
309 28871 52677 82 871929
310 28883 39922 145 507278
311 28964 39287 16 86945
312 28974 49244 46 999649
313 29154 30825 93 23143
314 29187 37697 18 120075
315 29195 38803 101 226974
316 29420 35201 38 88216
317 29428 33589 40 95491
318 29556 47802 31 223887
319 29745 33268 82 50217
320 29772 32406 139 123256
321 29828 34000 17 43463
322 29850 54508 97 1163255
323 29880 51217 80 598509
324 29892 40304 138 1284093
325 29896 35112 8 11160
326 30052 30242 89 17941
327 30207 33510 31 27134
328 30233 38739 8 41203
329 30526 35410 13 12369
330 30603 32424 69 27325
331 30694 33820 22 7884
332 30797 44536 21 73517
333 30842 63199 41 298993
334 30870 30919 101 4069
335 30872 33231 30 37530
336 30892 36541 53 94397
337 30924 37401 89 680311
338 31156 32995 138 120380
339 31271 32187 123 86318
340 31342 32315 76 56449
341 31391 32027 114 18246
342 31611 38318 36 100507
343 31675 33031 71 20701
344 31691 38057 108 310675
345 31699 33787 45 35410
346 31804 36832 35 94501
347 31944 44125 9 36627
348 32030 34353 60 31657
349 32044 38558 105 269737
350 32211 48187 126 1385464
351 32306 32964 67 30421
352 32488 33482 78 148697
353 32557 33160 20 5033
354 32587 36459 41 82358
355 32636 36709 143 339925
356 32681 34688 12 21643
357 32734 34204 23 16583
358 33072 47516 21 112794
359 33254 37364 17 35539
360 33425 48930 37 186290
361 33449 34406 7 2038
362 33616 40797 126 519544
363 33693 47932 55 336718
364 33715 33856 58 2709
365 33942 44688 13 75899
366 34143 55739 124 651700
367 34292 39774 46 308958
368 34887 36830 27 15544
369 34924 45624 20 40624
370 35039 36557 8 11993
371 35046 51204 117 1144432
372 35169 41224 8 14641
373 35178 42254 11 18981
374 35219 42374 38 132192
375 35237 37538 44 39377
376 35253 40376 59 100526
377 35384 48870 140 680745
378 35438 53182 80 193480
379 35522 37391 74 58177
380 35619 39680 144 594732
381 35772 36633 82 26981
382 35801 40185 116 258151
383 35856 36608 145 40977
384 35901 46909 134 781179
385 35928 37793 22 27674
386 36142 55837 50 475741
387 36165 51266 76 203654
388 36546 47612 78 606103
389 36826 38068 35 10956
390 36915 38799 32 45322
391 37056 54329 20 56911
392 37062 37194 19 1442
393 37109 53698 98 406698
394 37484 38295 5 2975
395 37510 48463 93 454323
396 37679 41203 5 11773
397 37715 38288 69 31154
398 37727 47930 14 200766
399 37842 39650 43 86556
400 38038 45911 76 311722
401 38207 40646 149 116956
402 38212 44744 16 94031
403 38333 44642 52 150909
404 38452 39256 69 24411
405 38527 70028 16 365815
406 38559 52997 120 2482450
407 38597 51090 110 672089
408 38765 53533 7 14008
409 38911 48713 50 156485
410 38982 46479 126 666195
411 39018 40518 122 53039
412 39363 47417 28 117164
413 39398 40284 17 26948
414 39417 51894 118 203788
415 39458 51404 75 954495
416 39464 55355 49 160063
417 39481 47433 81 258773
418 39560 45622 30 141890
419 39589 46133 73 181355
420 39627 53030 26 348418
421 39642 45085 81 200606
422 39703 58076 35 185378
423 39778 43572 15 41091
424 39971 46901 63 188495
425 40001 40401 54 46910
426 40202 64774 67 361991
427 40228 51470 109 589425
428 40534 47461 78 291691
429 40569 45565 63 80816
430 40595 41083 13 957
431 40721 42545 111 204465
432 40738 54391 145 1362505
433 40839 55410 115 2023381
434 40862 47917 65 306234
435 41010 49479 4 23845
436 41012 58730 119 364589
437 41059 78332 90 1416385
438 41236 43540 33 34207
439 41535 49762 144 164381
440 41568 42768 41 15516
441 41660 42414 70 15681
442 41714 44126 102 234862
443 41746 42892 128 61574
444 41760 60170 21 104701
445 41768 42443 99 42949
446 41793 45379 24 19958
447 41807 45782 80 432443
448 41906 48752 16 100683
449 42007 46034 14 18531
450 42086 49806 16 110524
451 42119 43810 96 49674
452 42198 48342 48 56245
453 42273 55579 10 31602
454 42368 43001 25 15934
455 42416 56958 140 782907
456 42496 50781 117 190908
457 42546 43101 50 6763
458 42611 54274 96 401932
459 42839 46202 5 4800
460 43082 56069 14 71379
461 43206 45487 112 44090
462 43218 51919 34 71462
463 43241 46722 6 4566
464 43250 47112 23 27595
465 43306 45293 21 26225
466 43395 74640 6 59777
467 43503 45492 65 27442
468 43520 49461 140 302957
469 43891 54408 78 482447
470 43978 57747 23 140693
471 44018 47940 87 277633
472 44206 48846 124 98870
473 44212 58613 12 57522
474 44320 45671 25 8857
475 44364 53234 84 448151
476 44511 49633 50 179309
477 44553 47664 100 229821
478 44627 48876 9 25603
479 44730 61905 21 222085
480 44828 52040 5 13386
481 45143 50111 7 14497
482 45193 51480 117 678870
483 45209 50940 42 97759
484 45227 48291 48 57006
485 45274 51457 4 31354
486 45304 55435 14 32336
487 45353 46188 95 29671
488 45362 47277 140 104395
489 45458 82620 48 720027
490 45533 50457 138 409520
491 45540 46351 31 14341
492 45664 58696 12 48440
493 45702 46007 50 11714
494 45873 46652 14 4341
495 46064 59620 115 1779219
496 46110 46288 107 11852
497 46114 56984 32 284264
498 46154 46893 32 32864
499 46213 47789 6 3535
500 46371 50194 5 3946
501 46404 50300 79 110368
502 46408 52871 35 124433
503 46437 48065 37 54912
504 46502 49780 8 6499
505 46561 50538 7 4318
506 46566 64297 13 147480
507 46638 76323 73 936358
508 46766 51508 122 231679
509 47355 48542 60 37049
510 47377 51306 120 436000
511 47393 47523 23 4368
512 47539 62213 15 237686
513 47584 54663 5 7930
514 48054 53277 9 41861
515 48130 50520 124 128601
516 48193 60338 37 201051
517 48389 55781 65 46689
518 48464 49646 19 10126
519 48549 50811 141 123418
520 48599 55745 120 397317
521 48624 49033 116 28470
522 48829 59275 37 78804
523 48928 50528 64 61068
524 49144 59055 16 40120
525 49314 50040 113 33993
526 49606 96750 63 726225
527 49895 51011 66 34133
528 49915 50086 21 2295
529 50048 56342 19 93367
530 50141 58639 12 62072
531 50173 52843 65 40476
532 50282 73765 62 667027
533 50444 50584 125 5175
534 50559 51123 6 5170
535 50666 54582 16 23029
536 50786 52241 6 5348
537 50822 65331 14 80002
538 50948 51252 123 30421
539 51079 51380 57 27782
540 51107 52475 25 14079
541 51168 52021 148 111274
542 51253 51275 29 208
543 51363 54696 35 114238
544 51449 57508 129 555383
545 51578 60735 24 31998
546 51599 54796 46 63588
547 51736 52353 41 22305
548 51857 70507 84 882361
549 52120 61601 30 32038
550 52203 54988 61 76287
551 52220 53846 10 9859
552 52338 53790 118 53677
553 52518 53064 109 31740
554 52639 58948 11 151240
555 52661 95475 69 794357
556 52670 53884 136 164536
557 52678 59427 84 378626
558 52687 55486 22 26445
559 52733 58542 84 234171
560 52795 52824 48 1108
561 52879 67629 23 49325
562 52906 54642 117 144170
563 52959 55970 82 72186
564 53020 59020 80 707441
565 53145 54053 101 96107
566 53390 56577 59 138379
567 53584 80664 106 922026
568 53597 61750 116 344528
569 53664 85833 37 1341346
570 53824 61137 26 56800
571 53957 76557 24 232467
572 53970 57070 81 23844
573 53990 63609 97 401982
574 54055 56893 27 26885
575 54394 61318 27 67750
576 54454 71919 9 41987
577 54607 63967 131 852188
578 54657 65467 26 54559
579 54723 55760 100 63352
580 54766 69674 8 37343
581 54910 68153 23 65584
582 54941 58245 22 7022
583 54962 74272 114 729571
584 55070 65243 13 146892
585 55082 57099 6 4117
586 55110 78746 93 825625
587 55197 74553 65 622955
588 55328 59646 110 474832
589 55374 60807 82 77413
590 55408 63319 136 493479
591 55455 88730 12 287316
592 55571 60186 124 258416
593 55865 58096 11 10272
594 55893 59849 23 65048
595 55974 66079 135 428322
596 55978 69736 78 514157
597 56010 57371 13 8515
598 56143 68535 110 378531
599 56198 64009 38 156789
600 56323 62453 6 15457
601 56442 64511 136 267358
602 56531 68557 118 472998
603 56844 62577 123 314761
604 56870 57060 101 9344
605 56924 61964 24 42660
606 56935 59409 5 6697
607 57276 63291 103 224755
608 57385 64142 30 26774
609 57412 65323 45 126237
610 57435 57484 111 5213
611 57478 62293 16 20877
612 57515 62885 8 11823
613 57521 57586 29 2346
614 57548 65841 12 74532
615 57753 58661 39 33250
616 57824 63197 29 171196
617 57853 62446 11 37610
618 57881 74976 43 235696
619 57919 67640 5 57396
620 58054 67911 14 75248
621 58057 61434 5 6426
622 58233 65651 71 339477
623 58291 62436 38 129744
624 58336 58655 24 3956
625 58361 68735 19 141947
626 58396 59043 36 23082
627 58512 60046 95 49163
628 58897 64412 34 116665
629 59077 65626 20 89504
630 59188 59760 74 25830
631 59220 62534 24 43994
632 59263 82351 58 518137
633 59618 61219 17 12929
634 59635 65033 5 7390
635 59688 72661 47 291258
636 59693 61340 42 33695
637 59890 62618 131 94064
638 59900 74192 16 238510
639 60083 67387 18 156929
640 60105 66854 4 10019
641 60231 61007 111 66138
642 60342 90383 144 2347010
643 60465 62739 99 67961
644 60804 69116 75 146489
645 60987 68536 68 154568
646 60988 78251 22 149573
647 61041 66304 79 170140
648 61103 64825 113 111190
649 61130 62118 14 4081
650 61131 61962 79 33532
651 61183 69404 6 8641
652 61217 61951 58 32149
653 61361 66359 103 316692
654 61471 61526 78 1259
655 61561 63714 75 31435
656 61755 66261 75 128449
657 61789 70589 52 238636
658 61826 66507 80 299339
659 61886 78344 8 42166
660 61911 65782 17 37057
661 61920 65705 57 84938
662 61929 77034 6 49473
663 61975 69584 118 328959
664 62081 83421 12 62262
665 62239 65027 62 74144
666 62269 66850 4 11904
667 62297 79275 70 350844
668 62365 63071 97 25611
669 62371 69550 123 455855
670 62565 70718 79 148888
671 62584 69767 6 13628
672 62722 71295 126 256312
673 62863 64866 87 81053
674 62877 84401 80 377703
675 62957 63435 7 2178
676 62962 65457 58 201188
677 63380 64075 14 4588
678 63751 65412 67 30420
679 63772 94350 140 1481435
680 63918 66806 62 96073
681 63941 64409 43 23290
682 64031 67108 23 32237
683 64154 78603 50 387457
684 64162 64228 130 9774
685 64181 71764 32 74582
686 64209 83106 28 208872
687 64214 67485 13 47090
688 64263 67318 29 35601
689 64426 78843 14 32631
690 64485 65860 99 104630
691 64502 74385 82 186646
692 64619 65302 143 56771
693 64656 65510 24 8927
694 64706 64876 123 9733
695 64726 65404 30 8211
696 64794 68094 73 44666
697 64937 67311 119 222174
698 65097 69263 101 188842
699 65148 72680 21 108974
700 65162 71615 21 40210
701 65195 71286 116 446972
702 65284 67696 14 16943
703 65353 72290 62 226425
704 65409 79629 78 104711
705 65566 67375 88 45444
706 65764 73198 70 193944
707 65767 76098 65 227710
708 65876 71023 12 15607
709 65967 71869 139 162657
710 65984 70178 72 122309
711 66085 74341 9 22095
712 66139 76849 86 252669
713 66146 68814 136 95474
714 66328 84902 22 100173
715 66357 75879 17 66246
716 66370 71911 5 7939
717 66560 87962 11 41531
718 66720 73096 56 218846
719 66800 67192 38 6388
720 66875 75272 12 73472
721 66885 70213 143 197982
722 66979 72481 24 23623
723 67079 69436 38 22473
724 67161 79530 15 81148
725 67428 76272 73 520254
726 67549 73994 29 83492
727 67577 69957 65 74517
728 67607 72969 6 23761
729 67669 74578 89 225717
730 67822 71891 22 36889
731 68004 70918 125 156654
732 68005 77509 59 107946
733 68064 92058 123 1125799
734 68083 68524 76 15988
735 68148 73594 18 58411
736 68180 68824 6 2066
737 68300 71322 13 21556
738 68383 73230 24 25722
739 68419 85406 119 1572151
740 68593 79305 126 452320
741 68597 68912 14 1763
742 68764 76155 35 73647
743 68768 77061 61 377409
744 68860 82536 89 1738312
745 68875 69201 116 16868
746 69031 78108 23 63709
747 69479 79723 148 1121009
748 69635 89368 8 47453
749 69723 75811 45 142005
750 69863 79096 108 1262203
751 69969 76422 48 132883
752 69996 96250 127 1070134
753 70634 74926 20 36791
754 70724 72322 17 15773
755 70810 78935 10 33260
756 70923 71426 85 29084
757 70957 73533 92 66196
758 71107 77511 7 35421
759 71201 71773 5 916
760 71310 97992 71 517130
761 71311 71760 102 18320
762 71375 71810 139 74089
763 71411 73235 60 78305
764 71468 83476 35 337597
765 71798 74925 103 68678
766 72180 74114 45 27745
767 72234 72656 15 3728
768 72379 78318 67 113863
769 72403 97747 124 2317999
770 72526 74197 19 15757
771 72608 89878 119 287445
772 72625 74300 36 45542
773 72819 74995 113 123549
774 72855 93004 53 904298
775 72905 78492 133 640642
776 72995 77030 12 21421
777 73064 82362 29 111935
778 73154 85614 88 538320
779 73370 90128 143 1783039
780 73449 81688 27 62654
781 73455 83959 148 372539
782 73466 81188 74 202564
783 73536 78314 145 124027
784 73719 75516 21 24021
785 73947 87110 14 112080
786 74037 77318 12 11153
787 74051 75806 130 53436
788 74141 75840 9 7424
789 74200 80012 101 101294
790 74258 74551 101 16881
791 74271 76477 31 12129
792 74602 76104 110 25241
793 74618 75564 38 11174
794 74688 75339 53 16264
795 74809 79510 107 233970
796 74811 79581 72 253841
797 74830 75761 50 41774
798 75109 80529 101 526890
799 75176 75367 41 9945
800 75324 78576 16 23291
801 75656 92108 148 413595
802 75776 78529 136 84842
803 76003 76404 34 2069
804 76091 82507 141 698334
805 76110 91643 134 592532
806 76130 76471 60 12588
807 76152 84312 17 51632
808 76304 77397 111 72191
809 76321 76540 120 27222
810 76440 78900 134 183388
811 76456 78798 108 193439
812 76501 99993 28 672419
813 76517 82728 8 14550
814 76620 83069 30 55346
815 76625 79210 9 9684
816 76630 78334 14 6350
817 76645 84169 12 20261
818 76719 82194 125 140848
819 77024 79008 23 32568
820 77169 93279 117 647771
821 77404 78047 137 44172
822 77425 90172 52 463430
823 77585 79120 14 6488
824 77637 79257 13 11940
825 77642 88752 7 53083
826 77682 81146 71 60752
827 77692 80058 81 135650
828 77884 80217 60 57800
829 77917 88313 43 129175
830 78052 80484 19 12697
831 78331 79047 6 3337
832 78517 92974 41 620557
833 78545 86445 138 917792
834 78583 82400 130 274083
835 78644 80187 50 38333
836 78670 88094 20 17065
837 78737 83271 103 406144
838 78759 83953 100 1049957
839 78919 82150 45 53673
840 78925 79766 20 15755
841 78958 87202 7 27707
842 78984 80361 140 64721
843 79082 79302 63 4503
844 79116 82808 97 97992
845 79137 81596 7 12110
846 79246 79379 10 466
847 79279 92190 140 1053605
848 79346 89786 16 59958
849 79361 83460 72 122914
850 79438 83358 48 161915
851 79528 83572 74 121980
852 79616 80139 122 42335
853 80172 85572 42 38956
854 80829 94588 23 362279
855 80858 91450 89 492254
856 80995 86590 43 175290
857 81578 82154 108 41481
858 81633 89076 78 143235
859 81675 91463 63 298536
860 81705 87823 129 586830
861 81832 88843 8 36602
862 82049 96020 30 81361
863 82196 86851 71 126573
864 82271 87760 44 51336
865 82348 88800 128 328515
866 82392 84258 6 2618
867 82412 90608 70 319989
868 82425 85608 28 27521
869 82454 86192 110 233758
870 82721 87254 138 1000070
871 82746 86293 54 143736
872 82755 84010 72 53399
873 82792 92748 29 114412
874 82875 83239 12 2287
875 82901 86820 63 107108
876 82903 84471 25 6192
877 83031 93700 103 539530
878 83275 87338 13 21915
879 83286 84707 53 78839
880 83315 83901 17 4403
881 83336 84212 34 15221
882 83488 89168 20 45148
883 83604 84019 41 8197
884 83666 85417 50 59215
885 83686 84948 108 77112
886 83717 96621 138 1084101
887 83727 89999 47 78385
888 83733 86396 90 194525
889 83824 89299 68 222817
890 83853 86076 136 154693
891 83913 90695 4 3908
892 83960 99849 127 444145
893 84074 85540 19 23403
894 84337 87423 138 61250
895 84515 86369 127 47053
896 84557 90465 62 250234
897 84866 96755 112 810818
898 84966 96912 88 442013
899 85010 90354 17 27405
900 85103 91405 48 142922
901 85138 91433 12 46268
902 85214 91240 5 4359
903 85680 87995 33 23747
904 85772 88647 4 3588
905 85800 89637 46 142596
906 85978 91929 18 62215
907 86046 94315 113 165322
908 86153 86950 53 20952
909 86377 91547 25 46748
910 86403 89355 102 220417
911 86632 93404 86 367686
912 86738 93034 8 28017
913 86753 92924 96 266054
914 86755 86945 125 5254
915 86814 86833 116 1695
916 86982 89090 29 123348
917 87154 88203 100 69929
918 87220 93421 100 109449
919 87253 92025 7 10979
920 87287 97828 4 15459
921 87382 99480 124 319866
922 87814 90104 66 24371
923 87922 90572 55 98531
924 88045 92667 67 174644
925 88075 93987 10 35729
926 88133 93352 5 7147
927 88164 93094 80 369514
928 88310 98894 40 215569
929 88495 89074 119 55655
930 88548 91424 29 54086
931 88646 94064 94 195016
932 88666 93110 85 211078
933 88986 92630 18 34811
934 88987 94165 19 48651
935 88988 93707 127 410861
936 89298 97572 126 422815
937 89548 94015 49 71803
938 89551 90565 94 45992
939 89611 93462 82 77587
940 89729 99333 20 127749
941 90015 97295 14 57442
942 90110 91513 6 3460
943 90140 92558 7 13081
944 90186 97649 62 174527
945 90259 96331 59 185956
946 90309 96409 27 36788
947 90377 98010 74 299233
948 90405 91567 10 3225
949 90438 91119 19 8243
950 90488 98543 76 501298
951 90767 91848 67 41961
952 90799 93640 10 6848
953 91123 93144 16 13312
954 91310 93944 150 146516
955 91413 96881 29 51812
956 91653 99388 16 28432
957 91754 94595 12 11468
958 91830 92426 124 52760
959 91857 96378 50 181354
960 91871 94449 29 240331
961 91898 94544 40 31522
962 92091 99147 96 120338
963 92438 95005 123 190063
964 92582 93665 45 32950
965 92704 93842 52 48808
966 92735 94442 43 37725
967 92812 96906 54 16034
968 92950 96673 99 131323
969 93118 96159 109 145507
970 93385 97062 10 11723
971 93416 94990 6 2453
972 93627 98965 15 104574
973 93683 95423 18 10485
974 93733 95640 141 156721
975 93898 98720 26 59769
976 94089 94373 50 8136
977 94090 98919 131 305060
978 94401 95141 141 30318
979 95019 96208 17 9482
980 95124 97870 98 90195
981 95440 99151 54 59161
982 95595 97021 49 29478
983 95616 99958 41 62910
984 95677 96266 116 103653
985 95688 96042 97 36719
986 95698 97165 6 9412
987 96068 97280 120 245956
988 96434 96540 39 1511
989 97048 97137 111 16604
990 97560 99632 16 25304
991 97880 98132 42 13456
992 98152 99816 58 74032
993 98163 99861 120 36320
994 98285 99389 28 26714
995 98729 98763 74 4164
996 98817 99015 4 123
997 98866 99029 5 316
998 98924 99634 127 73463
999 98969 99251 10 2260
