50 1000 0.031
...........................##.#...................
..........................######..#...............
..........................#########...............
.............................#####................
..............................##..................
..............................##..................
..............................##..................
.................................................#
...............................................###
...............................................###
...............................................#.#
..............................................####
..............................................#.#.
.............................................#####
.............................................#####
...............................................#..
..................................................
..................................................
..................................................
..................................................
..................................................
..................................................
..................................................
..................................................
..................................................
.........#.#......................................
........#####.....................................
.......######.....................................
........#####.....................................
.........##.......................................
.........#........................................
.........#........................................
..................................................
..................................................
..................................................
..................................................
..................................................
..................................................
..................................................
..#............................................#..
.##.........................................##.#.#
###.........................................####.#
#####........................................#####
###.#........................................###.#
#.##.........................................#####
##........................................#..###..
###.......................................#.######
###.......................................########
##........................................#######.
###.......................................###.#...
0 51 1265 140 53369
1 96 2563 49 124120
2 125 318 19 1930
3 289 4148 39 44317
4 602 1486 65 34291
5 895 2982 22 28547
6 1047 5658 75 335578
7 1255 6967 140 442914
8 1338 5212 97 139118
9 1466 2876 147 128320
10 1512 2466 63 10853
11 1676 5608 6 10897
12 1710 3975 80 92278
13 1785 3552 122 111941
14 1884 9615 80 165816
15 2054 6005 75 110880
16 2108 2693 54 37846
17 2119 5577 147 181124
18 2203 4710 80 73503
19 2291 12369 30 124443
20 2377 5992 131 627393
21 2416 6847 78 263925
22 2745 3389 116 73400
23 2789 3155 49 14890
24 2833 7752 110 85544
25 3077 9801 114 482035
26 3222 3565 9 3490
27 3460 9051 74 194644
28 3506 3866 91 19648
29 3524 5670 34 19304
30 3601 6528 44 87450
31 3699 4623 36 32526
32 3748 4609 5 2147
33 3884 4913 31 6688
34 3928 5189 62 67817
35 4185 5662 31 36953
36 4357 12435 135 302457
37 4539 6755 41 63961
38 4631 5805 98 71451
39 4698 4848 56 6895
40 4764 5960 147 105253
41 4869 4980 34 3585
42 5085 7264 63 84521
43 5124 5511 143 29507
44 5156 10341 141 195220
45 5231 9998 103 329586
46 5336 6483 96 47852
47 5383 12573 18 22544
48 5483 6425 82 60681
49 5704 10515 62 221980
50 5706 5718 50 340
51 5800 7662 15 9055
52 6006 6609 11 5616
53 6093 12185 62 354692
54 6281 12221 150 700964
55 6301 7249 52 23445
56 6308 11118 84 156702
57 6400 10594 108 110099
58 6488 7770 136 89157
59 6504 9073 25 44391
60 6557 12589 24 21328
61 6748 10988 123 286689
62 6766 9135 75 97053
63 6836 9881 17 17886
64 6948 7699 110 49816
65 7310 10640 92 30135
66 7415 11674 13 15376
67 7438 11649 132 115996
68 7634 8304 61 16487
69 7993 14620 16 38206
70 8011 10366 76 255735
71 8239 12155 58 130628
72 8241 13519 105 245129
73 8649 9224 137 59764
74 8788 15024 115 599875
75 8791 10381 65 61370
76 8953 10800 56 16614
77 9042 10731 85 74490
78 9102 10599 23 13866
79 9229 16939 13 137473
80 9475 15294 25 42618
81 9629 10378 108 70503
82 9702 11927 16 20945
83 9767 18084 99 258545
84 9812 12403 22 34125
85 9838 17318 17 42069
86 9880 11464 99 90093
87 9883 14474 4 15894
88 9937 15141 35 100686
89 10067 11517 10 7470
90 10079 14249 35 63213
91 10088 10762 52 31190
92 10284 13889 22 57865
93 10414 20595 109 382601
94 10428 11426 92 42715
95 10691 14640 9 18287
96 10722 19136 6 13590
97 10733 15113 68 95074
98 11137 11634 23 6122
99 11369 16608 19 50489
100 11390 13454 96 81163
101 11434 12288 14 8926
102 11633 12768 92 60051
103 11671 23138 8 19146
104 11828 13055 85 56508
105 11846 12344 138 14429
106 11950 16148 116 467925
107 12037 13482 15 6397
108 12101 16471 117 225064
109 12351 15802 62 146380
110 12450 13923 82 23197
111 12464 13361 109 50539
112 12499 15531 62 58849
113 12655 22466 9 18632
114 12980 19332 106 290248
115 13095 19602 141 245033
116 13096 13399 99 27952
117 13204 14547 86 51320
118 13302 15965 34 26816
119 13364 14675 17 5479
120 13382 21738 117 1726651
121 13545 14756 23 22153
122 13700 14469 39 10860
123 13713 16387 70 158435
124 13750 19743 69 292811
125 13851 19318 7 15226
126 13917 23039 16 85402
127 13981 17644 106 143518
128 13996 14246 55 16138
129 14018 18960 23 40426
130 14075 14305 9 1237
131 14208 15387 16 13595
132 14307 15442 111 56394
133 14351 16910 50 36786
134 14356 18699 27 42197
135 14406 23552 13 45885
136 14523 16896 104 81003
137 14551 16204 10 12923
138 14744 30168 96 727712
139 14994 15129 82 15809
140 15003 19756 39 161798
141 15423 18666 54 83117
142 15554 20372 68 156681
143 15748 18078 6 5603
144 15931 16145 14 1906
145 16026 30161 29 279731
146 16047 17370 7 2322
147 16069 22599 8 19943
148 16074 29625 6 13263
149 16225 32380 46 185515
150 16376 18326 5 7886
151 16652 18324 8 8444
152 16725 23576 21 52907
153 16765 18445 98 82384
154 16852 21214 126 553656
155 17060 19194 49 31661
156 17109 23274 7 32626
157 17221 18025 97 29960
158 17354 17779 122 13555
159 17402 21704 67 149996
160 17473 19601 41 22891
161 17505 17964 66 10174
162 17549 20774 78 123774
163 17725 24737 26 65491
164 18438 19064 67 25050
165 18844 19439 5 1063
166 18944 25687 31 124210
167 19181 27699 36 370268
168 19298 22527 12 8052
169 19571 44344 102 785856
170 19588 20155 65 14982
171 19658 22652 24 48154
172 19940 25346 11 37074
173 20016 22538 140 139305
174 20207 21460 37 15051
175 20286 20473 17 1288
176 20313 21391 145 104019
177 20375 24340 12 16054
178 20460 23203 78 113966
179 20502 25211 8 18994
180 20734 21692 73 41559
181 20792 21472 27 9086
182 20894 21387 5 890
183 21098 24066 118 159257
184 21247 22100 10 4204
185 21250 24819 143 173353
186 21351 29361 38 163693
187 21403 21719 72 17687
188 21445 26041 129 220824
189 21610 34341 147 496949
190 21680 27881 109 254408
191 21800 23057 9 9455
192 21848 22187 33 4103
193 22046 27639 62 137279
194 22057 29179 99 514427
195 22118 38716 60 220448
196 22134 24709 12 9427
197 22288 35102 27 97534
198 22375 36174 36 160357
199 22480 22961 20 2647
200 22526 25157 135 163703
201 22562 26327 64 215452
202 22644 25400 106 124773
203 22766 25665 128 99497
204 22930 24428 107 45991
205 22958 25334 134 461005
206 23047 23273 12 2320
207 23197 24361 57 31630
208 23286 26188 83 73223
209 23346 24266 142 53074
210 23382 23473 11 563
211 23386 23826 28 14888
212 23539 25709 5 4277
213 23599 27870 100 194173
214 23799 26989 37 54503
215 23972 25523 72 40338
216 23990 26722 10 14327
217 24114 24866 5 3132
218 24315 25392 53 24995
219 24507 25188 23 20033
220 24566 32390 98 233758
221 24883 25408 7 903
222 24886 25548 81 20673
223 24909 25347 67 15460
224 24918 30791 12 15346
225 25029 28009 45 33278
226 25035 40040 10 53316
227 25069 26483 96 64603
228 25127 25859 40 14064
229 25139 29396 131 256557
230 25182 25998 98 14413
231 25228 26681 6 11567
232 25291 26163 42 15432
233 25916 27095 51 37682
234 26040 30806 24 56917
235 26174 29899 30 38293
236 26200 28023 16 14901
237 26208 26630 93 9773
238 26232 30526 68 80049
239 26338 29631 53 130789
240 26371 31139 24 43847
241 26432 26922 98 49208
242 26438 38181 11 90062
243 26741 27921 132 55974
244 26751 27838 84 15504
245 26765 36782 75 622334
246 26790 30967 76 72938
247 26828 27706 84 40555
248 26881 27361 55 33755
249 27101 28169 113 52428
250 27324 29666 129 52259
251 27478 29264 4 2442
252 27495 32644 18 76577
253 27514 31389 8 8047
254 27649 40268 125 1233803
255 27859 28610 19 5907
256 27875 33046 10 15330
257 27979 31937 5 6742
258 28068 28104 110 2846
259 28242 33689 19 58152
260 28301 31398 6 20081
261 28502 30688 24 20941
262 28945 30254 5 5327
263 29013 31940 88 82605
264 29239 30303 5 1626
265 29284 33557 6 13230
266 29381 32006 15 98142
267 29440 30497 96 33834
268 29561 32835 47 99103
269 29577 29887 101 13109
270 29708 36254 42 88661
271 29787 35099 31 63345
272 29915 30299 72 31640
273 30003 33768 9 22355
274 30026 35262 13 48369
275 30241 30411 97 11565
276 30355 31669 24 15067
277 30366 36634 8 12934
278 30394 39568 23 40344
279 30551 35342 4 5890
280 30578 32218 58 22107
281 30600 31466 57 13928
282 30609 34093 33 95172
283 30790 40162 28 215105
284 30826 34803 36 38519
285 30908 32728 7 8307
286 31064 33486 25 51322
287 31124 33622 97 256484
288 31134 42192 111 161499
289 31606 32008 33 6904
290 31648 40925 50 178660
291 31684 33939 43 40087
292 31730 34076 110 244447
293 31836 35152 77 119999
294 31955 32197 40 5180
295 31964 34528 88 50786
296 31965 37644 138 340800
297 32074 36061 35 35334
298 32117 33224 96 28587
299 32198 32237 82 2287
300 32275 32683 9 5220
301 32340 34629 28 21558
302 32353 32607 42 11680
303 32459 33129 18 3612
304 32485 33354 51 53751
305 32553 32633 9 817
306 32760 34890 77 36491
307 33045 34404 39 10666
308 33210 33702 55 22197
309 33255 36954 50 148139
310 33294 34620 23 59357
311 33401 34084 11 4643
312 33420 35265 78 178470
313 33673 40639 102 337212
314 33803 35104 140 41319
315 33848 37349 117 373813
316 34029 35413 109 31500
317 34056 34729 133 48165
318 34062 35607 16 25490
319 34111 34787 75 34955
320 34160 35436 33 24538
321 34233 35276 120 16719
322 34294 39291 34 78476
323 34638 36838 38 35288
324 34747 39094 67 160374
325 34758 35185 11 2376
326 34804 37327 16 33670
327 34920 38630 12 17440
328 35055 38480 9 18821
329 35110 35665 148 36958
330 35135 37758 23 19804
331 35161 35282 38 5186
332 35464 40613 39 143678
333 35482 37569 9 25348
334 35547 36563 113 71582
335 35566 37930 25 23661
336 35593 37211 8 4025
337 35708 38023 64 34443
338 35720 47208 65 142544
339 35786 39932 63 262981
340 35957 37094 66 22752
341 35999 38136 148 46967
342 36014 37773 39 67487
343 36077 38278 32 55429
344 36413 37051 45 4362
345 36452 36826 25 2911
346 36510 40365 4 8291
347 36576 37648 51 41438
348 36684 41955 39 90064
349 36776 37950 43 13705
350 36918 40234 28 13740
351 36988 37379 7 1750
352 37110 37575 10 2965
353 37125 37840 80 37749
354 37156 39410 100 104169
355 37311 38532 109 32228
356 37366 40504 118 415562
357 37418 38471 32 20621
358 37527 38713 31 13034
359 37540 40574 40 23406
360 37560 44167 93 685034
361 37633 39133 30 24378
362 37668 43655 108 411020
363 38085 38259 144 8730
364 38334 45270 118 402834
365 38393 38727 83 10774
366 38408 40172 9 5262
367 38557 39962 34 37257
368 38602 41240 39 56929
369 38847 40034 134 66139
370 38852 38873 139 1713
371 38906 39142 111 26098
372 38993 48929 7 21759
373 39238 39400 110 12867
374 39320 43942 76 91837
375 39461 43474 25 77798
376 39524 46768 29 67729
377 39570 45268 58 308709
378 39665 42650 30 31992
379 39771 39955 10 1978
380 39782 41159 51 48058
381 39795 42166 42 50402
382 40147 42858 72 180109
383 40151 40293 4 450
384 40256 40537 78 2459
385 40279 43429 102 145488
386 40285 42802 41 66607
387 40435 42388 112 150814
388 40444 40477 74 5087
389 40481 41109 103 39424
390 40546 47114 6 19876
391 40573 40971 9 1535
392 40725 41945 117 112848
393 40766 43334 32 16308
394 40813 41319 11 4356
395 40839 43209 55 52824
396 40868 42555 110 57037
397 40907 44974 83 91850
398 40942 41428 105 12251
399 41150 45946 141 262686
400 41172 42229 131 71054
401 41185 42746 66 62991
402 41226 48753 38 67407
403 41243 47593 91 199556
404 41460 42545 11 4718
405 41514 42108 17 11313
406 41536 45754 23 41580
407 41542 45728 51 113165
408 41686 45040 94 172086
409 41936 44266 133 66661
410 41978 44642 79 37272
411 42070 42548 24 3517
412 42260 43131 8 6324
413 42309 42604 7 739
414 42318 45205 10 9467
415 42409 42724 7 969
416 42438 42765 59 5446
417 42510 47379 17 32592
418 42640 46202 59 119699
419 42684 42780 32 647
420 42688 47366 142 256980
421 42718 47096 4 7575
422 43098 43841 112 49973
423 43276 48584 12 54022
424 43361 54693 146 547490
425 43367 47435 84 43690
426 43378 44742 115 110344
427 43477 44259 24 7232
428 43739 46529 138 82601
429 43765 45075 82 105960
430 43771 45760 48 58082
431 43798 53110 150 270078
432 43934 49968 45 95450
433 44136 45642 42 26451
434 44164 48858 13 22011
435 44204 44785 16 2284
436 44359 50093 30 44225
437 44585 50289 60 136273
438 44650 47893 6 8353
439 44724 48575 24 16601
440 44733 53827 79 209528
441 44903 45099 131 23776
442 45104 52493 12 28268
443 45190 45362 95 9009
444 45261 49466 52 195895
445 45277 46588 90 43727
446 45365 51971 64 312526
447 45483 51374 6 2936
448 45800 46533 22 8566
449 45820 58429 140 449957
450 45961 48221 13 17319
451 46133 46525 136 20944
452 46171 48415 45 26807
453 46393 51882 146 243815
454 46445 59776 5 25129
455 46510 46929 33 12646
456 46781 47050 48 5873
457 46887 47237 5 1120
458 46894 49836 17 126691
459 46917 47317 100 19326
460 46960 48831 133 364232
461 47045 53319 86 272373
462 47122 48878 118 42977
463 47199 49974 126 154827
464 47244 48263 6 2123
465 47250 48049 136 87702
466 47470 49753 16 25061
467 47500 56473 45 101340
468 47519 49663 29 14514
469 47522 50176 55 41332
470 47778 48739 17 10519
471 47808 48131 26 4034
472 47904 49985 132 111918
473 47938 51390 124 151095
474 47949 51261 31 49981
475 47951 49713 140 67980
476 48001 51112 54 243907
477 48244 50482 21 42590
478 48536 57261 69 265780
479 48614 51543 49 36050
480 48778 51578 19 18527
481 48938 49939 47 28253
482 49010 49154 21 3799
483 49295 49517 80 9464
484 49306 50920 13 12628
485 49323 50682 6 3700
486 49337 50897 52 31101
487 49504 73385 98 3143800
488 49507 55871 90 383250
489 49531 52994 123 82019
490 49543 58708 69 387103
491 49612 50668 148 58478
492 49643 53585 61 154094
493 49758 61929 40 275379
494 49768 54557 118 240153
495 49829 57605 20 26547
496 49862 53266 68 46916
497 49947 50317 46 6883
498 49990 50993 16 3675
499 50045 54866 41 78084
500 50400 54447 144 524719
501 50422 54234 91 154373
502 50989 52126 70 32355
503 51039 51827 75 16602
504 51081 52330 28 18269
505 51132 51788 18 3990
506 51151 57762 35 42375
507 51254 54970 14 53736
508 51305 52738 8 2984
509 51330 53344 66 79269
510 51412 53020 137 203084
511 51504 52842 55 16927
512 51595 56375 16 69180
513 51733 52855 26 17641
514 51824 54583 70 45508
515 51899 52960 40 22183
516 51940 54368 18 13298
517 52087 52566 132 65812
518 52349 55619 40 46491
519 52487 53628 8 3911
520 52541 56492 143 56264
521 52653 55642 104 161361
522 52712 54496 98 123194
523 52809 53664 74 26752
524 52870 53839 40 21766
525 52981 56260 13 14116
526 53235 54383 21 19482
527 53269 57458 7 12261
528 53401 60092 36 421971
529 53428 54119 42 17600
530 53496 54855 145 52323
531 53695 55934 134 191617
532 53741 62428 109 326180
533 53883 61274 24 60760
534 53978 59107 27 37616
535 54105 58396 21 22304
536 54122 61314 37 85392
537 54124 59038 17 21369
538 54417 55625 62 21836
539 54483 56130 100 123353
540 54517 55589 9 4223
541 54946 62927 76 465267
542 55134 57346 63 27968
543 55160 68258 97 658483
544 55293 57066 97 26947
545 55350 56836 20 31721
546 55372 55439 19 691
547 55470 56414 95 40500
548 55472 56700 37 15806
549 55509 56499 28 19990
550 55582 60330 57 60475
551 55588 57164 136 57189
552 55779 56372 148 54891
553 55877 57087 19 42609
554 55968 59690 71 92336
555 55992 61533 125 149492
556 56011 56134 16 2555
557 56053 62452 15 74175
558 56232 71469 142 296234
559 56253 57564 29 8867
560 56299 57929 101 28371
561 56411 62535 33 33942
562 56421 56757 43 8100
563 56424 60083 47 38497
564 56433 56867 6 737
565 56626 62357 73 408402
566 56645 57499 10 2947
567 56685 58026 141 79387
568 56723 67543 52 159020
569 56822 58411 42 26867
570 56894 72509 90 791501
571 56990 57992 12 15230
572 57309 57406 14 1065
573 57409 61654 51 187327
574 57649 58968 115 67161
575 57659 58352 6 2907
576 57673 63813 41 179369
577 57684 58054 147 27427
578 57714 64753 138 646443
579 57931 61405 65 201367
580 58154 58803 59 54772
581 58266 59826 61 41927
582 58275 64179 110 315283
583 58428 59435 8 2462
584 58535 70219 9 11298
585 58587 58680 74 3557
586 58716 64627 10 29837
587 58966 63255 30 64030
588 59044 60519 8 10199
589 59260 70173 8 18246
590 59319 61061 5 9548
591 59370 60525 148 151556
592 59566 63068 7 11203
593 59704 61358 17 8486
594 59798 60786 105 49254
595 59839 62513 22 10067
596 59860 67328 7 17258
597 59910 62573 92 191946
598 59948 62350 34 26517
599 60109 69856 9 57739
600 60120 61469 20 32755
601 60173 60683 133 102994
602 60194 64240 5 4425
603 60526 63550 5 11157
604 60543 63130 148 138096
605 60547 61335 15 8231
606 60717 62735 30 62476
607 60808 66880 4 5605
608 61093 62733 36 100836
609 61135 65558 60 502076
610 61176 63828 8 10550
611 61356 63849 60 79517
612 61430 64012 41 44502
613 61682 62882 27 10599
614 61803 65640 142 366331
615 61873 63372 51 37655
616 62004 63041 122 64270
617 62116 66906 111 154529
618 62233 66274 139 186124
619 62279 62905 6 1597
620 62698 63659 89 33888
621 62823 64320 16 7119
622 62851 65100 17 19225
623 62896 64681 7 7968
624 62994 70750 15 76751
625 63064 65475 101 76751
626 63078 63213 73 4318
627 63239 71432 67 332391
628 63329 64310 24 7510
629 63354 66329 8 11732
630 63360 65968 21 23010
631 63648 71843 7 48385
632 63814 66600 122 120205
633 63818 66929 14 18949
634 64084 64966 66 13362
635 64101 69597 122 124948
636 64150 66253 8 4479
637 64219 65360 13 2812
638 64385 70833 11 26722
639 64474 69095 55 158104
640 64488 64941 32 11139
641 64663 67512 13 24425
642 64691 64874 90 22562
643 64774 65604 21 7228
644 64867 76718 89 561441
645 64967 65489 41 12386
646 65301 65666 122 20584
647 65394 65943 36 15532
648 65430 67457 39 34102
649 65495 66704 52 96026
650 65607 66321 23 15935
651 65609 67597 10 9385
652 65650 66664 13 9809
653 65929 70233 49 206517
654 66057 68246 77 189393
655 66114 68268 22 38279
656 66165 68015 9 3772
657 66170 67436 40 13837
658 66221 67680 124 40729
659 66426 68234 113 61452
660 66428 67614 59 19352
661 66433 66869 17 2435
662 66526 70917 7 6429
663 66540 66620 15 1630
664 66813 67774 33 15446
665 66870 74736 11 46804
666 67082 71366 6 10262
667 67318 71333 83 134173
668 67336 70927 39 79726
669 67452 76406 39 120030
670 67472 69568 23 32717
671 67566 69704 13 4042
672 67596 67698 34 4013
673 67718 67949 29 6266
674 67934 76065 32 159679
675 68199 69350 94 81374
676 68240 72661 104 96593
677 68354 69092 48 18721
678 68363 69033 37 11204
679 68366 68561 10 819
680 68375 68759 93 13618
681 68401 71677 47 29516
682 68624 73727 137 181876
683 68677 72554 5 7948
684 68777 72201 54 28371
685 68949 72083 7 8634
686 69042 70308 25 22862
687 69208 70535 52 33355
688 69606 72355 8 17351
689 69661 70024 101 19456
690 69760 80863 32 168102
691 69860 73529 84 162466
692 70285 78204 32 178757
693 70426 75705 138 121334
694 70487 73478 123 76295
695 70746 72376 106 80668
696 70819 75824 134 138088
697 70824 76638 7 18422
698 71003 76827 121 749576
699 71049 79199 8 14386
700 71221 77102 10 60634
701 71377 74316 66 136991
702 71557 72946 11 11593
703 71696 73239 66 76641
704 71715 73314 11 3793
705 71728 71979 138 17390
706 71851 73284 53 33478
707 71935 73069 41 28157
708 72001 74139 101 140791
709 72053 99511 116 918737
710 72123 72692 27 4708
711 72187 79593 148 258274
712 72324 75007 9 10830
713 72402 73016 13 4338
714 72478 73889 7 6047
715 72646 73193 25 10573
716 72760 74917 8 10201
717 72917 78253 114 216305
718 72953 74468 89 79494
719 73139 73989 78 15120
720 73265 74261 72 37009
721 73401 76653 54 59352
722 73471 76596 53 125607
723 73521 78362 100 512727
724 73657 81420 29 188405
725 73802 74054 23 1848
726 73842 75570 5 22873
727 73955 75890 37 26136
728 73968 75754 131 136944
729 73970 77265 59 94954
730 74063 76157 26 49662
731 74086 74435 77 19080
732 74136 78066 112 184903
733 74217 75763 7 3891
734 74363 77001 12 20235
735 74438 79019 119 533055
736 74694 76208 110 27252
737 74761 80468 5 5671
738 74850 79428 9 24780
739 74898 75734 50 65244
740 74913 76538 31 23987
741 74945 79645 113 363086
742 75101 76794 17 11440
743 75206 77186 100 52266
744 75249 77976 62 170505
745 75289 76378 26 15349
746 75315 83372 126 177250
747 75397 84786 116 394818
748 75667 79226 47 104790
749 75769 78463 60 64798
750 75806 76768 44 47445
751 75883 77653 126 49787
752 76068 84846 9 44180
753 76165 78690 11 8365
754 76373 84087 112 459874
755 76622 81117 71 143868
756 76630 78352 110 110483
757 76733 81232 35 105982
758 76775 77854 87 47410
759 76795 76957 19 1511
760 76802 90232 10 147445
761 77049 84394 5 10942
762 77060 87758 76 226040
763 77210 82450 42 48662
764 77266 77936 69 85674
765 77288 89357 31 79796
766 77313 82444 121 352921
767 77322 80418 32 32294
768 77370 77695 140 39429
769 77630 82564 48 98466
770 77662 79269 11 3048
771 77700 78891 77 14445
772 77838 81698 140 222104
773 77867 79665 89 59396
774 78006 78316 52 12953
775 78116 78290 68 11163
776 78155 79337 32 24394
777 78270 85191 19 53991
778 78377 80010 35 18199
779 78524 80270 77 30648
780 78568 79261 108 30592
781 78576 80247 61 62811
782 78585 81765 17 26840
783 78624 82171 45 39688
784 78648 80074 20 10730
785 78829 79548 4 1826
786 78831 79100 17 2273
787 78895 79782 66 24814
788 79164 90817 17 47264
789 79206 79380 90 5765
790 79207 82583 45 59816
791 79286 80187 16 20396
792 79293 92725 96 866874
793 79324 85088 71 129568
794 79357 79715 20 2248
795 79482 80263 7 3708
796 79616 83629 28 40484
797 79622 87533 8 14426
798 79725 79942 8 578
799 79892 79933 111 4593
800 79950 81730 83 37342
801 80015 81297 67 35010
802 80068 83200 47 85384
803 80088 84360 15 24614
804 80120 81347 92 34446
805 80141 85555 13 21653
806 80296 82501 64 38360
807 80300 82176 55 58072
808 80339 82408 19 8717
809 80344 83046 76 95487
810 80460 81978 30 30319
811 80563 83193 108 158028
812 80578 83793 51 47018
813 80626 83348 72 87746
814 80630 83431 19 8557
815 80682 86219 43 159792
816 80699 85920 14 36845
817 80767 89270 37 73559
818 80893 81283 18 4057
819 80922 81955 77 15322
820 81044 91087 148 562397
821 81091 83040 61 92472
822 81271 87897 69 230896
823 81380 96675 133 1887158
824 81383 85770 82 499910
825 81389 81597 142 27649
826 81399 82104 41 11523
827 81418 85175 69 84168
828 81459 82044 6 2075
829 81519 89929 13 58394
830 81520 83219 59 52247
831 81541 86612 30 20564
832 81705 83157 105 43499
833 81889 82649 129 27405
834 82016 82273 128 18044
835 82032 83613 108 75014
836 82108 82640 101 29084
837 82131 82555 8 2496
838 82159 82630 62 11130
839 82165 83260 25 12322
840 82341 89879 64 129101
841 82373 85388 74 88246
842 82399 84083 139 119370
843 82478 82844 62 19427
844 82599 82675 57 1320
845 82857 85526 13 25034
846 82931 92371 5 19665
847 82945 88446 24 47302
848 82991 84358 24 36813
849 83012 83253 22 2717
850 83122 90785 48 75884
851 83224 83400 39 2839
852 83230 86513 66 185502
853 83255 84977 78 98600
854 83514 87397 97 221287
855 83774 88881 27 85720
856 83883 85057 77 18099
857 84034 86474 109 210427
858 84093 87666 70 103682
859 84432 87820 138 138284
860 84466 84697 85 11630
861 84553 84811 147 40644
862 84571 84700 12 460
863 85076 88907 146 155642
864 85083 92619 83 143202
865 85102 96492 39 182634
866 85365 88340 7 14007
867 85430 88835 42 74999
868 85512 96474 129 601333
869 85533 92288 134 785777
870 85541 88120 140 89838
871 85623 86195 43 29839
872 85643 92059 46 234333
873 85650 86981 41 49266
874 85658 87152 22 25370
875 85748 87500 12 8938
876 85852 87838 51 68755
877 85952 90044 8 5380
878 85963 89978 117 170253
879 86042 89688 12 24978
880 86048 87325 117 51364
881 86136 91409 29 71996
882 86156 86798 62 10177
883 86212 87912 118 98918
884 86294 86990 27 10160
885 86343 89533 34 39429
886 86441 95126 39 102896
887 86515 86839 120 23412
888 86952 88816 136 112605
889 87007 89136 31 18661
890 87064 88071 81 33502
891 87099 91419 20 16621
892 87211 88711 17 16691
893 87304 87344 25 654
894 87477 87955 13 2770
895 87521 94019 25 34986
896 87735 87805 125 10088
897 87814 98378 29 368988
898 87910 90315 10 7650
899 88056 91471 14 51869
900 88118 94226 71 226070
901 88195 88294 26 2065
902 88247 93958 74 197530
903 88277 94900 15 56264
904 88298 90244 71 90674
905 88314 93286 104 183264
906 88322 99600 140 835317
907 88399 93463 43 107402
908 88482 92672 81 169921
909 88715 96740 11 13752
910 88811 93336 131 106043
911 88836 95015 9 60451
912 88941 94722 58 53683
913 89015 96006 40 303749
914 89026 91824 6 8462
915 89066 93031 24 21150
916 89159 89744 117 12334
917 89217 95005 137 369956
918 89241 92621 95 61364
919 89436 92985 21 43388
920 89437 90011 118 59960
921 89502 92175 134 65886
922 89514 89955 25 2512
923 89553 89848 7 580
924 89582 98788 124 254873
925 89750 92679 80 77137
926 89972 92473 37 37466
927 90090 91017 106 33359
928 90169 92450 139 123577
929 90220 91558 22 9901
930 90297 92367 56 59600
931 90387 96383 139 319823
932 90430 97191 11 20508
933 90921 94029 14 24096
934 91030 95943 7 22317
935 91248 93893 11 17072
936 91256 92404 37 21661
937 91299 94706 6 2435
938 91359 95171 38 42860
939 91391 92609 5 2329
940 91486 92661 14 3699
941 91687 93357 123 164791
942 91855 97240 45 87145
943 91911 99271 97 148390
944 92024 98407 62 177645
945 92031 92796 82 45939
946 92038 94499 74 145172
947 92090 96638 4 13564
948 92102 92534 40 23504
949 92118 99415 33 96344
950 92154 93020 24 11939
951 92155 93281 41 34764
952 92292 93000 138 72528
953 92320 96347 16 43556
954 92345 93217 22 6027
955 92519 92694 127 38619
956 92546 93644 102 68784
957 92816 94338 22 13149
958 93100 97197 5 7337
959 93117 95535 15 24985
960 93191 99731 6 15177
961 93419 98656 6 19744
962 93451 94361 24 6494
963 93540 93746 8 1558
964 93591 96436 12 17434
965 93669 95007 4 2633
966 93791 95235 78 46587
967 93865 94643 147 71624
968 94191 95709 48 14209
969 94236 96010 17 9674
970 94268 96353 88 67709
971 94274 95034 131 17155
972 94382 98097 10 16115
973 94450 95219 26 9703
974 94453 98146 14 19840
975 94703 94880 5 328
976 94733 94746 31 178
977 94793 97470 112 139386
978 94823 94975 50 5810
979 94971 95253 105 31415
980 95311 96267 8 3309
981 95454 98808 136 612601
982 95499 98035 15 14388
983 95669 99771 134 255757
984 95705 98082 7 4107
985 95784 96223 84 15583
986 95885 97100 104 86380
987 95934 96744 119 38599
988 95948 97332 56 58796
989 96520 96737 10 1612
990 96577 98275 12 14984
991 96646 96729 75 2350
992 97021 99962 32 44297
993 97138 98782 7 4920
994 97502 99467 142 136991
995 97817 98475 16 2396
996 97932 99379 58 36508
997 98005 99768 121 125633
998 98267 99135 57 69722
999 98757 99389 66 28295
