50 1000 0.022
..................##..............###.............
..................#####...#...#............###....
...................###...########..........####...
.................#.#....######.#............###...
..............######.....#....###...............#.
##............###.#.............................##
###............##...........##..#...#.........###.
######.........#####.....#####..#..##.............
#.###...........###.....#############.#...........
#.####..###...####.##...###...#.#..#####..........
...##.....###...#####...#.##......###.#.##........
...#.....##...#####...##..#.............##........
#.#####..#..#....######..................##.......
##..###..######..####....................###......
.###.#....###....#........................##......
#######....##....#.#.........................#....
.....#..........####........................##....
..###............#.#.....##.................##....
.####..............#....##...................##...
..####...........####..###.##.................##..
.######...........###....####.....................
....#.....................###.....................
.................................#................
........................##.......#.........#......
........................#...#...##.........###....
...#............###.........##...#.........#.#....
...###.......#.####....#.....##..##.......##......
....#......###..##...####..####...........#.......
.............##..##...##.....##....#..............
.............###..##...#.....#....................
.....####...##....#..##...........................
.....#####.........######.........................
.....................###..........................
......................###.........................
............##.#..................................
.#...........###..................................
##............#...................................
.##...............................................
.###...........#...............#........##........
..##.........#.#..........#######........##.......
......####.######.............###.......##........
......##..##.###.#.............####...............
.......####.#.#####............#.#................
.....######.##.#..............#....###............
.....#.......................###..####.#####...###
....##.................##..####...###...#.#....#.#
.#..#..................##..........##.........####
.####.........#....##...........##.#.........###.#
.###.........##.######..........###..........##...
.##...........######.............##.......####....
0 102 352 12 3733
1 160 8010 18 27658
2 186 1532 44 28814
3 438 474 132 7297
4 527 2901 7 6606
5 640 2921 110 96633
6 1063 2262 89 95346
7 1119 1694 142 70867
8 1139 1383 73 8921
9 1317 2002 72 14634
10 1342 11822 32 163305
11 1356 6182 60 204898
12 1490 4179 136 223003
13 1559 4561 47 23219
14 1604 1755 62 22510
15 1616 5795 126 52263
16 1699 13771 85 405327
17 1725 1818 46 2902
18 1805 3780 104 43177
19 1894 12675 136 427767
20 2396 8236 54 74798
21 2433 5205 7 15321
22 2597 5262 26 16972
23 2772 8444 118 114900
24 2800 15497 63 389096
25 2840 8176 147 172947
26 2977 3968 109 55178
27 3004 10222 36 162606
28 3080 5913 19 23003
29 3104 7066 122 206763
30 3169 6344 85 55648
31 3189 4495 15 15966
32 3655 12679 17 91799
33 3656 6884 17 23122
34 3659 4875 47 53819
35 3677 7924 30 55280
36 3987 4574 42 12448
37 3990 8371 29 95829
38 4139 19641 85 361888
39 4190 10332 10 12890
40 4623 13836 97 190102
41 4949 7260 100 21168
42 4961 9923 86 87782
43 5106 13819 78 544865
44 5187 7034 148 153758
45 5452 10428 60 109041
46 5491 9070 36 51039
47 5699 21963 106 1377119
48 5816 13002 23 64666
49 5917 20449 41 206515
50 5962 9776 125 198403
51 6016 12300 128 214014
52 6345 17149 33 148338
53 6401 8310 70 65550
54 6473 8704 56 85455
55 6484 20195 4 14679
56 6592 8079 136 99662
57 6613 17548 81 580926
58 6670 9683 5 6419
59 6720 13785 107 472336
60 6731 8090 56 62637
61 6928 9544 8 3934
62 7009 14275 87 324792
63 7024 8620 52 75156
64 7060 9590 101 98110
65 7127 7803 8 2083
66 7149 9062 47 45039
67 7161 12479 123 256521
68 7228 11696 112 126752
69 7275 7886 48 22826
70 7320 12415 14 23556
71 7336 7511 56 4529
72 7367 8437 22 12294
73 7378 9094 70 130372
74 7401 23615 68 615468
75 7697 12759 74 136353
76 7700 10553 92 78056
77 7960 18895 21 151684
78 8050 9840 13 16869
79 8074 10697 61 215439
80 8080 11641 11 28451
81 8142 8273 62 10141
82 8213 15340 17 31565
83 8305 24039 14 92253
84 8328 11720 132 262178
85 8362 12691 95 91100
86 8469 27605 62 505427
87 8678 13083 111 74205
88 8795 21104 44 365204
89 8936 19459 50 160794
90 8949 12627 36 37805
91 9023 12461 25 24986
92 9079 19879 73 167654
93 9264 10945 30 16496
94 9330 10749 28 19021
95 9344 19274 24 33615
96 9506 14250 28 42232
97 9604 11474 41 36210
98 9605 16216 89 307445
99 9613 10886 22 6762
100 9652 13379 14 13563
101 9836 10819 95 51078
102 9863 15075 44 106373
103 9867 18672 100 829818
104 10053 12987 40 14660
105 10054 21523 20 74919
106 10102 13071 76 41168
107 10162 10827 31 18464
108 10198 14349 149 145577
109 10361 12991 7 12341
110 10455 33396 53 391077
111 10460 11455 39 24969
112 10467 16247 15 55312
113 10568 19414 16 43560
114 10634 12976 14 11899
115 10689 18913 72 109240
116 10839 14835 74 97832
117 10840 12179 33 29075
118 10984 18996 5 21064
119 11118 19740 14 53065
120 11196 18832 146 1029556
121 11234 12582 62 51688
122 11399 13706 71 36681
123 11447 11559 6 774
124 11883 26681 33 171444
125 12113 14614 24 17401
126 12264 15379 91 100243
127 12327 21234 38 107551
128 12486 18299 72 345759
129 12642 14647 108 408907
130 12737 24906 48 68833
131 12741 12905 15 1471
132 12865 13559 7 2530
133 12877 13044 48 10792
134 13024 20721 102 600672
135 13111 15198 12 19534
136 13141 15720 12 14256
137 13225 13723 36 6658
138 13299 14739 71 20140
139 13406 18836 48 104737
140 13410 30808 28 171779
141 13440 18960 36 43020
142 13523 40992 68 671435
143 14199 29895 77 516398
144 14231 21454 124 652992
145 14296 16651 49 93948
146 14433 14999 105 49060
147 14593 20958 70 117193
148 14737 14940 29 2537
149 15202 19201 14 18645
150 15304 17415 5 6036
151 15448 17974 10 8962
152 15591 16593 40 18154
153 15702 17615 84 28751
154 15930 23046 32 81222
155 16078 16460 48 11501
156 16097 28016 16 20904
157 16171 27595 83 229646
158 16278 24881 7 38854
159 16586 18196 9 3542
160 16715 20916 4 5636
161 16946 28207 135 585153
162 16971 23869 118 530324
163 17064 17592 10 5414
164 17239 23766 113 268806
165 17282 17649 13 1448
166 17286 23217 23 50215
167 17350 19601 132 201886
168 17562 26627 15 99408
169 17628 22697 108 277595
170 17664 28404 7 20342
171 17788 23771 60 83812
172 17793 19347 59 7349
173 17983 39338 110 1145462
174 18030 30938 33 322552
175 18154 18588 135 50117
176 18172 18982 50 32593
177 18175 23970 9 29948
178 18231 25299 41 195839
179 18378 19093 99 11889
180 18438 20100 106 52359
181 18689 19224 38 5396
182 19015 19062 117 2207
183 19041 34728 87 1367156
184 19057 29154 82 339797
185 19236 37315 132 707483
186 19534 24962 8 48046
187 19554 20657 78 38963
188 19733 29790 36 152376
189 19793 21951 36 34775
190 19936 30070 38 69829
191 19972 21249 85 27356
192 20146 28311 22 53467
193 20184 23915 5 11472
194 20254 29910 127 1103794
195 20319 21493 12 11928
196 20514 21765 81 42472
197 20532 23972 68 182200
198 20537 22751 6 6920
199 20637 23450 75 51971
200 20654 34968 57 197779
201 20804 21713 40 20030
202 21155 24889 19 16511
203 21389 24169 10 13509
204 21398 21659 138 27018
205 21453 22870 16 8677
206 21488 22601 146 90714
207 21896 23946 21 10536
208 22015 29424 55 265582
209 22497 32143 67 427359
210 22547 24227 10 11266
211 22645 24494 43 95400
212 22650 26331 141 162613
213 23004 29267 74 70038
214 23015 24504 122 75040
215 23016 24147 71 142601
216 23038 31554 15 24615
217 23045 25655 73 86036
218 23231 36579 139 659965
219 23281 32326 15 103052
220 23418 39088 103 594092
221 23646 32834 25 92682
222 23858 33746 57 91499
223 23890 27910 79 213466
224 24390 27184 66 35604
225 24412 24589 10 668
226 24423 24830 69 31816
227 24533 47939 67 581652
228 24848 37214 33 250868
229 24875 29714 14 47415
230 24878 28483 8 5815
231 24883 40961 15 267348
232 24958 27068 37 40906
233 25145 35789 33 118166
234 25158 30513 96 226241
235 25217 26986 56 89780
236 25279 25777 14 3590
237 25388 31070 34 158430
238 25465 29244 12 18579
239 25525 40913 36 288692
240 25593 28762 106 94291
241 25823 34082 100 233752
242 26005 28189 52 52376
243 26039 33720 23 34259
244 26076 40216 37 179446
245 26243 26512 11 938
246 26257 26692 9 2398
247 26473 28303 18 16552
248 26482 37078 102 446415
249 26619 30293 25 22979
250 26761 29838 77 94859
251 26931 42213 123 1063282
252 26977 29591 6 3443
253 27288 36325 119 800392
254 27435 32995 24 61490
255 27438 50660 29 156887
256 27674 29148 12 11715
257 27892 29924 124 62819
258 27893 43541 147 2995246
259 28021 30311 57 41649
260 28054 28484 106 23212
261 28070 29215 25 12649
262 28156 36287 150 479709
263 28161 31988 35 81850
264 28187 37779 72 554065
265 28269 33245 85 112559
266 28272 33106 147 601165
267 28406 29729 15 15997
268 28438 33467 14 37132
269 28465 54181 94 812368
270 28533 32705 82 140645
271 28776 37491 125 238903
272 28840 37352 34 97785
273 28843 32484 28 82238
274 28950 37127 12 32375
275 29040 41686 121 1377221
276 29240 34456 119 232226
277 29459 31984 18 29229
278 29512 42539 7 15525
279 29564 30317 103 61363
280 29613 55254 78 2168336
281 29654 35958 25 62909
282 29662 30717 10 2918
283 29863 31672 67 108363
284 29867 30803 51 23548
285 29927 37546 77 728885
286 30345 33165 77 80390
287 30420 34465 118 75404
288 30579 33078 22 37993
289 30783 35845 5 5488
290 30911 38657 106 332357
291 30950 43813 63 245970
292 30989 31243 89 3314
293 31279 47074 14 62468
294 31401 36334 48 79867
295 31551 40497 47 101885
296 31697 39962 128 680686
297 31816 38575 90 158869
298 32029 37649 60 67463
299 32049 43046 28 81867
300 32162 32875 148 61527
301 32199 35002 80 69689
302 32254 33331 132 86064
303 32337 37815 4 8804
304 32364 34508 113 253365
305 32399 35246 68 132482
306 32410 42588 118 817581
307 32530 43177 104 366949
308 32655 39604 6 18045
309 32730 39921 5 8988
310 32747 40104 7 12220
311 32900 34504 11 26161
312 32952 51771 7 53588
313 33009 35369 108 91307
314 33099 41251 148 477922
315 33386 41834 139 285729
316 33512 35485 12 5180
317 33550 34120 28 10582
318 33557 52105 19 282899
319 33649 34809 13 6474
320 33666 37265 16 38016
321 33773 41038 94 216509
322 34111 37322 115 102479
323 34113 34419 121 30533
324 34210 35077 22 13457
325 34279 37485 91 123291
326 34310 36531 117 61664
327 34313 35882 118 54962
328 34316 40915 112 210954
329 34364 36801 105 86655
330 34714 42596 66 943243
331 34749 39819 57 101031
332 34834 37001 58 42567
333 34855 38520 132 366343
334 34927 40361 57 233848
335 34944 63876 23 147464
336 34978 49344 12 143488
337 34983 37581 5 4463
338 35149 44424 108 1145744
339 35154 40403 73 264355
340 35286 42056 99 150180
341 35390 38850 8 28118
342 35414 40511 76 136592
343 35457 36374 131 78440
344 35506 45623 38 213454
345 35554 36570 79 53152
346 35566 41466 13 42639
347 35646 41605 90 259855
348 35656 40634 4 11923
349 35834 36861 80 41447
350 35903 46022 111 2379924
351 36035 47103 107 892455
352 36352 39794 30 65213
353 36399 37727 49 21985
354 36453 38067 54 44418
355 36462 43234 93 206486
356 36559 37924 111 73346
357 36595 38095 79 123747
358 36612 47285 94 297431
359 36644 37407 62 75932
360 36775 40047 34 52569
361 36984 41527 5 22245
362 37025 38696 15 7962
363 37072 37543 111 87910
364 37163 45276 69 117704
365 37209 38098 19 5490
366 37256 38321 13 9558
367 37270 44290 57 138195
368 37282 37325 90 3466
369 37348 39839 17 12190
370 37374 44130 13 73009
371 37510 47122 118 638202
372 37532 43041 80 88493
373 37621 37968 60 23957
374 37628 40954 113 215091
375 37807 39440 32 11130
376 37915 40595 12 18538
377 37976 40154 91 124321
378 38177 44294 12 15431
379 38224 50048 147 225103
380 38333 44568 14 37757
381 38371 40684 15 12124
382 38413 66407 86 349682
383 38580 46230 13 81643
384 38767 67897 86 1388233
385 38781 51915 135 788255
386 38942 41291 20 50055
387 38952 41498 39 71419
388 39413 53915 28 251889
389 39435 44161 82 253482
390 39568 41676 114 288724
391 39792 55481 16 49868
392 39865 44774 31 76239
393 39887 40792 8 7663
394 40017 45300 19 21852
395 40098 49762 96 691958
396 40146 43615 143 430498
397 40230 40834 34 18986
398 40233 44912 34 46390
399 40340 44695 54 78922
400 40398 42139 26 21284
401 40471 48201 65 91347
402 40661 46710 35 60309
403 40697 55322 17 16871
404 40733 45192 23 109260
405 40773 40920 60 4353
406 40848 42673 101 148496
407 40865 54304 96 291654
408 40948 53679 89 300204
409 41142 41333 67 14882
410 41183 48348 23 52644
411 41342 42043 15 4523
412 41389 42676 25 14053
413 41438 41517 102 3438
414 41586 42947 15 6743
415 41618 44185 146 194873
416 41633 48945 15 19577
417 41666 48282 41 129470
418 41789 42309 81 40429
419 41824 45776 17 37239
420 41896 49625 131 575369
421 41924 42358 13 4494
422 41978 47958 7 31277
423 41986 45244 142 234507
424 41994 42554 62 17908
425 42108 43394 29 16971
426 42281 42590 25 6155
427 42344 50135 127 203193
428 42467 43379 32 12144
429 42578 46995 103 466084
430 42609 55615 15 18660
431 42745 43155 42 9985
432 42868 52293 66 164624
433 42883 44372 92 82978
434 42959 50833 62 294355
435 43203 46477 105 184277
436 43248 45636 134 197270
437 43283 51051 27 88190
438 43359 55175 9 46856
439 43684 44135 50 5811
440 43711 45566 10 6102
441 43780 46092 96 383903
442 43994 49226 108 278149
443 44083 61616 20 289414
444 44118 62172 103 512335
445 44203 47904 51 131040
446 44261 45559 84 59699
447 44299 55035 11 51346
448 44312 46758 94 27856
449 44352 81276 10 100860
450 44401 53989 118 298886
451 44408 51966 123 140056
452 44787 45796 84 68261
453 45609 50305 8 6463
454 45630 46199 87 37372
455 45655 52122 137 732262
456 45677 51736 56 83995
457 45708 46587 45 17625
458 45906 48009 119 67965
459 46072 50436 117 284258
460 46074 48607 120 221917
461 46138 46728 94 33041
462 46240 47991 13 17924
463 46318 59351 76 95545
464 46334 46648 88 9199
465 46352 56441 119 738604
466 46391 63186 19 58062
467 46509 51468 144 1148234
468 46599 58395 21 60620
469 46625 50250 15 16168
470 46774 47291 52 18412
471 46775 47833 19 17442
472 47053 63801 4 18665
473 47086 48158 58 40568
474 47088 57283 83 563798
475 47114 51899 36 131002
476 47128 47876 19 7803
477 47419 50218 63 105482
478 47425 51273 105 178903
479 47461 50002 6 11564
480 47535 66646 127 832896
481 47631 55534 8 21071
482 47735 51137 21 21164
483 47764 63040 106 564759
484 48226 51809 37 58341
485 48232 48478 81 24926
486 48292 49410 27 42747
487 48481 55167 54 300624
488 48526 49693 62 38284
489 48621 50999 6 8602
490 48723 61114 43 365765
491 48765 65091 56 105626
492 48788 51656 46 29567
493 48896 52723 78 293322
494 48907 51119 77 254082
495 48923 51426 111 52392
496 49139 59466 61 209121
497 49275 54957 65 214426
498 49306 61644 51 204197
499 49365 50903 56 35140
500 49532 53601 132 376640
501 49719 57648 18 88828
502 49906 51512 23 29491
503 50267 62874 51 113106
504 50334 56628 24 146745
505 50471 52447 139 136959
506 50500 52448 48 105333
507 50539 52552 109 69684
508 50554 60860 81 349267
509 50570 54748 49 97716
510 50785 56304 43 147205
511 50837 67823 108 850382
512 50910 53973 61 43622
513 51167 53417 34 37087
514 51214 54649 8 13317
515 51328 54664 43 94708
516 51604 63748 7 51642
517 51841 56971 103 191913
518 52005 52163 38 6813
519 52008 60195 100 433163
520 52022 58562 78 1179460
521 52052 61663 113 290202
522 52079 56745 72 226337
523 52121 61381 57 222400
524 52249 68049 57 603651
525 52314 57375 142 407826
526 52454 54851 6 14635
527 52544 55030 144 107621
528 52592 53055 130 14469
529 52763 56617 30 72695
530 52859 53855 45 12606
531 52971 72233 17 91518
532 53001 56181 136 326846
533 53152 53796 10 9464
534 53183 58637 20 34969
535 53211 75765 137 1024904
536 53271 57569 44 89587
537 53402 53978 141 80900
538 53475 56721 12 18593
539 53504 55425 145 128497
540 53542 54242 8 1040
541 53550 53808 59 20988
542 53572 54427 7 2680
543 53624 58045 41 103838
544 53671 61632 63 175514
545 53881 57682 97 186326
546 54320 55778 94 34904
547 54352 54573 12 2423
548 54355 59035 113 209830
549 54483 60505 30 93732
550 54489 69027 128 466236
551 54652 75748 9 29706
552 54744 58450 149 274933
553 54784 59378 97 188202
554 54953 63330 102 451295
555 54967 57281 89 19101
556 55005 56891 46 76643
557 55210 61538 14 25327
558 55241 60266 46 93815
559 55271 57859 144 256089
560 55374 55492 76 6729
561 55406 58771 28 26439
562 55714 58114 70 106304
563 55766 75277 51 152183
564 55818 74066 75 405915
565 55847 56787 87 183735
566 55980 58003 11 14092
567 56062 63855 123 363334
568 56206 92479 22 196497
569 56208 64201 81 518506
570 56224 56284 17 1157
571 56258 57786 140 129747
572 56274 59308 32 39039
573 56538 58798 8 24850
574 56592 59054 39 48884
575 56651 56722 58 6285
576 56698 66043 16 50667
577 56707 57299 48 17184
578 56777 57069 135 37684
579 56873 65522 51 225686
580 56887 66055 79 416557
581 56923 73705 83 368212
582 57003 61413 39 65396
583 57102 58553 97 136138
584 57123 58836 149 78125
585 57164 61142 36 63765
586 57257 66415 71 184210
587 57298 57915 78 25730
588 57451 65618 27 56845
589 57484 58282 12 2946
590 57517 57888 146 16161
591 57611 57755 22 1895
592 57677 58999 11 12850
593 57797 67902 18 26509
594 57841 64124 22 18336
595 58072 60081 8 5482
596 58089 60386 69 65254
597 58238 74342 5 38310
598 58304 59594 76 43384
599 58334 59973 79 33921
600 58414 70537 19 67827
601 58481 59036 58 44513
602 58548 60577 113 96039
603 58550 61567 7 21448
604 58576 59554 11 8500
605 58624 60220 19 6904
606 58683 59059 9 2689
607 58686 74620 78 1205246
608 58736 61020 69 13345
609 58813 61174 109 133491
610 58855 63831 39 30550
611 58897 69765 100 306626
612 58917 64345 7 10595
613 58958 61811 77 120765
614 58971 60252 60 18780
615 58973 59102 8 921
616 59063 65772 11 40732
617 59073 62772 13 15684
618 59136 68545 7 22063
619 59152 75057 32 531115
620 59165 66745 40 77973
621 59408 62624 55 58586
622 59725 70673 39 336101
623 59814 75062 10 57631
624 59844 62482 81 55685
625 59852 64770 8 27102
626 59869 60705 112 33684
627 60093 69865 112 291615
628 60111 64095 27 17718
629 60192 70916 127 935374
630 60258 65363 132 382618
631 60290 67571 141 638410
632 60364 65915 63 113400
633 60492 72999 41 288897
634 60680 62971 56 55437
635 60721 62265 28 27681
636 60769 65368 144 124716
637 61173 61930 23 4925
638 61196 67930 13 22335
639 61208 67249 143 313615
640 61225 63265 144 144937
641 61232 64175 123 197601
642 61276 65448 76 229203
643 61288 62869 7 4180
644 61407 61818 118 10859
645 61648 66291 110 120663
646 61673 71843 19 46400
647 61703 65332 9 11738
648 61876 64941 140 35866
649 61919 63575 7 11715
650 62063 74607 76 659787
651 62379 79643 124 651682
652 62429 64716 11 16302
653 62603 64913 137 116130
654 62803 66564 112 149194
655 62865 64498 97 61476
656 62883 70391 37 167850
657 62922 66070 34 27731
658 62961 63780 107 54062
659 63013 83128 140 860692
660 63051 64397 148 127584
661 63216 71598 32 74249
662 63415 67409 12 12228
663 63681 66472 55 57005
664 63805 66249 102 225207
665 63817 64926 16 14004
666 63918 65961 111 126565
667 64024 74253 102 258529
668 64189 90335 131 737298
669 64607 90953 38 219641
670 64625 67246 7 5447
671 64632 64826 100 12115
672 64635 70105 137 287513
673 64651 80151 139 833909
674 64703 67346 51 46740
675 65052 65087 7 111
676 65160 68342 107 188805
677 65232 72448 6 11161
678 65309 67556 10 11620
679 65319 75692 144 990533
680 65370 68195 81 250356
681 65414 70299 29 117291
682 65454 72562 86 438059
683 65513 72752 20 84131
684 65536 70085 136 224277
685 65606 74287 24 37026
686 65611 70389 98 431672
687 65672 67044 31 41506
688 65986 71502 52 151528
689 66080 67271 14 7862
690 66102 71221 101 792851
691 66217 66683 125 35166
692 66267 70556 16 13786
693 66317 89487 10 27886
694 66413 69533 51 75310
695 66688 69410 112 104469
696 66825 85210 20 146965
697 66949 71591 18 26442
698 67147 69452 14 8157
699 67193 69935 141 235569
700 67250 67553 104 16036
701 67396 68098 25 19186
702 67400 68197 66 46478
703 67424 84153 79 850003
704 67431 69375 125 88552
705 67575 68478 16 8181
706 67605 71410 128 64397
707 67655 68473 66 67817
708 67780 68618 103 12832
709 67901 68290 79 15924
710 67987 68115 7 920
711 68014 68922 109 53295
712 68157 78670 59 224955
713 68226 74900 8 19703
714 68289 73961 67 169650
715 68294 73817 127 333731
716 68305 70956 105 171366
717 68335 75106 103 236687
718 68341 76432 112 1087646
719 68823 71961 148 122247
720 68865 73650 12 20845
721 68960 81042 139 901417
722 69005 69337 111 7258
723 69131 79674 23 134447
724 69285 69742 31 9936
725 69315 75734 97 187667
726 69344 79151 33 84287
727 69416 71545 90 36023
728 69484 72857 87 170834
729 69519 83465 5 43100
730 69628 71471 120 160008
731 69769 71781 48 45555
732 70189 76139 27 104259
733 70238 73032 19 11993
734 70289 76217 53 143307
735 70455 72067 9 7875
736 70636 74478 72 367585
737 70647 77519 84 300617
738 70734 74110 36 59990
739 70789 81845 90 227834
740 70803 90662 97 557804
741 70811 71800 40 39200
742 70891 71816 37 35461
743 71118 80961 130 816250
744 71177 73446 33 23953
745 71225 74071 4 3844
746 71345 71714 10 4767
747 71403 74458 59 137904
748 71504 81104 70 309346
749 71606 77033 36 55166
750 71688 73734 41 40633
751 71727 71807 41 805
752 71814 79505 26 27188
753 72040 72089 7 703
754 72123 85948 81 1223578
755 72189 75110 116 95994
756 72201 75963 101 180299
757 72209 79181 5 10841
758 72364 98654 78 1247257
759 72542 73441 90 22680
760 72558 76188 39 96473
761 72586 83587 133 679922
762 72613 73618 146 32328
763 72617 74218 19 4528
764 72651 84371 75 263120
765 72700 74772 22 18307
766 72735 81237 11 93825
767 73143 83816 17 126746
768 73434 78658 96 443445
769 73511 78721 43 88500
770 73595 74849 81 64796
771 73957 79043 131 223507
772 73960 74752 31 22264
773 73994 90378 41 357034
774 74139 78008 55 22807
775 74168 78700 71 115851
776 74238 88182 17 122308
777 74371 87495 32 179513
778 74571 76837 35 35335
779 74585 77583 11 13881
780 74643 75668 122 32124
781 74647 76709 27 12338
782 74648 77634 111 145624
783 74656 78500 12 30386
784 74741 78905 96 81866
785 74789 77135 147 142626
786 75135 76783 130 140747
787 75315 79581 16 39636
788 75334 77092 27 10317
789 75439 76990 8 5472
790 75515 90328 6 29567
791 75660 89434 87 605778
792 75697 81120 21 65085
793 75846 81172 34 55607
794 75853 77458 5 2847
795 75858 95576 10 58192
796 75879 80848 148 248880
797 75956 84271 85 387554
798 76068 78459 18 24843
799 76250 76592 38 6384
800 76387 82069 64 197721
801 76406 80112 71 90096
802 76504 77932 53 34798
803 76626 80695 56 118909
804 76757 80080 14 15505
805 76952 85284 17 66481
806 77083 80423 122 113348
807 77218 78891 93 84699
808 77349 77367 15 418
809 77392 92160 39 121320
810 77706 88270 5 19720
811 77740 79575 50 31903
812 77767 83725 134 331067
813 77930 79633 9 7921
814 78038 83290 13 19014
815 78062 85519 82 554435
816 78139 79812 16 14269
817 78142 78910 16 6072
818 78276 80249 20 12052
819 78325 83506 33 113684
820 78637 89783 29 213743
821 78692 83760 50 118667
822 78918 81566 139 261099
823 79012 79685 18 9573
824 79154 84793 5 20543
825 79211 82443 45 114015
826 79255 84064 67 93497
827 79280 81040 64 50562
828 79335 79709 35 4309
829 79432 83819 57 84902
830 79486 87113 47 212779
831 79539 88578 4 9482
832 79697 84435 85 131641
833 79713 84543 77 242949
834 79853 83437 16 29836
835 79878 84169 87 218309
836 79920 82537 22 49493
837 79922 80238 43 5941
838 80005 84689 81 194763
839 80055 91749 9 74053
840 80132 87131 38 46783
841 80211 85678 8 7166
842 80319 81038 4 1549
843 80321 86043 34 81089
844 80466 96876 125 594780
845 80570 85750 57 95833
846 80612 83501 60 49300
847 81210 90220 90 145364
848 81281 96468 32 209140
849 81306 84449 93 334406
850 81362 81405 8 273
851 81596 91260 56 143735
852 81752 86178 10 30159
853 81788 87766 68 82306
854 81828 86002 29 65628
855 82090 84131 149 81743
856 82092 82863 19 4402
857 82103 86915 51 235168
858 82126 97674 108 341915
859 82150 88174 127 428613
860 82214 82784 149 174925
861 82266 83873 146 97349
862 82322 88838 8 15046
863 82389 83903 11 12821
864 82468 97152 52 478874
865 82497 95062 8 44862
866 82563 85932 118 138205
867 82593 87383 90 832910
868 82731 94708 78 369433
869 82773 91155 136 701935
870 82811 86882 52 66815
871 82816 86943 98 166345
872 82821 87714 72 59838
873 83015 87276 14 43928
874 83067 86794 93 260861
875 83242 90829 18 47800
876 83298 84472 144 112440
877 83448 93148 74 231879
878 83635 88884 43 95300
879 83784 86450 7 8470
880 83989 85553 25 29866
881 84260 86572 34 31484
882 84357 85383 11 13410
883 84362 85449 30 12892
884 84396 85526 133 54231
885 84412 85782 118 83358
886 84414 89802 91 505069
887 84514 88830 59 127994
888 84533 84979 6 3025
889 84552 93446 113 272966
890 84563 84877 44 26892
891 84580 90032 134 349976
892 84674 85155 19 5997
893 84779 88565 145 601589
894 84813 89768 27 27456
895 84845 87884 106 417969
896 85198 90678 113 394605
897 85326 86714 147 77219
898 85355 90852 86 605178
899 85636 93162 113 131354
900 85657 87632 94 134774
901 85877 96096 5 29217
902 86180 87272 9 2160
903 86299 94749 29 57710
904 86383 90973 110 91963
905 86420 89713 47 44593
906 86513 94171 53 192725
907 86578 88780 111 103869
908 86666 90321 70 148704
909 86848 88511 53 23251
910 86881 88150 42 41813
911 87018 92788 7 15983
912 87105 87390 16 974
913 87246 93056 150 330079
914 87307 91772 28 31043
915 87470 88301 14 3788
916 87660 97333 23 115144
917 87724 88283 134 36020
918 88027 90664 77 55483
919 88037 91436 5 8707
920 88217 92817 10 23734
921 88521 95745 26 30766
922 88608 90345 39 39933
923 88701 89121 50 9070
924 88714 95196 46 311920
925 88781 94457 23 51704
926 88856 91936 17 12958
927 88891 90468 16 4869
928 89023 89967 22 9726
929 89065 96401 6 18774
930 89165 90188 74 8914
931 89476 90507 22 6803
932 89688 91427 19 3743
933 89770 91134 13 11504
934 89777 97255 6 20711
935 90227 93683 25 29249
936 90251 98885 10 36910
937 90278 95400 8 19871
938 90286 94186 94 172714
939 90322 91635 48 35397
940 90327 98890 67 328059
941 90383 93239 40 35455
942 90413 90641 35 4668
943 90916 98107 9 12730
944 91026 95791 14 28786
945 91093 94331 8 13455
946 91168 93854 109 258186
947 91326 92657 36 45373
948 91388 91611 14 1689
949 91394 92162 8 2633
950 91510 91788 54 4058
951 91534 93788 18 33496
952 91604 97690 94 195391
953 91707 91831 82 5701
954 91710 96930 84 241269
955 91762 94870 51 51808
956 92019 92871 8 2251
957 92109 97679 12 13719
958 92346 95769 48 37317
959 92642 99534 49 60442
960 92943 96201 100 228065
961 93173 93985 85 19433
962 93410 97697 17 88959
963 93484 94154 149 47086
964 93525 96885 73 82304
965 93608 96728 56 96747
966 93667 94091 35 10475
967 93668 98763 66 185156
968 93754 98179 116 303575
969 93798 93839 81 1517
970 93908 96855 23 33522
971 94192 94350 39 4770
972 94230 96452 42 76701
973 94242 97702 65 82667
974 94508 98262 7 7278
975 94595 95367 130 89002
976 94785 98534 126 297381
977 94813 95859 29 15307
978 94830 95310 58 21035
979 94865 98261 42 133574
980 94888 97250 67 66379
981 95025 98031 89 103331
982 95077 95169 91 6541
983 95117 97910 35 24747
984 95572 97293 7 4395
985 95697 97335 6 3052
986 96064 98968 49 68748
987 96161 97612 105 42483
988 96289 98194 138 492618
989 96823 99785 52 45109
990 96846 97857 53 20306
991 97021 98484 10 5679
992 97370 99776 117 73268
993 98055 98974 14 10083
994 98367 99077 102 46476
995 98447 99166 97 33318
996 98478 99939 9 14093
997 98901 98964 119 7874
998 99115 99472 30 3956
999 99508 99576 39 1353
