50 1000 0.098
...........##.#####.###...###...........#...#...##
.........###.##.##.###.....###.....#..###..##.....
..........###...#####.##....#......#..#..####.....
..........#.#...#.#..##......#...###..#.##.##.....
..........#..#...##..........##..##.##............
...........###....####........#..#.####.##.#...#..
..........#..#....#.#........#....###.#.##.#...##.
##.............####........####..........#.#..##.#
####.......##.###..........####..#.#..........#..#
#.###...#....####..........##...####..............
###.#..###..##..#...........###.###.....#.........
.......##...####.....#.##...#.#...#...###.........
...#.#.##...####.....##.......##.........####..#..
.#####.#......#.#.....###...##.........##..##.####
.#..##.........###...###....#####.....##.#.######.
.###.#..........##..#########....#...######.##.#..
.#.#...........#...##..##.#.....###.##.#..######..
######..#.....##...##.......#####.....##...####...
.#..##.####....##..#....####.####.......##..#.#...
.#.....###......##.........##.##.#.####.##..###...
.......###..#..##..........#####.##..#...#..###...
..####....##................###.##..........###...
......###..#....##..........#.....................
...#..####......#.....................#.##..###...
..###..##.......###.............#.....####..#.....
###..###.#.....#.##....#.......##..#.......##.....
....###.##...#....#....##...#..#.#.#........#.###.
.#...##..#..##............########.#..........#...
.##..#...#####....#........##.##.####.............
##...##....##...####........#.#..###..............
.#####.###.####..#.#......#.....#.#.###...........
########.###.###..#......##.....#########.........
...####....#.######...........##.###..####..##....
......#....#..###......#.....###..##.#####.####...
.......##......#......##.....######..##.#.####....
#####..#.....##...##..#....#..#............#.#....
.##.#........###...##....###.............##..#....
..#...#.......#...#########.............####......
......####......#.#####.................##........
.............#####.######....##....##########.#...
.#.#....#..#.##..##...##.#...#....###.#..#..######
##.##...#..#..........#.###.##.....#..#......#...#
..##....####..##.##......#.##.............###.....
.###...#.##..###.###........###...#...............
...###.#.##..##..####......#####..#..........#....
...#####..#..##.##..........#...#.......##.......#
#...####.....#..#...##..#.###..##........#......##
###.#.#.......#.#..###..#.##...##.............#.##
.###.......#..###.##.##.#.#.....##.#.........#####
.#.###....##.##.#.#.##..........####.........#....
0 273 3348 40 34971
1 293 22234 29 257399
2 295 4944 75 77191
3 356 2957 8 11884
4 428 3769 75 132413
5 557 1616 6 1628
6 571 2404 72 61569
7 631 15111 125 1561588
8 692 3581 76 191552
9 790 10609 55 174676
10 845 3775 28 12946
11 879 2274 28 13255
12 936 13467 51 197933
13 948 13585 78 382341
14 1069 6611 93 127487
15 1215 7785 69 291111
16 1267 8759 110 1057434
17 1474 7802 138 249095
18 1630 1996 117 17588
19 1655 5232 29 27555
20 1681 2885 4 1740
21 1998 7662 10 32658
22 2010 7186 10 15232
23 2105 6547 8 10694
24 2113 7351 34 90746
25 2218 10908 9 13199
26 2236 18819 19 181070
27 2726 4670 72 66478
28 2886 14493 12 27165
29 3053 3451 113 9908
30 3079 5171 79 166763
31 3082 4615 68 93401
32 3093 9987 124 344431
33 3141 6007 119 252688
34 3222 6874 43 46894
35 3263 9274 125 547677
36 3301 7245 8 19941
37 3472 9653 5 10470
38 3522 4760 40 22553
39 3550 4327 104 19189
40 3621 46278 133 4464066
41 3629 5634 45 17904
42 3772 5276 20 12807
43 3811 5455 11 18487
44 3947 4016 50 3154
45 3973 4400 119 28213
46 4079 4700 136 60374
47 4216 8040 32 49235
48 4409 5385 22 12086
49 4469 4939 15 5654
50 4517 5396 39 20131
51 4553 4713 47 9554
52 4643 4705 14 830
53 4941 5394 29 13798
54 5164 9783 110 135469
55 5178 5709 61 8531
56 5215 7145 58 52264
57 5238 6668 24 13706
58 5270 17912 20 225323
59 5306 35683 18 343395
60 5343 10917 114 89170
61 5390 5677 9 2762
62 5398 8575 67 80592
63 5565 6631 78 35933
64 5582 9539 21 50134
65 5614 10009 7 11504
66 5719 8260 12 8688
67 5755 15013 17 102028
68 5764 5810 89 5305
69 5883 6457 7 2013
70 5900 9481 103 130074
71 6314 13219 66 173122
72 6390 11672 142 545221
73 6406 9308 60 57047
74 6595 16688 15 53752
75 6628 9331 100 296107
76 6633 7342 138 67801
77 6701 6988 104 58043
78 6751 12965 23 99611
79 6753 23607 17 171980
80 6856 13727 5 6294
81 6898 7625 88 48623
82 7005 8393 128 141776
83 7071 21171 33 116318
84 7346 8626 51 22395
85 7355 9256 98 108492
86 7436 16323 140 539735
87 7628 13949 30 252628
88 7729 16911 83 369931
89 7830 8694 70 26468
90 7945 16072 97 1503089
91 8012 10111 38 46106
92 8029 17092 35 103143
93 8151 8308 132 35734
94 8220 15285 43 97543
95 8319 11206 129 167957
96 8480 13751 64 117318
97 8580 8887 97 5630
98 8708 8781 79 1765
99 8718 12325 136 104191
100 8772 10680 41 55804
101 8851 17761 93 267340
102 8874 13987 18 42151
103 8937 13387 92 162118
104 9131 11008 75 71588
105 9947 11350 123 71897
106 10001 12902 44 31229
107 10010 10415 71 7789
108 10023 20087 20 70895
109 10177 21346 36 87952
110 10231 11403 28 9894
111 10350 13961 37 44071
112 10544 29755 16 235221
113 10691 14334 12 9416
114 10701 11934 16 14244
115 10741 14797 78 143322
116 10742 19541 34 260749
117 10756 13131 65 75308
118 10895 15034 100 127738
119 10909 11977 53 41481
120 10916 32084 22 124362
121 10941 20832 103 384883
122 10965 27294 123 692038
123 11039 11768 5 1861
124 11160 12674 130 66260
125 11285 24127 53 411850
126 11317 12015 88 25413
127 11333 11477 48 2285
128 11446 28217 17 184484
129 11506 13895 91 75619
130 11892 17118 30 87336
131 12513 23970 81 521488
132 12563 27810 37 219231
133 12638 16106 29 22218
134 12937 14073 132 88987
135 13226 13926 49 16445
136 13523 15308 118 110752
137 13641 18142 98 210417
138 13647 20507 108 388913
139 13760 18962 81 135388
140 13890 16668 102 171143
141 13968 15747 12 3159
142 13981 14646 46 3869
143 14012 17306 114 105523
144 14104 18757 69 121808
145 14142 15586 4 1455
146 14463 14622 80 11546
147 14481 17032 40 49792
148 14548 15375 60 28871
149 14558 16180 72 72488
150 14604 22705 28 440689
151 14707 15886 10 22677
152 14860 19854 19 23559
153 14885 19485 100 210105
154 15084 18782 101 316026
155 15158 17909 46 81187
156 15169 18329 117 256808
157 15597 20753 126 286646
158 15667 20626 78 138390
159 15754 19189 40 14548
160 15852 26641 7 27411
161 15962 16745 43 21158
162 16008 16589 66 19993
163 16085 17544 53 44903
164 16131 20210 69 93055
165 16162 21277 38 177049
166 16168 23544 9 34917
167 16205 16782 7 1207
168 16239 22679 71 126522
169 16430 20454 140 113290
170 16453 22204 5 11261
171 16788 33783 9 47487
172 16814 17389 33 19063
173 16827 17349 55 4754
174 16846 18145 122 66129
175 17010 18078 50 20002
176 17033 18457 133 132369
177 17046 19223 128 171061
178 17187 35045 88 650432
179 17298 19300 116 217739
180 17302 18623 52 19610
181 17397 18401 25 12510
182 17568 20158 72 140818
183 17656 29730 76 231729
184 17667 20852 16 17102
185 17851 21729 68 93001
186 17934 18644 9 9160
187 18292 19216 50 9870
188 18533 18718 79 13090
189 18742 22848 19 16174
190 18790 23754 106 115938
191 18801 20825 87 109126
192 18803 34302 58 134109
193 18808 20436 54 49187
194 18812 22575 6 8445
195 18837 20787 33 20113
196 18840 20854 12 12158
197 18842 19204 133 87089
198 18852 31879 8 30068
199 18855 20137 12 6729
200 18863 21334 149 111889
201 19041 32432 133 1125886
202 19142 20002 72 25181
203 19398 22087 34 26623
204 19442 22644 43 42107
205 19446 19593 109 9816
206 19503 21036 8 5720
207 19540 22409 6 4369
208 19555 21522 43 94401
209 19612 21689 112 56435
210 19617 23250 73 117549
211 19649 27516 135 413764
212 19713 20709 19 2917
213 19763 20379 40 9752
214 19825 32692 10 34995
215 19843 21854 57 49304
216 20101 26090 5 25455
217 20128 21968 97 288841
218 20147 28038 12 16984
219 20166 29411 145 156516
220 20255 20720 58 26543
221 20272 24721 14 12291
222 20534 21312 140 33137
223 20540 29505 65 336129
224 20618 24618 74 105832
225 20690 31136 58 184395
226 20878 22363 51 36757
227 21021 25859 110 72912
228 21188 23971 86 238606
229 21310 28404 98 337286
230 21410 29522 137 487103
231 21412 31327 110 302794
232 21671 28185 23 137698
233 21788 22163 83 27446
234 21800 23690 131 44075
235 21840 22853 57 66210
236 21933 28733 18 60712
237 22188 22509 6 885
238 22224 27555 85 240719
239 22259 22871 84 70126
240 22530 38987 17 112353
241 22597 28015 89 299373
242 22599 28918 104 380648
243 22645 24235 49 41315
244 22777 24646 134 71999
245 22840 27406 18 39911
246 23007 24477 17 10529
247 23087 28735 5 14838
248 23253 24535 8 3608
249 23397 25512 123 219754
250 23636 23835 51 5051
251 23703 26351 11 37307
252 23704 25526 137 112672
253 23749 30973 40 158677
254 23806 26959 52 113869
255 23893 31422 137 398704
256 23895 25700 94 170362
257 23919 23952 92 1354
258 23984 26540 21 24144
259 23993 26257 65 70395
260 24043 26950 29 100350
261 24060 34485 52 763527
262 24103 33684 12 65240
263 24117 26053 100 67764
264 24200 29777 26 58258
265 24292 35124 86 365306
266 24380 28813 111 227629
267 24392 26516 105 68169
268 24493 26120 136 40412
269 24499 39250 11 31805
270 24630 26083 55 32527
271 24665 32742 95 255839
272 24764 27333 97 202499
273 24786 30019 23 37663
274 24805 26635 84 99321
275 24823 36988 4 13572
276 24856 25812 97 58880
277 24925 43181 138 1160717
278 24986 25809 69 13633
279 25043 26005 122 60719
280 25059 25249 11 877
281 25078 27498 18 12909
282 25553 31499 36 60524
283 25586 27702 36 29654
284 25693 29136 114 83664
285 25895 34605 92 183166
286 25939 27229 68 26874
287 26101 33110 23 91986
288 26199 27320 15 6759
289 26336 29800 27 37746
290 26578 28090 11 4179
291 26626 32598 29 40275
292 26664 40492 47 293435
293 26670 27395 106 41812
294 26776 29271 22 30004
295 26803 28565 80 88684
296 26814 27946 7 2206
297 26854 32159 22 48178
298 27062 37466 7 21054
299 27574 29838 15 10628
300 27698 27972 35 5641
301 27923 41115 6 30354
302 27926 28734 69 21058
303 27927 58139 7 106691
304 28193 31874 83 74371
305 28257 32900 61 119240
306 28358 40158 9 32319
307 28431 32640 7 12809
308 28564 29822 96 37377
309 28598 30501 100 42701
310 28607 29597 10 10810
311 28642 36565 15 30008
312 28729 37061 67 286358
313 29215 29705 4 795
314 29225 43074 88 365357
315 29356 29608 30 5501
316 29636 29874 146 21587
317 29737 30903 19 10293
318 29834 34295 94 332097
319 29937 32882 68 103386
320 30093 30202 48 6501
321 30286 42471 136 921315
322 30387 32085 51 69274
323 30390 31970 147 191142
324 30399 36711 87 267863
325 30474 50647 7 80425
326 30717 33411 78 46255
327 30736 44437 7 44465
328 30793 31294 82 40147
329 30910 31179 37 2946
330 30917 31520 118 39185
331 31007 31407 128 9439
332 31065 37526 14 21730
333 31230 34393 21 73852
334 31416 35315 141 101626
335 31534 33778 55 51420
336 31617 32533 25 18206
337 31671 32880 35 43752
338 31919 32418 36 6927
339 31981 39082 10 14618
340 32080 33654 13 9814
341 32124 37640 63 109757
342 32160 46983 40 85695
343 32318 33880 60 76898
344 32343 38895 15 10843
345 32396 34201 15 8702
346 32412 33037 119 38227
347 32427 41895 149 1214413
348 32498 33056 17 4089
349 32613 34647 4 3214
350 32744 32823 39 5313
351 32791 37882 90 89852
352 32836 45367 82 250434
353 32839 41417 123 496364
354 32885 35992 142 229410
355 33004 35423 149 156677
356 33095 38579 57 197841
357 33211 34232 53 37797
358 33310 34121 8 1726
359 33339 35403 48 50574
360 33340 40110 10 32242
361 33361 35480 64 57286
362 33443 34344 143 37287
363 33488 33934 50 5617
364 33585 35808 23 9239
365 33665 35561 122 49001
366 33736 38629 111 402990
367 33759 34222 35 15056
368 33798 36377 77 211221
369 33820 34349 102 48540
370 33960 42475 20 177786
371 34069 40009 38 62520
372 34348 37512 32 66871
373 34566 40440 40 178002
374 34879 40229 64 103057
375 34911 36799 72 142590
376 34997 37509 97 203791
377 35177 36804 39 37492
378 35280 36210 19 11956
379 35300 37462 94 190867
380 35465 36311 73 20991
381 35537 46940 51 248777
382 35811 40935 37 33743
383 36016 36179 140 14750
384 36167 37855 28 9635
385 36369 41098 51 124293
386 36397 36746 101 20872
387 36446 45237 5 29578
388 36597 43633 53 294203
389 36751 37002 24 10072
390 36937 49854 58 391114
391 36946 40416 111 118861
392 36973 37127 37 3635
393 37351 45207 33 54047
394 37442 37844 16 4388
395 37452 44128 28 169672
396 37530 39067 12 8657
397 37548 39769 77 196675
398 37552 42068 136 634547
399 37686 51748 48 303851
400 37793 46865 19 105377
401 37852 39475 60 50110
402 37937 42347 20 19457
403 38006 39193 7 9503
404 38158 38970 90 20597
405 38180 44248 10 16788
406 38191 41925 117 110816
407 38359 47986 61 1315230
408 38523 54629 32 263052
409 38540 48508 20 42157
410 38618 39615 62 54607
411 38719 40062 122 80137
412 38926 44700 148 341494
413 38979 49264 141 881016
414 39194 46890 13 10913
415 39206 39428 5 696
416 39259 43899 9 20069
417 39298 43382 110 170443
418 39323 44554 118 281879
419 39362 45730 149 546476
420 39446 39687 13 448
421 39467 40076 106 61493
422 39474 44413 53 89663
423 39502 40448 80 27197
424 39515 40537 98 26595
425 39781 39822 22 886
426 39793 41626 76 55782
427 39816 54514 33 107577
428 39830 43907 27 10456
429 39862 40845 44 22986
430 39905 40070 31 2413
431 39964 40685 142 32067
432 39971 42435 18 32844
433 39972 45893 10 27143
434 40053 42898 135 130316
435 40083 44431 30 55111
436 40121 43781 125 128521
437 40130 44660 13 49914
438 40155 48493 33 97708
439 40178 47384 27 115552
440 40495 44769 20 21680
441 40634 43243 16 22124
442 40647 48705 9 61063
443 40725 45621 73 175882
444 40759 43330 15 9627
445 40865 48998 20 151382
446 40969 46196 27 71535
447 41127 41537 105 27234
448 41149 48404 82 378927
449 41258 42600 24 38857
450 41428 43484 17 6938
451 41567 43826 5 5445
452 41660 42574 92 109197
453 41809 46265 24 36152
454 41831 43154 59 38722
455 41929 53745 64 231593
456 42104 46343 85 191796
457 42207 64540 108 664851
458 42208 45171 67 75169
459 42373 45115 137 210338
460 42513 43967 117 77694
461 42543 42885 15 9767
462 42550 49668 51 305963
463 42605 43118 107 50824
464 42661 44098 42 13722
465 42710 43126 13 1455
466 42723 46019 148 115370
467 42909 46964 21 19517
468 43005 48284 83 93482
469 43158 52510 54 97891
470 43210 45095 41 29250
471 43394 47194 9 40940
472 43415 45755 13 19857
473 43735 44123 10 2411
474 43784 44313 108 31882
475 43823 46267 41 51250
476 43828 48915 24 39591
477 43873 57298 68 677752
478 44007 45299 129 54289
479 44341 46992 39 34727
480 44479 51101 111 375824
481 44523 45378 92 35047
482 44548 49740 9 26262
483 44586 47510 99 97009
484 44649 46759 10 17650
485 44694 45760 97 21128
486 44798 46036 116 177404
487 45054 55004 111 511198
488 45150 45301 111 8393
489 45273 54220 51 403951
490 45314 52113 12 33457
491 45605 53330 136 214428
492 45748 58559 19 77847
493 45869 47531 45 62236
494 45891 51506 115 227504
495 46072 47610 125 79012
496 46099 48683 58 90128
497 46201 56113 93 256544
498 46222 51611 143 355312
499 46341 51001 8 10199
500 46618 62276 6 84350
501 46649 52371 10 31621
502 46691 49184 83 253299
503 46925 51418 6 8803
504 46958 50002 24 75769
505 47060 47831 36 14314
506 47138 51763 58 169088
507 47222 56883 36 52101
508 47500 48200 140 36764
509 47687 51002 116 167386
510 47922 48023 148 10730
511 47977 50395 17 17382
512 48174 50467 150 431843
513 48350 55813 66 102479
514 48364 56279 28 175349
515 48367 55749 37 408461
516 48658 52459 36 170234
517 48790 50646 11 19609
518 48797 52056 135 94310
519 48826 49633 64 18229
520 49031 52351 6 2517
521 49069 52177 61 85678
522 49312 51852 43 43899
523 49513 57466 73 346685
524 49554 49804 99 29873
525 49679 52434 94 231356
526 49711 62763 50 616793
527 49765 52338 20 9694
528 49768 67356 38 130533
529 49847 58229 132 308866
530 49893 56728 60 103237
531 50000 51972 79 160981
532 50056 53613 147 296582
533 50238 50543 25 13993
534 50908 51549 24 21346
535 50982 54549 56 60973
536 51141 51521 132 26594
537 51207 51371 53 10224
538 51243 55857 77 113180
539 51297 58296 6 21700
540 51346 61923 105 598459
541 51369 53384 25 30458
542 51540 53317 102 266528
543 51555 61915 21 98507
544 51566 57253 34 123687
545 51693 52699 55 69091
546 51720 53599 45 144250
547 51944 55883 29 102651
548 51974 52418 106 24655
549 52014 53398 64 90516
550 52033 55918 32 56720
551 52052 61639 61 295949
552 52069 52734 92 46559
553 52225 58670 140 318514
554 52278 58234 128 590694
555 52305 52590 135 25958
556 52334 54992 146 279514
557 52450 52778 96 34079
558 52480 53791 19 13025
559 52504 52969 129 25048
560 52767 53939 27 43037
561 52796 53020 108 10695
562 52798 53477 53 27697
563 52885 54003 85 34187
564 52976 56078 124 91586
565 52994 60617 14 27239
566 53000 58499 63 301862
567 53103 60254 22 64623
568 53207 56517 7 6185
569 53257 55229 43 14876
570 53272 54576 10 6941
571 53316 62284 17 113126
572 53469 54666 69 72103
573 53608 55927 44 79415
574 53684 55727 67 68719
575 53826 54703 120 32718
576 53832 54016 130 18194
577 54053 65645 54 190514
578 54249 58213 102 149495
579 54324 63951 136 948553
580 54390 56896 45 110675
581 54412 54909 144 32470
582 54439 59588 119 233066
583 54449 55791 20 14671
584 54770 54785 84 448
585 54820 55775 11 7597
586 54836 61020 74 172280
587 54855 60395 23 34147
588 54921 71982 115 176847
589 54971 60780 114 159838
590 55084 72587 15 39017
591 55223 55547 132 15915
592 55373 56192 6 1737
593 55881 57658 20 49326
594 55906 59830 76 163803
595 55933 66229 10 15250
596 55963 60929 63 225444
597 56104 61719 9 28437
598 56305 56343 142 1806
599 56326 57337 107 72260
600 56378 58991 84 48182
601 56397 66729 62 335524
602 56422 61869 89 388185
603 56444 65027 8 36396
604 56782 61352 120 171567
605 56888 57589 38 21836
606 56892 64391 13 27055
607 56915 58918 82 106374
608 56916 62494 7 50609
609 57004 61203 121 258684
610 57044 60444 59 114555
611 57199 60871 14 22665
612 57580 61854 17 63153
613 57656 57952 31 3032
614 57723 59331 137 322283
615 57795 60544 96 249872
616 57807 58294 110 67301
617 57883 68648 70 169638
618 57978 60901 63 45102
619 57994 68035 47 119603
620 58050 62978 19 45971
621 58249 63583 48 312993
622 58272 66678 89 364005
623 58428 60769 46 77199
624 58509 58558 23 720
625 58609 62241 93 124131
626 58769 60960 77 49740
627 58773 61136 20 31759
628 58841 68002 132 679453
629 58932 65748 79 186783
630 59009 60808 56 28008
631 59199 63996 109 197821
632 59228 59747 84 32823
633 59330 59768 40 6337
634 59511 65352 26 87014
635 59539 60408 24 19523
636 59637 65116 68 67116
637 59697 60485 64 32862
638 59722 59885 64 6684
639 59746 64096 102 312305
640 59795 60304 28 2742
641 59800 60685 124 85602
642 59826 64334 139 722000
643 59858 61395 33 21746
644 59868 64027 38 93195
645 59913 62025 7 15076
646 59942 62004 58 61378
647 60195 63619 95 155260
648 60303 65704 7 5670
649 60430 60529 29 3879
650 60607 61051 40 11546
651 60620 66504 19 40719
652 60707 61589 21 5922
653 60758 61345 101 29378
654 60760 72362 85 373214
655 60831 62442 12 16867
656 60949 69808 58 81376
657 61113 64187 113 46268
658 61243 62845 13 6582
659 61249 62110 14 6806
660 61407 66357 6 6646
661 61459 67628 55 136434
662 61469 68022 41 154364
663 61507 63689 81 55946
664 61554 69323 110 173851
665 61695 80044 29 232323
666 61966 84808 23 152071
667 61967 65464 28 38627
668 62038 66012 8 13492
669 62167 64445 96 71725
670 62200 66733 14 42637
671 62245 64224 35 51283
672 62332 71002 41 339933
673 62491 63655 22 18998
674 62942 65986 90 100267
675 63088 64606 33 15658
676 63248 64332 149 48783
677 63263 64371 59 77440
678 63294 69919 18 28264
679 63303 66265 94 92084
680 63357 65452 75 21724
681 63374 69421 7 13057
682 63404 65357 116 41548
683 63414 63787 64 8109
684 63660 67588 102 154245
685 63701 65649 27 11312
686 63718 66213 53 117507
687 63771 65425 143 216762
688 64159 68121 45 104130
689 64201 76719 129 1299814
690 64368 67792 80 78657
691 64405 64964 116 34826
692 64420 65997 6 4502
693 64561 65104 68 12173
694 64598 67101 102 117394
695 64676 67600 46 107766
696 65410 66079 76 17879
697 65445 65851 47 35290
698 65525 65940 7 1496
699 65769 68724 42 15810
700 65919 68415 90 85230
701 66025 71834 130 805350
702 66055 74887 51 495996
703 66142 68007 132 69906
704 66264 76151 104 345608
705 66276 78573 64 329946
706 66277 68643 147 93635
707 66369 68217 35 6361
708 66479 70205 106 196007
709 66534 70735 81 166999
710 66616 77477 27 124668
711 66619 71777 85 340779
712 66714 70936 86 139616
713 66857 67145 84 28373
714 66915 67335 129 50977
715 67004 80311 31 270067
716 67032 71718 37 37559
717 67086 70113 70 60406
718 67123 67522 55 14912
719 67140 68062 61 18474
720 67178 71194 8 9804
721 67454 74107 47 220701
722 68157 70214 15 14388
723 68559 73503 65 103370
724 68560 70038 20 8507
725 68617 69546 14 4035
726 68647 75524 59 234824
727 68716 71886 14 27594
728 68778 72066 18 12934
729 68910 76324 87 203441
730 69058 70771 34 48230
731 69236 73893 120 128649
732 69413 74015 6 17288
733 69569 74046 32 107847
734 69684 71798 68 95780
735 69841 70819 61 40480
736 69845 84441 116 589610
737 69946 72399 47 43630
738 69953 71679 121 87545
739 70008 71134 49 22232
740 70027 73212 129 140537
741 70141 85644 55 903424
742 70204 71519 11 7918
743 70376 72252 30 6655
744 70414 74159 84 106269
745 70459 71703 47 21666
746 70609 70731 85 9448
747 70681 73006 17 24917
748 70944 77922 38 84398
749 70987 74542 71 29273
750 71076 72153 6 3510
751 71085 72925 81 68682
752 71346 75761 6 10913
753 71473 72601 69 19463
754 71588 74425 29 36370
755 71603 72096 70 21877
756 71660 73330 19 21571
757 71687 79002 29 108516
758 71793 76236 79 116894
759 72028 79205 19 65448
760 72036 95741 12 43352
761 72125 74259 100 181339
762 72238 72498 49 5945
763 72258 74519 124 227657
764 72364 89705 53 240093
765 72493 82861 39 122577
766 72567 73221 137 32529
767 72643 75609 71 69276
768 72647 73931 107 85132
769 72894 74311 12 6936
770 73100 76196 4 3768
771 73291 76288 78 47015
772 73465 79436 31 53812
773 73488 76315 97 124348
774 73528 78561 18 79405
775 73741 77908 148 260875
776 73783 87078 138 413173
777 74225 83730 28 120655
778 74288 85609 45 201266
779 74415 79224 91 100503
780 74472 75249 96 17571
781 74515 76351 7 9865
782 74516 81096 147 588942
783 74567 85374 103 309004
784 74646 76161 146 137898
785 74679 81325 138 447976
786 74720 78131 51 115605
787 74755 81008 94 214456
788 74805 83668 59 101411
789 74947 79835 120 126334
790 75276 76810 89 85130
791 75571 79322 69 146501
792 75595 78135 52 43700
793 75656 90044 112 350208
794 75752 81928 125 716868
795 75770 84666 38 28336
796 75998 84773 41 282853
797 75999 77293 25 35833
798 76003 77964 44 39168
799 76141 77042 16 15757
800 76415 82712 8 12689
801 76703 76888 109 11176
802 76743 77962 90 53269
803 76840 78203 99 35262
804 76878 81343 47 44640
805 77002 80156 127 79945
806 77117 81610 97 134790
807 77130 77350 33 10436
808 77210 78683 88 98042
809 77374 80261 23 23536
810 77408 85701 79 295188
811 77667 85440 110 150379
812 78215 79948 95 129732
813 78250 88644 91 335014
814 78320 83837 39 69391
815 78329 80415 130 127998
816 78379 79815 144 241348
817 78465 82356 8 36454
818 78753 83833 60 94717
819 78816 83818 60 67607
820 78919 84058 33 44620
821 79086 89220 53 221628
822 79110 83756 13 22614
823 79133 85026 60 93333
824 79251 84397 14 23515
825 79369 83277 93 82622
826 79392 91455 129 608074
827 79630 80823 19 6855
828 79642 82971 57 103738
829 79649 81903 30 14928
830 79665 81916 23 7298
831 79778 84896 144 398726
832 79797 81245 101 59621
833 79947 89590 110 313897
834 80009 80873 112 34555
835 80092 83792 140 178936
836 80256 82444 21 33675
837 80380 90635 96 509082
838 80768 90199 142 1102270
839 80846 81215 6 2891
840 80939 90539 25 94110
841 81044 85603 99 223757
842 81222 84665 67 89895
843 81233 83429 71 27938
844 81264 91712 33 60015
845 81500 84664 32 34164
846 81505 85144 16 22242
847 81669 81912 86 12963
848 81694 90223 38 53644
849 81716 85753 67 124229
850 81878 91621 149 1717655
851 81932 84440 87 138340
852 82050 84721 14 15961
853 82171 84155 64 140202
854 82256 84425 90 91484
855 82306 82982 13 4128
856 82313 88868 80 242895
857 82352 88738 143 413408
858 82441 86155 17 99488
859 82454 86419 56 177618
860 82525 83306 113 57795
861 82604 85529 147 446465
862 82714 83580 66 43166
863 82723 86783 8 11171
864 82751 86602 48 189208
865 82812 88462 16 52484
866 82881 93415 73 256451
867 82942 88496 8 18702
868 83016 83292 12 7946
869 83057 86190 79 91947
870 83167 85786 49 141048
871 83257 83797 113 71803
872 83275 98077 8 37917
873 83325 87714 35 65361
874 83350 87378 25 14120
875 83445 84166 72 30209
876 83500 84577 85 27594
877 83577 83957 30 6414
878 83589 86348 62 82667
879 83595 91833 105 633478
880 83654 90198 67 144817
881 83691 90395 7 60921
882 83856 84817 98 22237
883 83860 86530 44 47206
884 83873 88940 18 54818
885 83917 84992 6 2464
886 83925 92011 104 157684
887 84107 85717 8 4216
888 84157 85202 80 50956
889 84239 89054 51 76445
890 84316 92869 43 131221
891 84351 89151 6 7910
892 84384 91144 78 183519
893 84446 91960 103 264705
894 84622 86100 46 43705
895 84627 87697 54 70824
896 84731 84975 106 5654
897 84887 87489 127 569777
898 85186 87155 44 44257
899 85435 87295 21 14606
900 85464 87549 55 93415
901 85576 88911 68 100534
902 85716 86557 68 24526
903 85728 90131 80 366679
904 85844 86159 135 19082
905 86099 98567 68 735518
906 86137 87894 84 72258
907 86196 92115 123 172847
908 86233 86471 18 2766
909 86501 95073 71 908280
910 86541 97396 54 905453
911 86636 88634 129 84402
912 86749 95551 47 268781
913 86887 87292 10 2900
914 86995 88666 78 45902
915 87005 94707 56 318152
916 87022 87282 55 20398
917 87122 91466 24 52727
918 87366 88786 13 11912
919 87384 91871 5 3880
920 87477 91725 12 21051
921 87717 91198 42 50298
922 87733 89326 12 5060
923 87991 88381 13 763
924 88038 90952 73 120726
925 88091 91328 57 176462
926 88092 91509 93 82814
927 88921 89713 47 19456
928 89093 95962 82 129597
929 89137 93840 12 29075
930 89176 91343 100 65546
931 89361 91336 16 15336
932 89768 94570 112 90340
933 89978 90359 9 2221
934 90009 92255 17 20522
935 90056 91205 28 13802
936 90251 97011 24 121572
937 90261 92994 22 28948
938 90368 95797 84 163729
939 90722 91477 82 77226
940 90794 99017 127 1267126
941 90840 93542 64 87149
942 90851 92332 13 6898
943 90938 94634 5 7480
944 91024 91655 99 79555
945 91171 94347 12 12982
946 91238 94304 39 74042
947 91318 91769 109 14203
948 91433 96034 77 172608
949 91695 93057 53 46209
950 91778 96118 28 60036
951 92059 96302 68 38230
952 92121 93775 7 5006
953 92133 93429 27 15507
954 92137 96412 26 67313
955 92172 92252 28 2145
956 92319 93581 138 94935
957 92390 96742 9 8961
958 92529 97267 122 82417
959 92660 97441 21 102581
960 92690 93204 130 10746
961 92725 97039 47 89980
962 92745 93691 146 149030
963 93036 96383 50 27180
964 93114 96511 16 23196
965 93132 93797 28 9637
966 93173 95903 37 46791
967 93220 96033 136 103268
968 93330 93633 128 11997
969 93383 96790 9 20735
970 93412 98281 10 28200
971 93436 95314 7 6799
972 93634 95226 124 89255
973 93673 97370 11 8227
974 93956 95623 125 118720
975 94035 94305 112 28351
976 94072 95816 75 114311
977 94186 95207 6 1758
978 94202 98562 146 282213
979 94462 97051 43 45732
980 94689 99272 9 20025
981 94966 96117 61 24902
982 95018 95368 91 9508
983 95032 96692 92 27100
984 95132 97034 88 53424
985 95356 96145 127 37798
986 95979 96691 41 17185
987 96011 96851 43 18619
988 96044 98246 19 14677
989 96229 96653 101 89864
990 96731 97640 49 34603
991 97080 99444 19 17232
992 97091 98316 66 26620
993 97157 97500 120 36935
994 97299 98003 109 54777
995 97650 98519 5 1515
996 97820 99851 97 315198
997 98318 99522 126 109924
998 98485 99765 17 12002
999 98868 99418 16 6381
