50 1000 0.005
..................................................
..................................................
..................................................
...................................##.............
...............................#####..............
................................#.................
..................................................
..................................................
..................................................
..................................................
..................................................
..................................................
..................................................
..................................................
..................................................
..................................................
..................................................
..................................................
..................................................
..................................................
..................................................
..................................................
..................................................
..................................................
..................................................
..................................................
..................................................
..................................................
..................................................
..................................................
..................................................
..................................................
..................................................
..................................................
..................................................
.....................#............................
....................##............................
....................#.............................
..................#####...........................
...................##.............................
..................###.............................
...................#.#............................
....................###...........................
...................#####..........................
....................#.............................
..................................................
..................................................
..................................................
..................................................
..................................................
0 54 104 148 8854
1 99 2775 96 106040
2 160 2094 8 4963
3 164 457 5 277
4 327 1608 92 68207
5 406 4245 21 12812
6 447 1789 53 19869
7 464 1778 18 15119
8 552 692 67 6030
9 972 2486 13 9880
10 1341 2213 5 1550
11 1713 3755 64 71141
12 1765 6485 5 8134
13 1895 3548 120 49979
14 1915 2810 30 5291
15 2030 2855 113 107241
16 2176 4270 94 73630
17 2310 2862 21 16546
18 2314 2740 76 15712
19 2338 5128 60 131363
20 2677 4990 90 115809
21 2791 7448 28 74310
22 2811 3671 17 6272
23 2864 7943 107 273959
24 3032 4792 53 36547
25 3052 6837 4 14778
26 3680 5575 63 45711
27 3727 5857 123 154784
28 3835 4054 145 17240
29 3839 3971 46 2738
30 4077 5015 14 6181
31 4082 4767 26 7453
32 4203 7814 53 92946
33 4241 7894 5 13239
34 4414 7713 60 155873
35 4439 5682 96 100444
36 4805 5745 63 56887
37 5011 8154 54 100582
38 5023 6163 46 9281
39 5039 5276 20 2293
40 5098 6474 118 88305
41 5133 5842 88 17567
42 5138 5810 128 27689
43 5176 22354 83 1068797
44 5178 13196 63 305193
45 5353 8856 12 40492
46 5395 5630 8 1347
47 5458 8602 91 95172
48 5664 8455 5 5676
49 5741 8201 56 72331
50 5834 6893 28 10017
51 6049 9582 29 36529
52 6152 8167 118 103071
53 6321 12455 37 111134
54 6356 6399 137 7043
55 6449 8706 149 194401
56 6470 10084 13 20827
57 6530 7113 55 50649
58 6569 7689 66 52532
59 6605 6918 14 4081
60 6625 6686 46 1138
61 6799 7976 140 109952
62 6805 13171 101 170655
63 6948 7200 16 5288
64 7076 8361 32 30739
65 7078 7817 5 1900
66 7201 18826 34 68197
67 7267 10461 66 166375
68 7315 8720 66 53328
69 7546 9532 96 90894
70 7735 10948 14 8833
71 7922 13388 6 35576
72 8124 10485 75 100910
73 8172 8457 4 405
74 8192 8523 81 11722
75 8208 14107 82 162468
76 8223 10731 76 73717
77 8269 20550 6 20084
78 8293 8733 93 25095
79 8298 9517 129 137044
80 8488 8527 60 1553
81 8545 10929 102 101413
82 8591 11758 9 27723
83 8627 8942 51 15990
84 8642 9225 50 9454
85 8657 8705 44 1228
86 8788 9061 14 3084
87 8790 10221 13 6007
88 8932 10105 61 31195
89 8944 9971 23 11942
90 9026 12807 8 14762
91 9137 9918 22 4821
92 9220 9932 22 12699
93 9258 15363 10 63591
94 9320 16494 43 196387
95 9356 9979 121 37755
96 9388 9978 118 70952
97 9399 21991 42 190794
98 9408 12966 43 76767
99 9551 14315 15 26832
100 9637 12240 14 16035
101 9644 10033 86 9461
102 9673 10740 80 26212
103 10013 10745 18 12321
104 10091 15127 49 56038
105 10145 17790 135 581205
106 10290 12853 45 60249
107 10367 11237 102 42055
108 10443 13071 22 48614
109 10447 19077 6 30729
110 10451 15952 27 69164
111 10698 13841 69 90203
112 10943 11100 19 3209
113 11005 15768 143 73234
114 11087 13205 20 12655
115 11143 12920 16 17525
116 11151 12617 56 21066
117 11262 11886 108 19893
118 11519 11743 90 12201
119 11535 16058 50 262252
120 11580 12569 117 101706
121 11811 15449 83 63105
122 11864 13101 101 39445
123 11893 12688 92 32951
124 11932 14584 38 55261
125 12039 18218 9 19201
126 12252 13518 141 21233
127 12263 12645 84 13920
128 12378 13838 12 8787
129 12459 18028 116 131648
130 12491 13327 69 13616
131 12650 14952 30 20413
132 12914 13097 4 454
133 12936 14379 124 66873
134 12964 13758 41 5008
135 12973 22761 22 48239
136 13058 13290 15 1228
137 13087 13793 63 12547
138 13109 14380 96 47032
139 13495 15251 61 152248
140 13579 13752 17 1325
141 13640 18379 92 145930
142 13747 15207 106 137939
143 13916 16985 47 52303
144 14012 14934 32 18703
145 14407 14852 34 22890
146 14408 14734 59 4228
147 14499 14796 19 6011
148 14658 16565 13 17000
149 14665 16194 63 29660
150 14719 20898 65 132293
151 14795 17967 98 94885
152 15039 16400 10 10017
153 15059 20204 137 423467
154 15084 19384 68 150202
155 15334 16872 55 42668
156 15680 17664 136 45325
157 15879 16586 85 47583
158 16012 16070 72 2409
159 16055 18370 31 48002
160 16119 19784 12 14495
161 16125 17570 41 26792
162 16130 16425 22 6037
163 16200 23988 36 83546
164 16222 16597 77 41646
165 16233 23358 6 26652
166 16333 18438 91 154464
167 16424 22434 143 484031
168 16476 18692 68 135896
169 16674 18709 67 67391
170 16776 25927 8 15138
171 16849 16991 29 2561
172 16850 22041 79 169981
173 16904 20149 64 53686
174 17174 21406 111 220004
175 17202 18043 69 26131
176 17363 22547 129 103996
177 17397 18358 102 57146
178 17466 18371 82 14089
179 17667 18947 5 1431
180 17954 20340 91 100161
181 18051 19391 21 8080
182 18081 21990 18 35643
183 18095 18390 43 12522
184 18245 21207 149 167723
185 18336 21087 40 71497
186 18377 18398 8 49
187 18492 19510 23 15996
188 18594 21577 14 20403
189 19044 20962 87 51565
190 19143 20236 92 89023
191 19275 21121 10 15348
192 19288 20577 96 57007
193 19344 24227 117 120484
194 19518 20667 71 32966
195 19548 22896 39 128565
196 19622 21243 127 171862
197 20027 22988 15 8239
198 20139 25602 67 112995
199 20224 22290 36 27593
200 20283 27177 123 542461
201 20717 26487 8 21324
202 20807 23232 17 53272
203 20904 21920 112 65805
204 21093 21521 16 2472
205 21194 26795 58 93676
206 21195 25652 37 166088
207 21213 21234 139 4874
208 21340 24192 12 12493
209 21437 22933 135 88740
210 21499 21611 129 4760
211 21632 22951 42 19457
212 21638 21707 4 205
213 21775 28284 58 67315
214 21924 23829 70 150801
215 21958 23666 133 153332
216 21963 26459 56 64227
217 21983 25031 105 163143
218 22042 27665 130 190348
219 22128 25517 91 64720
220 22278 31736 59 186579
221 22670 23162 135 60785
222 22682 23559 22 11021
223 22688 24395 27 42815
224 22705 25687 27 17649
225 22756 29810 88 108095
226 22806 23215 72 20073
227 22828 23510 45 17034
228 23015 23985 42 42262
229 23062 30969 150 399176
230 23115 23938 99 48462
231 23238 24426 118 265735
232 23461 25062 40 28826
233 23490 25566 25 35508
234 23639 23775 97 8849
235 23650 25236 43 61353
236 23721 29622 86 125414
237 23845 25895 134 461819
238 23987 25203 83 34631
239 24016 27050 137 233546
240 24061 26741 38 31030
241 24116 28524 70 76331
242 24335 27407 12 21755
243 24737 25363 54 13551
244 24769 25774 86 203123
245 24775 28477 91 93372
246 24821 26413 28 44265
247 24859 25714 105 79224
248 24904 27198 32 19822
249 24931 31729 29 29136
250 25008 29964 35 124958
251 25121 27904 100 246988
252 25176 28096 125 280141
253 25229 26131 42 10081
254 25239 28160 117 178743
255 25292 26575 109 50722
256 25304 27901 19 24343
257 25365 25540 93 5287
258 25730 30235 36 52556
259 25817 26635 31 34125
260 25818 30595 82 275621
261 26175 27130 104 46058
262 26201 26398 20 2539
263 26289 27075 33 9628
264 26375 28860 81 219366
265 26422 27755 49 22748
266 26584 29185 78 108399
267 26724 27527 107 56514
268 26787 27797 84 82448
269 26797 28154 76 74740
270 26989 27051 35 1273
271 27141 28183 54 26572
272 27192 31392 5 7391
273 27246 27848 23 5430
274 27310 28326 5 3260
275 27349 29360 128 74976
276 27356 29974 147 152603
277 27683 29094 4 2715
278 28134 29220 83 23713
279 28161 33823 32 70352
280 28253 29104 37 7488
281 28270 31887 117 126591
282 28328 31643 104 263579
283 28466 29899 7 5488
284 28793 29181 89 9774
285 28798 30272 143 314103
286 28804 29431 47 14008
287 28887 33984 67 100440
288 29034 30560 57 91886
289 29071 31836 78 43282
290 29077 33650 58 170622
291 29191 30267 50 54511
292 29259 31735 16 25252
293 29272 31009 21 10931
294 29288 32436 60 85299
295 29459 29506 9 407
296 29523 32539 62 97562
297 29535 30367 31 10542
298 29541 32673 82 360445
299 29642 32611 6 15041
300 29647 31693 63 104680
301 29687 29885 25 3402
302 29717 30812 132 117646
303 29718 43566 31 250373
304 29921 40313 132 314956
305 30159 32108 18 15994
306 30275 31184 29 3281
307 30387 34781 102 209859
308 30542 32164 10 5095
309 30589 31190 15 3289
310 30636 30659 28 174
311 30859 34863 59 69486
312 31015 34124 5 5423
313 31051 34325 144 367936
314 31120 32290 125 43025
315 31145 34754 32 17733
316 31147 31448 92 26280
317 31212 36074 140 249943
318 31381 38530 45 179824
319 31388 32941 22 18521
320 31433 33359 51 38692
321 31538 38082 70 169229
322 31561 31663 7 783
323 31590 33084 88 86350
324 31714 42043 134 566356
325 31742 33400 99 90254
326 31847 36417 8 16554
327 31933 32563 16 3928
328 32015 33513 53 31688
329 32068 40879 88 427130
330 32128 37135 77 175314
331 32136 38141 131 1015900
332 32138 32407 12 629
333 32223 32264 13 563
334 32258 32896 63 13133
335 32486 32749 21 1134
336 32515 32932 95 19489
337 32661 41332 50 136317
338 32811 39018 84 255701
339 32890 33374 26 8355
340 33037 37556 11 46317
341 33047 33092 52 1391
342 33128 34330 101 99609
343 33204 37530 27 56824
344 33436 35573 10 11565
345 33452 39833 53 430094
346 33520 34937 53 52093
347 33749 35641 31 56289
348 33777 36022 42 29506
349 34410 41331 134 664201
350 34490 38287 131 503660
351 34518 36165 10 7507
352 34995 35183 99 3632
353 35138 37005 53 53793
354 35142 38215 78 86491
355 35190 35900 31 15702
356 35231 36853 9 16310
357 35272 35400 53 4603
358 35318 36574 49 15081
359 35470 38977 48 129924
360 35545 39771 76 118803
361 35664 36058 91 19316
362 35869 38637 65 83724
363 36148 37240 67 119050
364 36204 42229 111 389047
365 36217 36740 108 41878
366 36307 40014 62 165904
367 36378 36846 15 3718
368 36401 38005 8 5633
369 36412 36647 87 9706
370 36503 37148 35 14740
371 36601 36720 29 2166
372 36630 37565 108 16707
373 36966 37020 105 6129
374 36967 38543 30 10759
375 37229 37590 32 7742
376 37241 37930 85 33356
377 37349 45745 78 818374
378 37359 38531 20 5296
379 37374 39354 25 19403
380 37393 43042 25 79607
381 37429 37635 13 1550
382 37430 48447 19 146538
383 37437 37860 40 8537
384 37489 39488 117 207288
385 37704 39625 36 32088
386 37753 38376 55 19270
387 37874 39419 29 28319
388 38131 40560 16 21521
389 38210 42930 115 520387
390 38221 43151 143 377726
391 38384 39690 15 18089
392 38396 40681 19 21495
393 38525 41326 87 129948
394 38547 39502 68 103428
395 38608 39057 108 18155
396 38619 48101 37 91841
397 38709 46493 11 37895
398 38724 40183 22 8857
399 38778 39424 5 1037
400 38801 39230 16 12788
401 38929 40111 137 67645
402 38979 40763 63 47032
403 39014 46541 40 140775
404 39303 39507 129 5707
405 39350 40950 13 5853
406 39590 39615 93 1502
407 39683 41826 40 60935
408 39777 40463 130 51859
409 39896 42520 4 5666
410 39901 42125 111 109677
411 40003 41064 143 30851
412 40064 41199 21 17290
413 40499 41062 111 72542
414 40511 41118 28 5403
415 40538 43311 102 180497
416 40571 46932 143 737231
417 40586 42838 51 85985
418 40640 40651 62 261
419 40667 40797 99 16168
420 40903 42344 42 56107
421 40972 44708 146 432343
422 41007 42846 5 7002
423 41110 42122 109 95597
424 41246 42927 15 6354
425 41632 43414 132 122457
426 41724 41747 38 620
427 41727 44466 32 19608
428 41796 44774 142 144958
429 42050 43671 31 13892
430 42073 45357 67 57846
431 42282 44640 118 155563
432 42323 45221 47 125724
433 42503 44185 60 57744
434 42540 46735 111 220376
435 42905 45353 32 37253
436 42960 44939 71 48422
437 43617 50814 55 174977
438 43714 45106 19 19019
439 43850 44686 43 16908
440 43882 45983 120 147511
441 44333 48937 51 220615
442 44387 44443 28 2135
443 44636 44833 55 3358
444 44665 56037 4 37865
445 44681 48182 26 111992
446 44747 46494 86 64888
447 44899 52312 5 16944
448 44916 51086 11 42253
449 45038 53988 34 60216
450 45084 45302 18 3039
451 45156 47565 71 68921
452 45191 45667 91 35406
453 45204 46827 92 89216
454 45216 62679 14 185486
455 45288 54527 64 157359
456 45840 46788 37 18873
457 45926 60874 31 171542
458 45938 48417 10 15654
459 46169 47812 96 53035
460 46376 49414 39 49705
461 46382 47451 6 6217
462 46510 47431 24 16712
463 46551 47573 42 20903
464 46614 46648 106 1938
465 46634 56829 42 192167
466 46645 46711 44 3506
467 46653 51532 9 10940
468 46838 49832 116 200238
469 46867 53323 78 228796
470 46872 50384 38 35592
471 46987 49909 16 12398
472 47013 47258 9 1401
473 47112 52551 79 205634
474 47418 51451 69 149428
475 47719 59147 49 317157
476 47908 49378 17 10097
477 47950 52695 109 303150
478 48160 53459 28 42866
479 48199 50532 62 38138
480 48394 48881 34 14455
481 48400 55539 87 112014
482 48429 52524 25 69997
483 48470 48496 69 2284
484 48486 48963 11 3979
485 48520 48909 31 5894
486 48533 52872 55 46948
487 48659 49270 148 44569
488 48721 49942 32 18238
489 48778 50546 40 42935
490 48864 50108 8 4339
491 48882 50109 103 39749
492 48897 65076 9 42587
493 48952 58127 12 43331
494 49007 51098 88 107996
495 49050 54672 48 87747
496 49066 61910 43 373035
497 49141 52092 104 105512
498 49176 50336 21 4972
499 49185 52191 100 86472
500 49207 52436 100 104150
501 49345 50492 38 10946
502 49354 53092 138 140667
503 49371 51927 12 17322
504 49531 59201 148 265839
505 49537 51198 6 11816
506 49632 50515 37 19067
507 49650 49856 77 12236
508 49679 57671 20 258972
509 49695 49731 122 4142
510 49714 51190 21 14053
511 49800 52802 106 245475
512 49831 52294 49 58203
513 49889 51612 31 38131
514 49925 51705 29 97183
515 50045 52586 56 62324
516 50048 60402 98 331090
517 50218 50370 23 1391
518 50735 51109 93 23391
519 50754 52234 55 31545
520 50760 51419 72 47048
521 51022 51516 63 18962
522 51094 54033 38 58645
523 51211 61941 93 581525
524 51282 52513 102 56977
525 51331 51476 16 2353
526 51358 56015 54 149919
527 51633 52350 113 32929
528 51642 53311 13 20505
529 51811 54400 150 148605
530 51844 54508 49 177892
531 52009 55894 122 201868
532 52054 55254 85 42219
533 52142 56361 12 14991
534 52156 52987 9 4013
535 52208 57225 5 7505
536 52284 58553 17 135455
537 52451 52462 6 42
538 52577 52935 26 10295
539 52775 54463 110 76406
540 52976 53250 19 2894
541 53177 55091 53 55305
542 53182 58144 24 33871
543 53279 53466 127 9048
544 53326 57544 128 400194
545 53562 54734 5 4650
546 53712 57361 68 96475
547 53812 56330 10 20612
548 53984 54243 65 7366
549 54014 55935 53 87952
550 54124 57184 145 204782
551 54162 54436 11 2470
552 54227 54339 10 578
553 54446 57643 96 103886
554 54453 74576 13 125705
555 54530 58412 96 112881
556 54628 58818 75 246667
557 54645 59296 11 18301
558 54671 59570 138 884042
559 54693 55384 133 62067
560 55184 59398 29 21953
561 55221 61628 67 228582
562 55224 56733 58 31097
563 55295 56139 36 24197
564 55389 58246 15 22661
565 55423 61690 89 500624
566 55445 58601 131 41276
567 55599 58236 10 7584
568 55624 59721 28 36444
569 55839 58745 13 27626
570 55923 59617 22 56224
571 55939 56349 6 1989
572 56232 57264 14 7796
573 56236 57746 148 70549
574 56264 59299 136 89412
575 56713 60277 17 24045
576 56949 58043 130 52706
577 56965 69227 101 345037
578 57265 64040 103 253067
579 57268 58547 47 15077
580 57324 59016 60 58043
581 57391 59536 51 41443
582 57410 61465 16 76063
583 57435 59082 45 34543
584 57456 60443 9 9863
585 57466 59518 57 46192
586 57611 62285 18 31026
587 57612 58584 67 13589
588 57628 57750 24 1577
589 57743 58193 117 32830
590 57752 57994 5 555
591 57795 64006 101 446825
592 58226 64035 19 13057
593 58423 59334 7 3730
594 58430 66239 146 444637
595 58434 59851 106 35279
596 58447 65991 84 160762
597 58626 60024 10 11098
598 58640 61070 67 54881
599 58649 63277 59 181698
600 58838 60267 37 34335
601 58995 61368 10 22419
602 59059 60554 19 10621
603 59124 59394 118 26964
604 59170 62225 10 11973
605 59213 61077 37 27210
606 59222 60897 36 38952
607 59445 60047 13 4881
608 59471 60496 81 41490
609 59575 71305 12 43310
610 59636 62571 103 141318
611 59673 60826 61 45206
612 59694 60794 122 128483
613 59813 60098 116 27480
614 59845 60156 105 16781
615 60035 60507 102 10055
616 60168 61015 39 18208
617 60265 66450 33 184410
618 60305 65110 71 151756
619 60318 63814 52 135897
620 60485 63740 21 15715
621 60492 61739 137 94057
622 60581 63940 53 34076
623 60675 61453 116 75996
624 60864 60996 21 643
625 60918 64386 19 62049
626 60956 63070 84 142504
627 61071 61381 17 4439
628 61275 63417 115 176354
629 61601 62172 79 12046
630 61612 65226 21 51430
631 61786 62622 125 53673
632 61852 66179 118 195595
633 61930 64243 92 291634
634 61947 67171 22 43734
635 61956 66716 15 25129
636 62070 65885 30 68091
637 62112 63266 42 11578
638 62249 64881 117 172645
639 62303 63790 4 1443
640 62503 62769 47 6721
641 62539 64341 50 111309
642 62693 62883 89 13364
643 62860 64538 13 15705
644 62916 65762 50 179596
645 63005 65166 40 17507
646 63040 72077 27 106377
647 63133 67426 6 6168
648 63197 64635 17 11478
649 63210 63568 11 5100
650 63262 67093 77 141571
651 63377 63804 24 10909
652 63431 63948 142 38562
653 63437 68046 142 175511
654 63491 65374 16 20898
655 63597 68060 43 184489
656 63679 65841 80 34466
657 63691 70788 4 12225
658 63842 65608 31 16869
659 63878 69406 4 15163
660 63891 65518 5 3741
661 63896 64929 5 5339
662 63901 72056 134 288112
663 63947 66024 46 27457
664 64131 68753 49 202267
665 64246 67724 61 74738
666 64284 69810 82 292031
667 64354 64923 108 24030
668 64370 64500 43 2711
669 64402 68675 13 30761
670 64445 64655 13 1428
671 64461 70293 64 148259
672 64575 64588 30 249
673 64603 70330 30 56277
674 64815 66936 69 99756
675 65009 73276 47 196198
676 65035 65430 18 4761
677 65153 73655 61 283604
678 65217 65897 126 37028
679 65632 66050 9 1882
680 65703 68815 35 22473
681 65719 67189 7 4879
682 65850 66644 33 49651
683 65909 66352 126 73365
684 65911 68417 115 144366
685 66221 75728 141 1092125
686 66461 66767 121 8912
687 66499 66593 47 1863
688 66500 73245 67 225429
689 66527 68572 100 80064
690 66895 67318 42 8784
691 66978 68688 15 10503
692 67061 70337 90 176988
693 67231 68771 44 67967
694 67323 74113 63 98300
695 67342 71653 41 61338
696 67437 70596 121 127467
697 67509 67833 80 11227
698 67512 70394 55 139250
699 67515 78226 34 82938
700 67519 74376 6 34162
701 67782 68279 138 48645
702 67904 72880 42 154904
703 67953 69732 29 50468
704 67975 70043 23 24273
705 68051 69739 93 347053
706 68087 70048 4 6288
707 68241 76408 143 605146
708 68315 69534 140 134843
709 68425 69233 38 18982
710 68428 69443 43 17669
711 68609 70773 19 7356
712 68634 73838 37 151379
713 68821 70069 11 7578
714 68983 74551 122 484526
715 69046 74123 29 27297
716 69135 69318 17 2784
717 69291 77302 40 165584
718 69348 74115 128 80409
719 69487 73082 99 85634
720 69496 74964 104 269008
721 69528 71060 66 49813
722 69579 75180 50 86731
723 69805 71369 144 174785
724 69963 71926 82 88441
725 70060 70240 15 2288
726 70573 71560 16 6133
727 70651 73025 121 240022
728 70652 70700 6 110
729 70721 72559 19 10659
730 70736 71949 68 43571
731 70893 71667 44 20123
732 71023 72474 49 24992
733 71209 72935 134 155743
734 71572 72375 31 28860
735 71650 74868 21 13987
736 71739 73814 27 33875
737 71783 74570 145 270333
738 71849 72870 96 41575
739 71880 77770 6 12603
740 72050 72189 105 5381
741 72088 72665 113 25073
742 72298 76579 135 260460
743 72316 75902 5 17690
744 72466 73561 98 104417
745 72548 84942 17 81598
746 72590 73343 73 51369
747 72648 73874 45 13528
748 72706 74077 44 24339
749 72833 73842 90 103357
750 72858 74369 84 90554
751 73024 73142 31 6249
752 73056 73454 20 3753
753 73110 73554 104 15201
754 73119 81034 69 236171
755 73299 74498 119 99249
756 73484 73652 4 226
757 73515 75481 19 10023
758 73555 74261 19 1912
759 73712 74404 29 11298
760 73715 83671 90 296921
761 73723 74097 42 6106
762 73847 75215 5 5604
763 74036 74399 4 410
764 74056 74630 24 4417
765 74304 75549 78 50677
766 74378 76605 119 202126
767 74670 75929 107 42583
768 74681 81598 112 197263
769 74816 81985 146 254255
770 74822 75004 37 2473
771 74891 74952 30 785
772 74940 75269 144 29356
773 74949 83482 115 298523
774 74954 75206 89 8046
775 75053 78509 4 4168
776 75262 81379 11 25562
777 75366 82841 85 1020875
778 75697 80387 92 86538
779 75755 79928 101 220418
780 75936 78445 86 99682
781 75996 79413 150 177568
782 76039 76260 68 8843
783 76066 78665 131 257006
784 76132 78586 72 136093
785 76149 83995 61 498552
786 76180 77103 8 4384
787 76213 80871 133 699232
788 76226 78484 132 100066
789 76495 76850 59 32520
790 76541 79197 11 7170
791 76561 76712 98 13440
792 76842 78064 9 6267
793 77004 79871 106 255289
794 77077 79254 18 36905
795 77203 78322 14 10211
796 77317 77665 119 21192
797 77330 78024 46 10847
798 77783 82122 47 117846
799 77863 78787 27 30555
800 78062 78206 90 16425
801 78102 80336 106 180623
802 78126 79918 84 81499
803 78163 81118 70 130595
804 78250 80042 137 154731
805 78262 80113 23 32476
806 78276 85003 107 169078
807 78497 78851 37 10770
808 78663 79048 94 25433
809 78704 79781 83 98233
810 78807 84553 26 92825
811 78908 79878 38 22930
812 79024 82147 14 15150
813 79029 82650 138 186573
814 79076 79816 130 46581
815 79105 86229 15 31208
816 79427 83121 12 10699
817 79440 82591 149 131880
818 79630 80653 30 12392
819 79640 81222 13 6824
820 79732 84884 18 57558
821 79811 80275 53 11616
822 79900 81407 53 106836
823 80058 82158 54 35678
824 80090 91421 65 135962
825 80207 83470 65 57940
826 80230 81880 74 68094
827 80269 80548 144 21173
828 80394 81465 5 3188
829 80428 81287 11 5988
830 80703 86235 8 22513
831 80706 81396 24 15778
832 80907 81445 107 21859
833 80912 81495 31 13675
834 80983 82499 123 90454
835 81161 81698 107 28850
836 81216 81295 57 2368
837 81310 90965 15 38749
838 81377 86325 18 49027
839 81546 84766 16 25865
840 81570 86648 61 301689
841 81684 82321 130 66359
842 81753 82786 97 86132
843 81874 82495 29 7707
844 82070 82323 5 1022
845 82120 82404 110 19870
846 82200 86143 20 6877
847 82204 85294 55 40079
848 82378 83545 4 1747
849 82402 84056 28 32849
850 82531 83810 37 17674
851 82762 83349 86 14175
852 82858 85511 147 39596
853 82894 86946 15 44272
854 83111 84272 48 53068
855 83404 83646 141 9285
856 83840 86657 123 115712
857 83902 88630 87 235579
858 83970 88492 103 277437
859 84072 87248 40 62772
860 84413 84512 7 1166
861 84484 86618 70 188829
862 84519 99142 132 742299
863 84610 87156 11 2385
864 84676 87792 124 90046
865 84720 89695 38 269443
866 84742 86298 111 48686
867 84751 84946 58 11033
868 85023 87170 9 9734
869 85130 88127 65 123413
870 85503 86505 70 29725
871 85552 85693 33 2089
872 85614 85976 4 646
873 85637 88401 49 96045
874 85646 89303 87 140545
875 85722 86901 78 95245
876 85730 88608 52 64448
877 85744 86185 126 19892
878 85826 87919 29 18727
879 85972 86552 135 60535
880 85978 88227 24 20370
881 86049 88730 29 65485
882 86098 89287 44 74635
883 86244 90982 45 57345
884 86389 87531 140 66206
885 86405 90574 16 24060
886 86455 96186 61 334939
887 86554 86671 93 8559
888 86764 87217 18 8575
889 86832 88807 5 6902
890 87050 87169 113 3765
891 87086 91329 11 20495
892 87157 87677 69 8746
893 87205 90337 144 242079
894 87305 91577 58 99680
895 87508 87975 121 28634
896 87780 89947 58 96234
897 87865 88674 70 34459
898 87880 88299 21 6492
899 87896 92357 13 26351
900 88070 89243 107 80238
901 88121 90861 48 58151
902 88202 90071 64 63768
903 88238 89164 47 21394
904 88273 88394 105 13325
905 88377 94680 6 43649
906 88623 90267 26 21907
907 88639 93624 67 88769
908 88707 95195 4 14401
909 88765 90669 74 19156
910 88990 95868 6 26167
911 89165 93547 85 72279
912 89226 90334 122 68472
913 89277 89694 46 10675
914 89300 90991 86 88530
915 89321 91049 61 30931
916 89404 89801 9 1401
917 89508 90975 4 2274
918 89579 89677 31 997
919 89622 91998 44 29257
920 89792 90910 24 17336
921 89908 94452 23 56294
922 89960 90170 14 862
923 89995 91280 22 11474
924 90021 90562 21 18820
925 90026 91216 64 40125
926 90143 94554 37 33584
927 90425 94801 31 77550
928 90441 91869 86 72004
929 90550 92105 50 31535
930 90797 92819 29 17402
931 90891 93209 14 11911
932 90906 91165 20 2267
933 90920 95717 39 63585
934 90950 94020 14 12346
935 91095 95889 17 17007
936 91210 92336 50 21326
937 91276 92770 78 62523
938 91380 94350 6 7238
939 91423 92285 9 2114
940 91522 94531 72 159087
941 91565 91652 30 1418
942 91768 92798 116 56348
943 92098 99757 10 25299
944 92158 98665 49 183788
945 92287 93760 61 43747
946 92391 95122 34 22081
947 92462 92743 6 762
948 92525 92928 118 22453
949 92538 97146 55 97937
950 92657 92869 41 3049
951 92750 94080 93 80531
952 92824 93561 84 33351
953 92895 92989 9 332
954 92921 95302 94 105857
955 93122 96760 29 65819
956 93126 93962 142 73444
957 93215 95376 39 54073
958 93219 93689 63 17603
959 93229 94742 9 4849
960 93376 94591 5 5646
961 93574 96187 81 121411
962 93593 96831 26 31844
963 93602 94772 21 22914
964 93673 94136 61 14227
965 93799 94081 125 13890
966 94058 94988 19 8621
967 94122 94731 9 2036
968 94297 94757 7 2979
969 94433 95395 10 6681
970 94513 97352 116 172872
971 94701 96547 148 98574
972 95068 96829 10 10035
973 95119 97793 17 11524
974 95207 97039 17 7651
975 95269 98512 35 46984
976 95344 95798 53 15967
977 95372 96293 54 19921
978 95600 98627 6 5281
979 95630 97257 6 10029
980 95661 98686 15 20727
981 95946 97673 5 2679
982 96030 98473 4 4903
983 96189 99319 11 10141
984 96296 98335 74 74891
985 96317 99008 78 128343
986 96772 99250 133 200923
987 96925 97525 23 23292
988 97096 98597 4 1130
989 97491 98270 42 35160
990 97804 98039 82 21173
991 97845 97862 103 831
992 98110 98498 18 3831
993 98118 98589 42 20640
994 98294 99026 44 9831
995 98431 99952 83 52966
996 98478 98905 57 43876
997 98711 99793 53 53371
998 99061 99478 76 42839
999 99944 99946 96 306
