50 1000 0.026
..................................................
...............................#..................
..................................................
..................................................
..............................................#...
..................................................
..................................................
..................................................
..................................................
..................................................
.........................................###......
...........................................#......
..................................................
..................................................
..................................................
..........#.......................................
..................................................
..................................................
..................................................
..................................................
..................................................
..................................................
..................................................
..................................................
..................................................
..................................................
..................................................
..................................................
........#.....................#...................
..................................................
..................................................
............................................#.....
..................................................
..................................................
..................................................
..................................................
..................................................
..................................................
..................................................
..................................................
..................................................
..................................................
..................................................
..................................................
.............................##...................
.............................#....................
..................................................
..................................................
..................................................
......##..........................................
0 161 4153 77 113208
1 200 6484 18 69824
2 207 5157 32 81591
3 218 440 84 4744
4 233 1532 10 9546
5 302 359 96 5452
6 333 1334 35 18068
7 606 13470 9 17786
8 609 4019 14 22006
9 829 3871 13 48860
10 831 847 48 681
11 897 7694 69 514082
12 1086 6946 41 169630
13 1336 2503 143 167911
14 1486 7647 74 123849
15 1549 1802 121 19532
16 1591 10929 11 61504
17 1612 14509 130 295279
18 1617 2073 67 22724
19 1787 6989 75 249269
20 1874 5519 117 553140
21 2083 21365 32 129811
22 2230 6973 87 357516
23 2247 9005 99 479313
24 2258 4951 60 69324
25 2409 2732 18 2569
26 2554 6427 92 173276
27 2574 8320 44 60038
28 2620 3082 41 5650
29 2664 6506 87 151513
30 2671 3599 62 20933
31 2718 6745 6 12158
32 2813 3733 55 14528
33 2877 11223 105 491145
34 3226 3790 60 10609
35 3247 21631 4 20679
36 3575 4922 112 84362
37 3708 5027 138 120327
38 3779 4420 35 18687
39 3969 9310 48 182274
40 4182 4646 54 9144
41 4197 7668 8 18251
42 4450 12874 22 240884
43 4453 5247 4 1701
44 4562 8967 14 14693
45 4563 10624 29 56359
46 4600 5477 137 65075
47 4692 4813 70 3682
48 4697 5687 36 21520
49 4772 5864 61 47277
50 4879 6712 18 15685
51 4888 10678 115 762654
52 4955 5481 144 28100
53 5054 6157 92 155039
54 5067 7765 58 69112
55 5192 7925 56 80708
56 5209 7172 124 31195
57 5363 11683 73 312807
58 5441 7030 14 11072
59 5482 25166 113 1222146
60 5632 9424 56 98890
61 5740 9916 52 71000
62 5764 11931 5 12291
63 5772 7580 14 24174
64 6085 8247 72 37530
65 6108 8915 90 175527
66 6367 8263 15 12327
67 6428 17564 6 56081
68 6552 12961 38 185309
69 6592 10597 7 14479
70 6843 7739 122 44326
71 6845 8134 42 22224
72 7082 11927 81 274162
73 7324 14185 35 130946
74 7554 12062 12 25135
75 7693 11094 82 93579
76 7729 8057 98 12993
77 7821 9724 46 29910
78 7952 11319 56 223210
79 7988 12354 65 154193
80 7993 14909 124 158373
81 8009 14044 34 86218
82 8139 16858 77 405968
83 8440 8446 22 196
84 8649 11069 36 43480
85 8676 8682 10 24
86 8729 9702 15 5715
87 8796 21865 4 13005
88 8844 12628 37 55551
89 8954 11377 113 52756
90 8960 11624 94 190259
91 9057 12899 50 63023
92 9165 15109 13 21156
93 9168 14904 44 132486
94 9245 22339 68 818694
95 9288 13594 134 198391
96 9295 14678 12 51185
97 9508 10182 97 113913
98 9710 10138 54 17968
99 9824 9989 29 4649
100 9918 11262 48 29858
101 10169 12718 60 139982
102 10193 16786 141 566685
103 10634 11593 6 2282
104 10724 10878 72 7615
105 10777 22381 133 372402
106 10808 23619 20 69318
107 10814 15070 74 199357
108 10817 18818 38 89780
109 10890 13122 7 5737
110 10934 17469 13 52942
111 11030 16584 44 113276
112 11043 13095 87 120416
113 11101 13567 42 124656
114 11148 15634 33 57316
115 11232 16102 14 16460
116 11320 13554 22 29387
117 11374 29851 43 302286
118 11487 11574 119 4937
119 11582 13429 37 28080
120 11654 15057 14 8290
121 11724 13477 28 11048
122 11763 12265 54 5858
123 11893 12045 60 11532
124 12133 13214 103 13979
125 12155 19310 7 11746
126 12256 20992 54 173665
127 12282 12482 129 15777
128 12327 19470 65 134148
129 12366 17008 5 10186
130 12400 16852 38 65698
131 12464 14020 6 6313
132 12557 12912 14 6793
133 13191 14531 78 100653
134 13194 15430 65 64117
135 13360 13943 14 2949
136 13395 28547 74 374824
137 13655 17068 13 9897
138 13710 15008 39 14086
139 13803 15421 113 78682
140 13938 14988 6 3419
141 14007 15914 9 5730
142 14025 14210 14 2081
143 14233 18061 118 122015
144 14489 16253 8 8186
145 14829 17488 91 96735
146 14944 20907 7 13915
147 14959 31242 44 243279
148 14989 18136 124 165051
149 15044 18455 23 52602
150 15079 29937 89 317935
151 15116 15448 108 11399
152 15264 16230 74 21125
153 15452 22540 73 85836
154 15504 21063 122 616711
155 15538 16060 11 3165
156 15713 16845 7 5609
157 15927 16275 62 18427
158 16036 49539 90 1019281
159 16049 17272 12 4759
160 16172 22134 60 172373
161 16184 16295 58 9779
162 16381 27146 61 374005
163 16456 18066 22 23993
164 16471 17412 82 31550
165 16488 19252 6 6693
166 16542 17305 27 10696
167 16654 17519 69 53028
168 16763 17411 5 994
169 16836 21995 38 126611
170 16935 33747 4 17336
171 17048 19158 85 190172
172 17066 17970 69 49101
173 17089 17989 5 705
174 17375 20059 5 14008
175 17567 29357 74 390369
176 17624 25137 28 101346
177 17673 19065 71 78053
178 17800 18063 99 29962
179 17884 22109 62 168977
180 17893 18782 132 66786
181 17913 18397 114 15936
182 17986 19457 5 6216
183 18026 20741 94 183950
184 18124 18774 100 53498
185 18454 20154 46 21160
186 18639 21524 76 213468
187 18656 27921 62 135932
188 19106 23011 55 66627
189 19206 25390 95 335125
190 19246 26179 105 238212
191 19370 20785 39 37893
192 19413 21841 6 3369
193 19575 32425 30 290985
194 19749 27265 130 760665
195 19789 22518 65 40206
196 19889 27137 121 261539
197 20047 21366 20 7269
198 20074 20960 25 10868
199 20176 26216 51 260767
200 20274 24723 37 113278
201 20279 20353 55 1152
202 20337 30009 35 106653
203 20515 26873 13 62214
204 20580 24377 83 144187
205 20585 21762 42 18013
206 20718 25595 11 45958
207 20773 22492 10 10847
208 20902 24568 16 63138
209 21005 22714 76 149148
210 21065 21460 45 9740
211 21135 24519 82 65747
212 21232 25768 80 556735
213 21346 27525 51 374445
214 21440 21547 43 5437
215 21490 25999 14 38943
216 21514 23812 8 5901
217 21574 21954 123 24078
218 21658 26040 15 29289
219 21676 22288 38 4442
220 21722 25611 91 358110
221 21746 21896 9 835
222 21768 22915 7 4375
223 21811 51684 29 273885
224 21827 22146 35 6288
225 21968 25800 104 191280
226 22001 24333 9 7513
227 22040 23865 108 137774
228 22177 43247 54 227106
229 22346 22919 122 38688
230 22367 23867 71 37586
231 22418 31370 27 115130
232 22886 26088 49 32650
233 22923 25107 120 130588
234 22939 25494 66 55311
235 23032 27207 146 379750
236 23056 29123 27 260773
237 23066 36354 16 59558
238 23173 23381 14 2141
239 23206 36839 56 490817
240 23283 23393 40 1621
241 23331 26628 54 125069
242 23608 24461 109 58847
243 23650 25610 39 67163
244 23773 24618 13 2681
245 23984 26554 110 250549
246 24036 28354 20 50698
247 24119 33897 100 500866
248 24389 30015 125 199475
249 24445 37032 60 507553
250 24451 25136 39 8908
251 24460 31583 49 217512
252 24462 29159 21 18825
253 24475 26676 100 128594
254 24595 26866 71 44865
255 24638 26221 135 93286
256 24652 26706 35 74355
257 24987 27105 73 45936
258 25068 29889 70 62810
259 25077 31952 79 84923
260 25224 28421 79 73938
261 25358 28954 113 181217
262 25371 28722 14 37508
263 25416 36257 99 508615
264 25568 26331 53 41754
265 25593 27876 12 12846
266 25625 28087 5 8211
267 25641 26927 36 39409
268 25929 26610 144 152544
269 25972 26168 55 3901
270 25975 33652 135 196600
271 26029 29640 101 178666
272 26048 28104 6 5720
273 26098 33168 34 81390
274 26105 27875 8 7773
275 26136 33021 55 108824
276 26593 27018 39 10643
277 26622 35386 74 293845
278 26657 27838 30 67227
279 27008 28088 8 6078
280 27045 31950 104 257785
281 27049 41324 13 43336
282 27243 30269 89 111081
283 27442 31425 105 155743
284 27511 29781 58 66326
285 27541 29438 42 43599
286 27606 29449 57 61324
287 27727 30784 79 68290
288 27797 31512 101 109512
289 27821 28816 110 73872
290 27822 32392 37 58454
291 27825 32637 6 18873
292 27826 30821 88 202951
293 27846 43460 7 44845
294 28242 36943 90 153410
295 28339 28562 78 7742
296 28343 32033 60 86998
297 28441 35924 148 631956
298 28461 32980 20 16211
299 28503 36712 89 277439
300 28564 33710 125 390930
301 28697 30047 125 43539
302 28771 30536 89 69687
303 28772 29158 141 29542
304 28916 30132 8 11363
305 28968 30855 12 14789
306 29082 29383 6 1206
307 29107 29260 46 5480
308 29108 48933 45 247445
309 29126 34017 60 56700
310 29353 29855 4 831
311 29444 29782 42 7938
312 29483 34222 150 745710
313 29646 40656 58 155401
314 29902 31861 26 21459
315 29989 45039 124 1600090
316 30022 32717 30 38527
317 30074 36051 118 309419
318 30077 38193 7 18103
319 30228 32839 38 36316
320 30330 34619 5 7512
321 30334 31027 4 1460
322 30501 32790 121 101391
323 30539 32047 12 36132
324 30630 31355 139 63693
325 30661 31058 14 2208
326 30674 30732 11 178
327 30683 32190 61 33545
328 30856 33744 6 4961
329 30977 35309 90 135205
330 30982 36422 19 29732
331 31047 32898 50 30155
332 31089 35753 19 44743
333 31163 38656 6 30463
334 31197 33737 23 18572
335 31348 31450 14 846
336 31354 37971 68 411567
337 31664 40483 42 77741
338 31673 32017 83 12264
339 31704 41395 141 1233110
340 31751 35838 5 9569
341 31767 32374 127 54286
342 31827 33964 91 64727
343 31862 32688 80 7935
344 31875 38866 124 273173
345 31884 38911 12 34705
346 31886 33182 74 130123
347 31949 34612 58 36752
348 31958 32035 93 8367
349 32019 34314 74 92641
350 32020 32586 67 33094
351 32212 36202 27 39084
352 32325 38610 83 140043
353 32331 40929 95 276769
354 32424 36445 7 18014
355 32829 36131 110 173369
356 32844 35304 67 93211
357 32922 33781 118 45119
358 32924 33356 9 1069
359 32953 37703 69 103956
360 33169 34371 115 41109
361 33241 36952 68 308435
362 33253 39969 5 16133
363 33298 37485 41 62063
364 33317 35775 6 6794
365 33332 33660 133 33698
366 33440 34626 8 3442
367 33680 38077 115 115678
368 34181 51526 83 126464
369 34278 34558 146 52977
370 34297 35034 7 3543
371 34435 35425 122 44141
372 34472 41678 62 770272
373 34576 35273 61 35017
374 34618 43571 28 486273
375 34827 36795 117 86744
376 34833 37697 62 66749
377 34869 39612 46 44725
378 34887 39690 84 115392
379 34890 36350 92 100617
380 34913 35472 128 51028
381 35182 45793 41 157180
382 35303 44105 29 16435
383 35459 38316 116 337114
384 35525 37986 39 43842
385 35630 35764 47 4378
386 35686 40112 15 44621
387 35733 37496 130 70682
388 35790 38272 30 33945
389 35890 39831 44 146657
390 35906 37068 24 14078
391 36031 40794 12 25782
392 36186 40959 148 258313
393 36188 40547 125 497686
394 36280 36287 34 219
395 36430 41613 14 71328
396 36621 38207 100 133446
397 36662 36938 22 4571
398 36776 39548 37 72549
399 36928 41715 71 100611
400 36945 38818 57 46351
401 36990 38369 27 18056
402 37269 47351 30 89109
403 37353 38875 49 46249
404 37375 39878 83 108843
405 37442 39088 31 11321
406 37645 39384 38 77814
407 37770 38629 4 1526
408 37786 41820 54 63158
409 37809 47101 78 201875
410 37858 39788 90 71391
411 38052 44921 78 95299
412 38055 45998 7 8412
413 38083 41109 145 147065
414 38307 39067 94 28493
415 38361 41186 122 270685
416 38366 42293 9 19150
417 38388 41767 43 141281
418 38394 42266 101 205818
419 38417 39138 104 26859
420 38555 46016 12 45160
421 38707 44373 8 16637
422 38779 39285 91 35729
423 38890 43641 117 167532
424 39023 54793 73 281055
425 39189 45128 15 55160
426 39301 43204 54 137811
427 39338 42134 21 20334
428 39920 40003 9 391
429 40214 43587 9 20924
430 40233 47255 12 49933
431 40262 40849 142 27756
432 40306 43029 34 71149
433 40310 53658 100 487892
434 40535 41933 22 30104
435 40592 42571 32 46359
436 41112 41147 109 1935
437 41254 45988 59 93381
438 41331 42582 15 6129
439 41384 52046 112 113848
440 41477 59838 75 168963
441 41513 43874 147 203103
442 41650 42348 6 2503
443 41661 45047 51 106472
444 41675 45548 12 18113
445 41911 50854 76 1037745
446 41937 48969 21 32124
447 41954 45260 46 41112
448 42092 48397 91 509403
449 42203 44174 16 11843
450 42314 47469 37 195013
451 42318 42955 6 1854
452 42411 44901 57 92662
453 42434 55304 25 37034
454 42652 53175 116 601713
455 42671 44198 62 54896
456 42911 46356 57 179756
457 43026 58237 17 97136
458 43111 43146 76 2042
459 43198 43277 53 2705
460 43219 44648 18 15339
461 43526 45190 101 55044
462 43632 48612 14 24987
463 43654 44210 114 62798
464 43810 46017 112 230998
465 43953 48730 30 61795
466 43966 44050 141 5765
467 43990 45356 26 10252
468 43997 44285 97 12872
469 44029 45876 13 16787
470 44172 48090 120 200491
471 44173 54207 47 118102
472 44297 48821 64 157434
473 44400 45099 62 29242
474 44524 47526 45 56811
475 44599 45908 41 28209
476 44647 50928 62 161030
477 44662 55159 5 11041
478 44705 45571 23 10558
479 44755 47395 64 76555
480 44779 45434 33 11975
481 44791 44801 19 233
482 44903 46430 66 30351
483 44936 45542 87 25216
484 45147 46133 22 3810
485 45282 45290 97 294
486 45395 51150 64 377864
487 45464 49989 63 126188
488 45572 55922 139 1372701
489 45591 48735 111 116379
490 45593 67467 12 48839
491 45684 46225 12 4515
492 45787 46229 125 44567
493 45808 46496 58 16534
494 45836 48737 141 273813
495 45978 46328 103 13478
496 46031 47447 47 18791
497 46081 55959 108 322888
498 46189 47895 33 17269
499 46272 54910 21 69852
500 46367 47001 57 24183
501 46531 51577 47 91337
502 46602 59866 41 152181
503 46674 97120 37 1277711
504 46691 49276 65 180275
505 46724 52310 101 641052
506 46729 47541 40 11893
507 46861 48916 27 9884
508 46907 49378 29 16216
509 47092 47718 90 68624
510 47262 48225 7 1725
511 47324 52131 93 368418
512 47358 48107 5 922
513 47375 59259 76 1188351
514 47510 51196 47 43616
515 47570 48072 80 32251
516 47603 49255 23 11188
517 47637 61888 25 89041
518 47680 48288 96 46303
519 47752 51325 65 70639
520 47788 48173 15 2929
521 47917 51580 20 36199
522 48050 59173 128 502866
523 48101 48867 12 5180
524 48139 59994 47 244217
525 48246 54939 73 208479
526 48353 49080 67 38857
527 48417 48847 140 43375
528 48863 50776 23 14880
529 48903 54384 24 56110
530 49078 49906 32 21275
531 49125 52136 6 12436
532 49169 54610 27 18470
533 49293 53822 35 62806
534 49298 50336 59 20243
535 49403 62645 11 26784
536 49569 56608 8 29499
537 49633 52276 75 69861
538 49639 51645 42 71580
539 49819 51818 30 31503
540 49992 63610 16 92775
541 50055 51860 6 10762
542 50094 59374 121 592959
543 50116 51983 112 265958
544 50192 52886 98 118911
545 50194 50554 13 3066
546 50225 56547 75 392080
547 50521 51210 16 7153
548 50599 61266 52 88355
549 50601 52070 57 53524
550 50616 52901 52 24371
551 50629 60395 112 337233
552 50647 55003 38 86099
553 50961 55543 146 69859
554 50969 53160 53 12970
555 51184 58510 51 127934
556 51691 61663 32 105647
557 51856 62945 108 352900
558 51970 55136 6 10765
559 52162 54101 34 58117
560 52211 56938 83 278023
561 52523 52928 101 15966
562 52555 72135 91 376636
563 52589 54978 24 33191
564 52615 61584 112 288564
565 53024 53572 88 36891
566 53127 55576 136 53647
567 53222 54231 34 28617
568 53243 59267 37 48231
569 53405 58254 90 297414
570 53460 54020 33 4826
571 53554 53647 133 18123
572 53581 55518 22 24355
573 53587 57919 20 59395
574 53688 53710 16 230
575 53957 56260 97 55053
576 54265 70054 26 130614
577 54274 58485 108 67112
578 54435 57430 21 35431
579 54452 60150 67 320829
580 54852 59649 55 148659
581 54895 59672 96 152481
582 54962 57681 51 67470
583 54997 60775 32 71627
584 55059 64704 51 96580
585 55107 55419 115 34438
586 55296 57658 18 11477
587 55520 58602 6 5748
588 55651 59671 87 216312
589 55684 60628 17 8288
590 55981 58127 71 70278
591 56028 60626 78 43483
592 56181 58287 24 23225
593 56287 57988 30 25604
594 56396 60598 6 7143
595 56467 56976 6 1132
596 56531 58351 35 13845
597 56571 58973 54 47377
598 56778 56825 48 1703
599 56785 68229 45 338745
600 56835 57335 106 23115
601 57066 60345 144 90600
602 57089 64054 45 112181
603 57159 67311 117 367380
604 57162 61642 40 80568
605 57203 60783 6 9851
606 57210 58230 78 13761
607 57235 60046 19 55282
608 57331 59520 120 93105
609 57568 63750 39 79452
610 57639 57677 67 1997
611 57764 62409 34 75457
612 57784 58447 12 3644
613 57885 61867 69 54458
614 57933 65339 21 58791
615 58251 63911 71 180060
616 58321 59783 15 11678
617 58508 60173 131 60637
618 58804 66433 30 94681
619 58914 66822 8 40496
620 58968 61119 13 18096
621 59018 60841 30 21482
622 59063 62175 126 128328
623 59082 59489 13 2842
624 59133 60942 51 22363
625 59152 68260 22 138261
626 59525 62780 91 97665
627 59557 61402 17 4683
628 59766 62767 72 134979
629 59901 60627 34 16624
630 60018 62864 86 130553
631 60380 70370 82 256402
632 60403 63404 30 15837
633 60442 69609 12 26024
634 60660 61510 73 73812
635 60821 61021 10 1473
636 60840 72630 13 111085
637 60861 62562 43 9447
638 60874 62406 79 65685
639 61058 61065 83 248
640 61135 67379 13 43225
641 61141 67999 136 691314
642 61237 66741 33 100718
643 61324 62627 71 47556
644 61329 61525 47 6149
645 61483 62283 6 1970
646 61558 72909 129 359452
647 61773 62208 110 28133
648 61783 62397 18 4646
649 61814 64661 4 4352
650 61861 68755 16 20764
651 62019 67490 30 267719
652 62094 66946 8 7214
653 62180 64257 7 9864
654 62321 62433 146 9230
655 62565 65483 108 137217
656 62707 64463 34 8829
657 62774 63730 75 66080
658 62784 65283 66 109500
659 62905 67042 13 23817
660 62969 65367 112 83983
661 62975 65199 117 442339
662 62991 69302 6 12928
663 63053 64256 23 11037
664 63432 74576 86 266390
665 63745 68630 81 247439
666 63749 69935 31 52197
667 63866 68435 18 56167
668 63986 66031 44 53034
669 64097 68988 96 397905
670 64117 67007 19 13422
671 64170 81787 96 639746
672 64381 67946 51 40630
673 64382 64418 72 2223
674 64449 65296 18 16842
675 64599 76255 36 120055
676 64651 68108 81 331202
677 64731 72952 20 12905
678 64757 79722 49 267676
679 64802 68820 95 157266
680 64822 65615 58 12996
681 64830 65519 114 55464
682 65182 67955 85 171475
683 65320 65392 40 8832
684 65563 71458 90 221294
685 65665 68131 47 66247
686 65762 70645 109 107078
687 65773 70173 74 346691
688 65851 67841 54 43131
689 65974 68704 49 78666
690 66246 71555 9 26851
691 66365 78031 16 22176
692 66508 67181 24 11903
693 66556 80257 108 406010
694 66586 72204 119 354679
695 66808 68363 5 2481
696 66817 67602 112 144369
697 66839 68110 78 74825
698 66881 77241 60 1146486
699 66895 67269 150 61980
700 66909 73774 123 928113
701 66945 67701 130 46827
702 66956 74504 30 70255
703 67013 72705 60 160420
704 67041 84653 52 241699
705 67135 71973 37 35699
706 67220 73472 33 77500
707 67309 69997 147 117799
708 67515 70060 135 112382
709 67518 76738 92 596125
710 67685 68611 58 68069
711 67724 68067 66 16993
712 68018 74740 4 10125
713 68163 71585 49 50845
714 68219 78182 99 490056
715 68234 71809 44 86380
716 68241 77572 42 234843
717 68251 72809 135 119184
718 68283 69438 20 27505
719 68296 70134 42 42876
720 68432 73487 112 202753
721 68440 69474 69 30074
722 68603 69881 12 14729
723 68719 74708 150 687588
724 68854 69699 144 49739
725 69170 76008 135 179567
726 69201 72392 80 102624
727 69203 70275 18 5381
728 69349 71876 20 28848
729 69465 74909 98 458858
730 69563 77996 6 17500
731 69592 78200 81 220860
732 69616 71225 131 245671
733 69710 70236 16 8389
734 69801 74316 48 62040
735 69844 72596 130 257832
736 70002 71722 32 49839
737 70009 75279 26 75889
738 70040 77250 84 153375
739 70042 70258 105 11481
740 70126 70639 16 7469
741 70253 74004 49 62425
742 70268 73523 78 228927
743 70353 72187 11 6538
744 70542 72805 43 72805
745 70569 72973 112 105317
746 70617 80374 73 404336
747 70815 72818 55 41681
748 70878 75584 108 111877
749 70925 82735 94 307972
750 70946 76931 6 9596
751 70953 76684 40 117207
752 70988 78773 6 26062
753 71028 76645 39 145461
754 71037 73058 27 38380
755 71039 73954 25 41891
756 71052 77915 55 272449
757 71292 82445 85 516228
758 71339 72956 6 13746
759 71450 71546 62 4058
760 71638 72112 41 13819
761 71656 74478 104 138301
762 71797 73075 105 39753
763 71887 82229 4 14809
764 71917 72230 89 76593
765 72008 72074 103 3404
766 72147 73849 57 29141
767 72568 74265 72 134611
768 72814 77661 112 380928
769 72913 74918 5 7401
770 72963 73713 53 54172
771 73022 80991 134 331573
772 73060 76766 33 30312
773 73427 75558 7 8314
774 73623 74914 18 26197
775 73645 85007 104 497054
776 73748 78052 6 21155
777 73978 74428 120 49143
778 74041 81700 7 13792
779 74049 84284 5 18290
780 74333 77285 67 64928
781 74364 76769 143 79811
782 74757 81784 104 391324
783 74793 76976 47 24138
784 74868 89363 56 307636
785 74933 77297 7 13066
786 75414 80580 37 57742
787 75579 85737 5 15531
788 75677 97335 121 1149826
789 75815 76422 24 5839
790 75996 92952 110 1017526
791 76179 80386 17 30938
792 76279 76664 124 14338
793 76364 78835 10 36597
794 76408 79415 34 31092
795 76504 78261 107 70403
796 76740 79675 52 77705
797 76903 78596 52 30945
798 77050 92170 107 480911
799 77096 87979 45 211104
800 77197 95334 11 206363
801 77334 85955 138 795104
802 77364 78736 24 22070
803 77403 79799 45 68468
804 77444 77974 125 42216
805 77465 77712 45 16680
806 77562 81205 125 92354
807 77610 78986 42 27161
808 77723 79775 34 24718
809 77751 94638 42 255626
810 77791 78595 76 59233
811 77868 83363 55 123911
812 78075 82623 37 146780
813 78426 85157 41 297278
814 78527 79502 38 19808
815 78549 95492 41 437214
816 78599 81690 43 41674
817 78725 82686 56 91510
818 78728 79997 78 27935
819 78818 78883 43 1247
820 78856 80806 53 78022
821 78928 84642 34 46912
822 78945 80600 32 28562
823 78973 81930 80 138526
824 79088 80508 4 4319
825 79151 85923 51 172199
826 79363 85650 5 24104
827 79389 84660 9 10510
828 79402 80853 65 19044
829 79435 85291 49 197410
830 79465 84551 69 95523
831 79486 92020 124 671906
832 79504 81228 143 152377
833 79647 80500 129 79159
834 79753 80125 122 33736
835 79780 81099 133 123525
836 79790 84835 6 28968
837 79884 83260 8 11303
838 79963 85927 112 220727
839 79975 81241 82 51329
840 80000 81654 87 53333
841 80233 81316 22 13414
842 80522 89044 5 7038
843 80595 87964 30 76467
844 80703 82019 9 8154
845 80764 81252 29 13858
846 80821 88218 131 527832
847 81274 92351 68 304898
848 81286 83349 6 2463
849 81348 83125 71 22622
850 81415 86125 95 264593
851 81494 81745 30 7255
852 81788 83365 38 13828
853 82000 90929 63 269968
854 82013 85876 29 42650
855 82060 82466 74 12386
856 82110 82920 64 39631
857 82146 90844 7 14433
858 82295 83201 119 40141
859 82558 91722 5 29117
860 83095 99431 21 98170
861 83186 87639 36 69483
862 83205 83496 139 33335
863 83271 83633 8 1183
864 83381 88108 105 247485
865 83615 93925 6 32571
866 83699 85352 137 81131
867 83787 87006 33 154647
868 83870 85415 9 7533
869 83902 84936 73 36751
870 83924 86566 107 153607
871 84110 84278 13 1367
872 84138 88939 4 10630
873 84238 96737 136 1786331
874 84369 91349 123 261698
875 84484 88515 84 159037
876 84609 99857 10 54343
877 84689 92064 63 645646
878 84693 91141 77 119683
879 84715 86456 143 73722
880 84943 85501 91 27062
881 84960 84995 109 1888
882 85009 85289 7 733
883 85027 87101 99 201977
884 85039 85885 60 38517
885 85086 90407 45 97634
886 85215 86122 86 81522
887 85343 95603 55 163062
888 85417 91087 10 17309
889 85735 92164 98 239793
890 85762 91631 117 454126
891 85921 91136 56 150062
892 86000 95200 4 19622
893 86024 87814 73 45211
894 86162 89499 45 52462
895 86289 91343 143 225813
896 86349 91763 59 127905
897 86745 88034 4 3323
898 86768 87896 136 105111
899 86857 91379 47 95730
900 86895 89587 29 51820
901 87217 88527 18 13546
902 87246 89406 80 35895
903 87346 88561 136 164044
904 87373 87587 54 5739
905 87585 88335 75 14795
906 87623 95146 39 147802
907 87670 91272 86 168634
908 87988 89253 120 51050
909 88088 89292 5 1908
910 88200 90245 12 17750
911 88379 93128 26 64623
912 88382 95219 53 172160
913 88532 94830 6 12585
914 88654 92960 91 93550
915 88693 90488 142 66139
916 88732 91603 141 174904
917 88957 89358 11 1521
918 89117 91082 81 39606
919 89140 94357 132 351908
920 89180 89549 123 47206
921 89203 93804 8 17244
922 89226 96471 36 30813
923 89329 90207 85 15209
924 89348 91040 148 104368
925 89403 91988 37 41007
926 89820 90725 139 79380
927 89843 90315 78 16817
928 89859 98050 104 309580
929 89907 90613 11 3121
930 90005 90540 27 8345
931 90062 90394 121 20316
932 90234 95402 91 706874
933 90258 93446 119 224163
934 90472 92106 51 20637
935 90898 97842 71 660402
936 91002 96013 60 177262
937 91012 91330 9 2093
938 91049 93163 31 15329
939 91122 91808 123 65398
940 91126 94327 23 13253
941 91524 92396 79 27461
942 91541 97359 133 238779
943 91837 92736 27 10677
944 91883 98209 23 53237
945 91899 91997 133 8274
946 92049 93051 58 21144
947 92089 92749 114 32201
948 92158 95076 5 2650
949 92220 96019 141 406704
950 92251 93029 23 8875
951 92343 94955 92 99301
952 92390 99341 135 455484
953 92450 97555 71 96628
954 92546 98670 140 178722
955 92577 93850 16 4642
956 92630 98613 16 83539
957 93039 93565 23 5736
958 93383 97003 144 216088
959 93437 97446 108 159297
960 93556 95641 23 19172
961 93752 95394 70 37827
962 93846 95609 22 9790
963 93935 95264 41 12775
964 93975 95452 26 11495
965 94043 99829 28 21188
966 94148 96622 140 404065
967 94232 94698 10 2043
968 94233 94888 104 11707
969 94424 94453 11 147
970 94579 95116 144 80149
971 94680 95139 15 7215
972 95215 95507 40 8191
973 95228 96875 5 3696
974 95230 95545 17 2168
975 95384 98873 28 34973
976 95568 95772 100 5392
977 95584 96427 51 27412
978 95620 96850 84 61748
979 95703 97429 20 41161
980 96069 99053 92 103263
981 96292 97497 117 127358
982 96334 99406 10 15400
983 96398 99930 105 120147
984 96483 96616 55 5335
985 96545 97963 48 23836
986 96925 97856 60 18382
987 96934 99737 40 87040
988 96939 98703 17 15662
989 97368 97862 76 29317
990 97433 98163 62 20717
991 97709 97772 66 2550
992 98186 99596 129 85567
993 98438 98647 95 7325
994 98935 99904 9 5047
995 98973 99506 53 8013
996 99028 99040 115 380
997 99148 99161 7 67
998 99253 99781 8 5180
999 99261 99891 97 8019
