50 1000 0.023
...##...##.................#####.........#........
.#..###.##.###...............###........###.......
##...#...#..............#.#.......##....#.#.......
###......#............#####........##.............
.....................##...#...#...................
.........#..........#.#......#.#...##.#...........
.........##.........##......###.####.#............
.........##.........##.......####..#..............
..........#..........#.........##...............#.
........................##.....#...............###
.......#.............######....#...............###
.......##..............#.......#..............####
......###.#......................#.###.....#..##..
.....##.#.##.......#####.......####.#.....##......
......#....##.......#..#.........##........###....
......##.###...........###......#........######...
.......##.#....#.......#.#...####........##..#....
.......#.......##.......###.........#....##.......
....#..#................##.........###....#.......
....#..................##.........................
.......................###.............##....#....
.................#..#...................#....##...
.........#......##..#......#.....#....##......#...
..............###.#.#......#....####.##...........
.....##...#....#####...###.#.....##...#...........
......#.###......##....###...........##.#.........
...#.##.##...#....#..................####.........
..###......###....#..................#.####.......
............##.......................#............
............##....##................###...........
.##....#..####....#...#............####...........
###....###..##.......##....#........##............
#....................####...#....#................
.........##.............#..###...##...............
.........##.......##.......##....##...............
#........#.........#..............####............
##......###....##....##............###............
.#.......##.......................##..............
##.......##......#...............###..............
..........#......##................##.............
.......##.##.....#................................
...##..####....####...............................
...##....#.......#..##...............#............
...#....###.........##...............#............
...................##................##..........#
.###.................##.......#......#...........#
.##................#####...####..................#
.##................#.#....###.#...###..#..........
..................######....##....#.#..##.....##..
...................###......................###...
0 140 1773 47 58253
1 202 1048 111 37481
2 228 3534 88 93138
3 334 1164 23 10819
4 503 770 27 5525
5 514 2687 109 116268
6 604 1487 48 29916
7 702 4252 28 172012
8 747 788 8 384
9 815 2861 93 37010
10 868 6805 12 22775
11 953 1707 81 21669
12 973 2582 87 74965
13 993 2022 27 7511
14 1029 2548 4 4859
15 1071 3139 48 17123
16 1072 1740 35 15505
17 1147 2181 15 8459
18 1346 4144 94 63662
19 1446 2142 31 19811
20 1619 2827 97 78510
21 1789 1987 40 9820
22 1861 2290 5 842
23 1872 3762 7 7769
24 2016 4351 129 154502
25 2069 2447 134 83500
26 2289 9554 25 72970
27 2298 2993 39 12199
28 2336 5487 14 28376
29 2401 8753 136 164420
30 2433 6107 4 1772
31 2468 9051 45 133064
32 2505 3599 13 8375
33 2607 2968 26 4497
34 2686 4689 76 152997
35 2786 2983 8 1954
36 2790 4478 79 46847
37 3023 3445 16 2016
38 3037 9884 110 244823
39 3143 7178 23 41704
40 3247 9961 6 23104
41 3262 6049 50 108530
42 3294 3837 143 20883
43 3326 3432 33 699
44 3495 5481 15 27533
45 3658 5845 20 24125
46 3693 8992 20 24016
47 3716 7550 17 47865
48 3727 4168 10 2227
49 3733 10362 10 23898
50 3997 8314 39 149779
51 4044 5843 9 3754
52 4051 6948 27 43587
53 4098 5852 6 7139
54 4112 6477 133 224602
55 4179 7773 50 133721
56 4216 6330 7 8948
57 4340 5793 115 302729
58 4403 9522 40 166125
59 4419 5871 85 62022
60 4439 6300 18 32408
61 4470 6034 138 130246
62 4476 6246 11 13386
63 4636 6814 56 83373
64 4916 6041 103 94290
65 4949 6500 136 123787
66 5280 7271 57 23809
67 5410 5461 40 1469
68 5540 8031 62 63708
69 5580 6606 59 37172
70 5800 6214 35 5737
71 5886 6302 139 91780
72 6015 8484 34 55086
73 6056 7116 74 60369
74 6271 7459 73 86019
75 6343 6943 4 536
76 6467 8702 47 56569
77 6776 10377 47 129108
78 6886 7937 79 27451
79 7193 13308 47 129092
80 7302 8682 24 10310
81 7331 8414 29 45451
82 7335 9276 5 5705
83 7427 14322 73 399392
84 7517 11119 61 114896
85 7540 7577 67 793
86 7630 8795 6 7229
87 7787 9153 94 48393
88 7792 10287 21 84607
89 7847 12504 9 22010
90 7924 7956 21 1256
91 8149 14157 20 42996
92 8329 8825 111 30802
93 8369 13183 52 32711
94 8411 11076 91 48613
95 8662 9085 55 12365
96 8695 9261 17 3714
97 8771 13604 29 81199
98 9091 16314 142 334684
99 9274 11583 26 33675
100 9398 11683 100 177239
101 9409 9868 106 20029
102 9479 12915 124 330581
103 9591 14991 141 333233
104 9744 15172 31 48232
105 9805 9827 122 2754
106 10071 17535 21 49616
107 10095 14014 4 8153
108 10192 20285 86 181909
109 10280 12124 13 14560
110 10327 11140 106 132325
111 10428 14458 6 16027
112 10438 14490 97 122370
113 10502 10689 62 3043
114 10516 11531 22 6907
115 10582 11091 5 1136
116 10826 11876 144 146523
117 10985 11785 4 1518
118 11225 12840 100 38901
119 11305 13246 49 44644
120 11327 13170 61 76844
121 11500 12473 138 32021
122 11504 12599 22 25775
123 11541 11980 65 13670
124 11568 20026 71 455093
125 11644 13787 29 15412
126 11670 17448 18 121705
127 11679 19254 27 285746
128 11690 15340 9 10801
129 11816 13520 7 9481
130 11900 16403 95 122650
131 11955 15179 77 33002
132 12028 13139 70 50530
133 12035 16242 11 6634
134 12136 15806 145 279764
135 12165 13417 107 18851
136 12176 12491 148 14143
137 12401 12602 8 1720
138 12403 14337 75 124929
139 12411 13059 14 4269
140 12608 15655 80 101874
141 12983 19141 27 159604
142 13010 14003 88 21428
143 13203 15315 105 88460
144 13260 14013 104 70824
145 13371 15126 6 9688
146 13439 13493 31 1439
147 13677 14160 112 19092
148 13724 17504 84 233350
149 13755 14428 115 22029
150 13781 14320 103 13240
151 13822 14679 15 6073
152 13888 14645 46 17631
153 13909 14766 9 5109
154 13973 16697 9 11326
155 14175 17299 6 8642
156 14209 15469 106 105998
157 14255 17233 64 125638
158 14311 14832 140 62286
159 14351 15182 8 2890
160 14742 16347 114 98971
161 14787 14810 51 1504
162 14813 15373 145 18904
163 14868 17283 70 45799
164 14875 16454 124 74580
165 14996 16675 93 149777
166 15176 29844 104 477739
167 15203 16176 59 32865
168 15363 16275 95 91630
169 15410 30057 9 70854
170 15412 21559 136 206530
171 15419 17345 44 27697
172 15499 16949 131 136156
173 15560 23216 32 116128
174 15871 21659 36 73163
175 15881 18300 102 129491
176 15957 18125 17 33235
177 15962 17884 19 7166
178 16227 16459 73 7326
179 16332 19450 71 106535
180 16534 16595 34 1368
181 16575 18665 86 60651
182 16576 19836 68 93247
183 16820 17734 14 5517
184 16828 18293 29 10175
185 16831 17713 37 30110
186 16860 19460 78 219760
187 16934 20169 50 30190
188 17502 18094 31 13629
189 17559 20190 5 10347
190 17563 19134 90 227991
191 17603 19148 32 45970
192 17788 17994 49 2203
193 17805 19333 96 57658
194 17947 22922 15 20834
195 18021 19135 136 120758
196 18046 19649 149 135341
197 18279 18573 44 11602
198 18451 19627 99 159145
199 18712 19059 81 9506
200 18765 19147 9 1916
201 18874 20116 15 9455
202 18919 22458 10 23848
203 19297 23407 13 25502
204 19398 29890 66 230812
205 19472 22566 134 125088
206 19502 20765 28 7879
207 19531 21639 13 11098
208 19671 21620 29 23298
209 19691 19762 21 1319
210 19778 21230 41 46054
211 19851 22351 39 38259
212 19955 21752 81 69961
213 19960 20174 127 11017
214 19977 21134 129 80079
215 20138 23094 30 109152
216 20159 22746 64 146477
217 20246 29836 14 55975
218 20275 24041 94 129264
219 20490 21135 22 5977
220 20531 21622 125 96671
221 20637 20901 130 21364
222 20753 21254 112 17685
223 20989 22239 7 7504
224 20993 21678 79 20668
225 21112 23830 59 79426
226 21180 22058 5 3824
227 21202 23838 22 23869
228 21215 22975 109 28541
229 21316 21377 41 1385
230 21396 21979 44 18450
231 21429 21459 30 440
232 21465 21755 72 4285
233 21506 21825 10 1089
234 21543 21734 13 1633
235 21561 21746 122 9167
236 21658 22632 65 49958
237 21661 22160 6 1388
238 21665 21977 6 807
239 21677 24898 6 2991
240 21702 22304 99 11484
241 21748 21976 122 11925
242 21751 22410 13 5236
243 21775 24630 88 136132
244 21815 22127 133 87181
245 21922 23138 26 15759
246 22122 23853 59 49892
247 22189 33606 46 837825
248 22487 22901 132 45324
249 22519 24760 38 21869
250 22590 24769 53 44623
251 23308 24461 28 19034
252 23380 23489 87 6785
253 23384 28647 70 190080
254 23505 27161 8 7093
255 23842 25865 7 10762
256 23988 24450 78 24070
257 24030 25086 28 19118
258 24198 24652 89 21522
259 24379 24536 59 5769
260 24390 25015 7 755
261 24399 25930 13 23599
262 24494 26647 134 172785
263 24525 29460 13 72099
264 24643 27133 21 22163
265 24686 25064 68 30672
266 24770 25152 16 3324
267 24787 25055 33 7100
268 25066 26888 7 5834
269 25179 30959 105 225071
270 25327 26356 40 53817
271 25328 27324 19 60511
272 25393 28233 50 38062
273 25405 28184 26 35765
274 25406 28943 45 56214
275 25411 26510 105 58700
276 25420 26080 120 65557
277 25467 30201 6 3328
278 25700 25711 48 337
279 25705 27822 36 25223
280 25757 31544 7 16099
281 25775 26436 108 44541
282 25785 28750 39 39787
283 25815 26303 7 4259
284 25980 28712 9 8227
285 26054 27236 79 71360
286 26089 27938 34 7622
287 26144 27789 51 43022
288 26158 35075 149 486145
289 26207 26961 5 1369
290 26278 27358 20 14418
291 26362 27084 148 60575
292 26375 26977 20 7092
293 26467 29232 9 15808
294 26581 30851 58 189898
295 26584 32232 56 101765
296 26606 26971 57 9464
297 26649 29666 126 222291
298 26718 27971 7 5251
299 26872 28871 130 138773
300 27019 27390 79 19153
301 27184 27986 87 8016
302 27212 31666 4 9652
303 27416 32722 40 75594
304 27490 28733 128 57417
305 27637 34294 57 197308
306 27798 28043 113 9513
307 27813 35669 10 80086
308 27878 30738 17 47304
309 27879 33178 81 460720
310 27883 29619 6 17058
311 27968 28689 11 7682
312 28018 28991 8 5021
313 28267 29605 48 27105
314 28472 29924 14 7530
315 28486 30483 27 28426
316 28715 32004 22 49656
317 29077 30116 67 26564
318 29208 29812 60 23370
319 29397 33726 6 9496
320 29417 29870 109 20300
321 29637 30797 140 90858
322 29643 31244 80 78981
323 29769 37250 6 13920
324 29877 31920 28 36995
325 29896 30923 8 6475
326 29961 30204 45 6596
327 30021 30330 14 4796
328 30077 30450 10 1736
329 30299 32771 74 215735
330 30381 31902 19 20719
331 30520 32032 58 35896
332 30522 32769 74 106490
333 30642 33739 42 62486
334 30727 31018 11 2295
335 30741 32579 66 89991
336 30839 31646 13 3837
337 30887 35572 107 180961
338 30993 35730 72 133837
339 31282 32604 6 2753
340 31290 32468 79 85656
341 31405 32286 15 9427
342 31466 32356 14 4442
343 31560 36643 145 254346
344 31584 31607 57 1646
345 31613 35011 65 41673
346 31619 33011 13 5229
347 31629 32962 9 8465
348 31894 33665 48 89167
349 32293 33620 109 41126
350 32336 32658 83 13375
351 33253 44063 113 531259
352 33287 33924 29 8327
353 33357 39256 73 252460
354 33363 34376 55 27890
355 33379 37112 35 63606
356 33576 35397 84 49455
357 33579 39418 29 214373
358 33669 40243 124 422620
359 33686 34602 135 49109
360 33696 34910 13 6377
361 33798 37068 49 43605
362 33919 37656 59 87843
363 34530 36301 17 19565
364 34705 40816 43 71265
365 34897 36821 49 49268
366 35682 36629 80 119305
367 35846 40559 50 228321
368 36243 38805 109 140766
369 36367 36577 114 17049
370 36406 37691 77 23436
371 36474 38001 113 170222
372 36713 37361 66 24547
373 36771 36914 34 1260
374 36803 38040 121 143156
375 36829 38714 18 50410
376 36916 38317 17 21955
377 37516 38067 64 50444
378 37524 41543 23 92588
379 37549 38727 121 66473
380 37570 37573 7 35
381 37635 37703 142 2594
382 37891 40169 16 42689
383 37961 40567 31 39870
384 37982 38743 85 32840
385 38005 38263 10 2266
386 38248 38516 30 1361
387 38474 40425 24 21060
388 38525 41999 128 125654
389 38586 38741 45 4208
390 38839 39926 40 6709
391 38859 39774 84 31557
392 38938 41822 63 204616
393 38996 39223 6 1097
394 39079 39122 89 5287
395 39170 40254 52 7976
396 39172 41805 111 279340
397 39193 41204 57 31515
398 39320 46329 5 16447
399 39343 41731 131 295220
400 39365 40495 8 1494
401 39479 39735 91 8647
402 39661 40955 117 17920
403 39869 45297 5 9456
404 40121 41957 20 11755
405 40135 46595 56 78051
406 40167 40342 130 19044
407 40185 42826 71 118928
408 40367 46554 21 75283
409 40476 44968 4 6378
410 40525 43756 119 209962
411 40549 42749 79 95922
412 40721 45198 91 284746
413 40725 41208 94 14555
414 40954 41628 45 20462
415 41048 44450 29 71783
416 41071 41642 90 15458
417 41344 42728 44 19844
418 41601 43111 14 6608
419 41652 42007 33 11851
420 41756 42380 76 13260
421 41843 50736 52 220519
422 41988 42740 97 29969
423 42308 43429 61 32017
424 42358 44601 25 26475
425 42393 48868 21 42327
426 42495 44928 5 9276
427 42720 45706 9 28024
428 42952 43336 23 1654
429 42992 43904 48 39878
430 43016 43493 40 12411
431 43019 44848 87 73911
432 43083 43699 68 23248
433 43091 43439 6 503
434 43146 43282 14 739
435 43270 43817 10 5985
436 43362 49253 24 71718
437 43466 43689 87 6778
438 43467 47955 140 263146
439 43502 46336 33 32973
440 43746 44138 58 19079
441 43800 46523 108 48716
442 43824 48269 41 95138
443 43911 45728 136 209474
444 44098 50516 142 329924
445 44278 52252 52 245173
446 44751 46707 13 15098
447 44814 46149 19 33644
448 44948 45824 25 16846
449 45153 45353 51 8954
450 45167 47325 71 54860
451 45174 45502 113 16452
452 45582 50613 92 116636
453 45597 46981 32 13052
454 45877 53955 26 203046
455 45892 46698 96 67369
456 45957 46021 71 2043
457 45994 49212 39 94768
458 46011 47126 99 55677
459 46137 47128 122 96608
460 46338 46797 12 5385
461 46360 47933 6 4547
462 46422 46968 35 10336
463 46515 47902 9 3379
464 46525 48173 27 10292
465 46546 46825 84 10748
466 46552 48256 45 18607
467 46599 51693 34 40957
468 46609 52171 42 169635
469 46630 47291 88 13353
470 47100 47558 115 17595
471 47160 47486 91 41310
472 47209 55413 6 17201
473 47324 51418 14 17659
474 47453 57607 6 47025
475 47478 50598 40 36104
476 47571 48473 8 3113
477 47607 50154 133 97127
478 47821 48351 6 1593
479 47967 49897 26 16504
480 48028 48354 8 2260
481 48135 49304 50 47248
482 48192 48852 59 21474
483 48200 48740 54 19140
484 48311 48338 28 118
485 48328 49712 26 11449
486 48340 52748 105 112572
487 48364 50588 143 213225
488 48510 53652 52 243140
489 48523 48993 110 31177
490 48557 57447 15 18870
491 48579 48734 106 6060
492 48655 51860 15 23661
493 48757 49797 53 30485
494 48921 51174 7 4955
495 48976 50782 132 196946
496 48981 51062 48 28840
497 48986 49868 139 82704
498 49271 50679 137 70279
499 49279 53878 97 220768
500 49346 50384 46 20473
501 49374 49770 131 19295
502 49413 53306 64 166367
503 49434 52848 66 319113
504 49546 50245 12 4888
505 49569 50306 93 16911
506 49677 56856 10 21316
507 49695 52541 127 174294
508 49756 50773 100 92294
509 49794 51238 5 4036
510 49822 50315 11 2114
511 49838 49954 42 5156
512 49899 50270 56 11296
513 49914 51757 7 11627
514 49985 51008 126 35395
515 50032 51684 37 7728
516 50278 51335 37 27339
517 50382 53398 107 244637
518 50413 56404 48 136106
519 50504 50669 48 8258
520 50514 53632 71 49364
521 50601 51129 35 17420
522 50819 53122 12 15555
523 50875 53606 57 53779
524 50930 58619 138 444130
525 50998 51218 110 20802
526 51258 56039 36 101019
527 51390 53630 86 33833
528 51659 52739 11 5956
529 51849 56434 56 269562
530 51861 52268 4 1383
531 51870 52048 42 3008
532 51896 54763 15 28316
533 52000 52064 49 2613
534 52104 53719 98 52987
535 52141 54970 16 33873
536 52299 52411 25 1347
537 52306 52775 64 21314
538 52335 53549 37 11724
539 52410 53598 101 223109
540 52652 56117 44 87619
541 53059 53570 45 8483
542 53116 55507 127 135249
543 53205 54008 23 13087
544 53227 56353 9 8787
545 53355 54410 89 53017
546 53627 54405 134 88127
547 53812 59332 33 354520
548 53850 55171 148 55359
549 54077 56067 36 31008
550 54219 54453 22 9319
551 54261 54866 129 31116
552 54460 55215 74 8680
553 54498 60042 43 142261
554 54557 54593 44 471
555 54696 55147 131 26780
556 54714 58601 8 15500
557 54838 57989 18 33337
558 55032 56659 29 14902
559 55038 56559 148 153573
560 55156 56743 60 64767
561 55288 65855 133 331379
562 55332 55341 18 56
563 55424 58084 25 28620
564 55481 57012 88 169368
565 55557 57356 80 83675
566 55565 60482 31 64081
567 55599 59234 147 345485
568 55696 56575 134 41460
569 55716 59299 66 166055
570 55738 57679 134 144030
571 55795 56618 143 55532
572 56027 58350 45 17396
573 56299 59886 75 79976
574 56303 60473 13 21589
575 56409 58759 89 104291
576 56683 57106 26 5706
577 56700 57345 4 1490
578 56712 58956 34 25541
579 56785 56883 61 2734
580 56859 61109 10 34311
581 57070 57148 12 574
582 57075 60313 11 4628
583 57168 66351 126 514273
584 57201 61867 15 44392
585 57249 62622 140 367832
586 57269 58726 136 74662
587 57518 61274 133 166043
588 57674 58549 55 50797
589 57858 58199 76 42926
590 58007 60804 117 110489
591 58153 58874 78 63878
592 58169 62518 56 156653
593 58220 62473 22 25704
594 58277 58544 10 1237
595 58509 58537 52 977
596 58609 63303 21 25264
597 58650 59686 51 27311
598 58659 68396 98 333444
599 58926 59573 8 4587
600 59068 60551 17 28060
601 59221 60168 16 14366
602 59397 60346 25 54718
603 59502 59872 18 4404
604 59745 60109 120 37311
605 59853 65946 23 45803
606 59992 65012 5 16089
607 60303 61323 63 55613
608 60487 61845 65 57344
609 60674 63154 55 56932
610 60805 62124 5 3129
611 60815 61508 136 85817
612 60970 63064 6 4195
613 61009 69085 45 132539
614 61067 65646 114 169628
615 61139 61898 147 15791
616 61188 62773 83 129976
617 61242 63657 40 60031
618 61252 61585 31 3545
619 61404 62277 127 30214
620 61495 62070 86 39050
621 61628 63228 13 8267
622 61700 61843 67 4531
623 61726 62009 97 15640
624 61743 62647 47 20983
625 61749 63477 15 11544
626 62083 62450 95 17236
627 62201 62243 21 229
628 62222 62430 28 1371
629 62328 63462 114 19332
630 62552 63011 33 15352
631 62912 66829 107 698711
632 62956 65715 138 141605
633 62960 66509 30 36981
634 63128 70808 97 278227
635 63236 67311 135 578169
636 63260 65784 49 163632
637 63365 64010 35 12017
638 63407 63805 23 9013
639 63409 63597 142 13195
640 63438 65366 82 43530
641 63483 65151 139 176616
642 63902 64576 27 28166
643 63959 64955 94 70076
644 63976 66697 64 15198
645 63992 64111 57 9456
646 64149 64360 149 10177
647 64237 64429 102 10722
648 64414 64995 39 13645
649 64648 71696 18 31382
650 64745 67625 107 74065
651 64792 65418 18 4362
652 65018 66511 120 94015
653 65060 67703 21 22250
654 65093 73960 36 138697
655 65353 66325 7 4172
656 65426 67632 96 178747
657 65736 71397 70 60604
658 65915 67066 81 65675
659 65939 66701 38 25761
660 66005 67443 13 10450
661 66037 71846 107 160183
662 66080 69828 39 123231
663 66091 66155 25 784
664 66105 67620 28 5042
665 66136 67034 84 20681
666 66252 69218 41 101269
667 66361 68655 86 143156
668 66411 66520 142 9372
669 66440 66666 5 1261
670 66568 67076 42 3337
671 66672 67432 44 29751
672 66720 69242 65 82782
673 66771 66792 13 177
674 67017 68340 24 18493
675 67083 68007 8 2007
676 67097 67607 5 2212
677 67273 69577 87 136416
678 67394 68151 77 20866
679 67398 80001 6 54662
680 67435 67482 106 5394
681 67551 68293 37 30849
682 67552 68466 14 2719
683 67621 69044 26 38501
684 67726 68522 72 24686
685 67754 68598 9 4374
686 67865 68219 21 4715
687 68051 69465 69 48039
688 68057 68659 39 22047
689 68092 68972 129 37525
690 68121 75594 44 200989
691 68188 71259 132 201475
692 68239 69738 78 63209
693 68268 69951 124 55221
694 68386 69860 36 33142
695 68499 73549 64 61614
696 68709 68770 30 1151
697 68714 73691 110 192267
698 68814 73101 89 405263
699 68864 69953 16 4374
700 68882 72237 129 260649
701 69124 72800 58 57183
702 69224 74094 136 146674
703 69509 73148 27 32576
704 69627 71720 129 247918
705 69671 71239 49 37454
706 69680 72463 15 23625
707 69694 73059 66 372719
708 69772 72662 72 54331
709 69922 70569 101 60526
710 70224 74552 136 109404
711 70294 70790 8 6340
712 70395 70414 62 1421
713 70415 73686 82 62521
714 70521 71360 125 90360
715 70578 76079 146 421517
716 71161 73206 5 8820
717 71312 79240 128 339224
718 71392 72329 7 2839
719 71411 72171 64 24003
720 71491 75452 63 136147
721 71520 71534 16 127
722 71570 80854 86 527324
723 71657 71896 37 7462
724 71748 83028 97 361212
725 71885 72369 126 30046
726 71917 74817 77 137620
727 71965 74504 22 26533
728 72047 74703 125 118618
729 72182 73386 67 52410
730 72195 74426 123 85638
731 72198 75243 63 61527
732 72233 73522 11 2638
733 72261 72473 6 1026
734 72319 74306 25 43772
735 72406 73489 53 10935
736 72598 72761 97 17825
737 72717 79047 73 415119
738 72758 76703 21 40520
739 72798 74211 27 16244
740 72899 73516 5 1592
741 72925 77508 13 15552
742 73004 75859 74 78152
743 73084 73484 110 18696
744 73465 76171 41 79409
745 73539 76089 88 139509
746 73673 75856 137 98489
747 73754 75348 10 18136
748 73937 75278 27 18366
749 74153 76386 78 101100
750 74344 74540 124 23131
751 74370 79378 51 46884
752 74585 74753 37 5290
753 74620 75641 115 8171
754 74668 76828 123 63780
755 74674 81034 114 367935
756 74972 75209 139 30747
757 74990 80115 133 438408
758 75020 75248 63 3244
759 75051 78044 109 53764
760 75328 76511 29 10172
761 75499 77706 34 21872
762 75514 79658 19 33872
763 75569 76557 47 10122
764 75643 79360 71 58200
765 75658 77739 95 173846
766 75660 76906 8 7053
767 75767 75997 137 27687
768 75883 75952 68 2919
769 75902 76136 42 5977
770 75989 76962 135 80555
771 76216 76370 57 2481
772 76260 76586 40 12567
773 76321 77333 106 55050
774 76396 79869 39 29412
775 76414 78316 53 40453
776 76862 77461 9 2078
777 77485 78795 27 37222
778 77491 78991 14 8430
779 77561 81171 5 4802
780 77583 80825 64 19030
781 77597 79238 98 46674
782 77599 80069 44 17764
783 77656 79392 21 11444
784 77732 80059 91 108772
785 77762 77839 53 2074
786 77779 85604 134 645009
787 77943 78888 75 88632
788 77973 78663 101 27210
789 78027 79361 63 51688
790 78071 80353 111 70634
791 78101 79263 88 34392
792 78134 79118 142 26260
793 78263 80239 11 14004
794 78277 79489 6 1525
795 78326 79174 30 22377
796 78367 79878 81 117444
797 78450 78559 20 1043
798 78509 81156 18 9060
799 78528 78889 89 10971
800 78723 80244 33 26054
801 78800 79539 139 25666
802 78861 80712 105 61175
803 78883 79043 74 4192
804 79103 81380 11 26620
805 79104 86277 132 900438
806 79158 91358 5 34380
807 79166 80755 37 24819
808 79186 79192 26 79
809 79252 80462 21 23354
810 79394 80460 45 21049
811 79442 82224 100 53025
812 79600 79977 11 1542
813 79618 82329 9 13094
814 79976 83201 40 71745
815 80173 82697 140 166653
816 80399 81401 8 2783
817 80495 81024 19 5087
818 80644 84112 52 91002
819 80713 83585 85 177133
820 80832 83216 5 2288
821 80847 81368 102 17249
822 80990 81069 136 14408
823 81016 85729 106 187041
824 81025 81358 97 10224
825 81190 83777 41 34896
826 81226 84167 93 195402
827 81301 82806 75 61099
828 81713 83486 99 136213
829 81820 82831 115 28486
830 81889 82805 60 18548
831 81972 82874 94 77393
832 82080 86507 89 167008
833 82166 86134 144 308512
834 82231 83417 37 25596
835 82374 85464 19 11384
836 82402 82846 14 4584
837 82923 86004 63 113458
838 83161 84377 80 25556
839 83172 83842 41 11054
840 83231 84807 54 119934
841 83287 84470 131 119479
842 83311 84062 120 18259
843 83316 84068 147 83066
844 83434 84694 70 16344
845 83544 84087 85 17984
846 83546 95645 116 712768
847 83653 88554 141 263969
848 83655 85839 32 13742
849 83750 84248 38 5835
850 83787 85931 60 26151
851 83791 87257 58 113058
852 83860 86019 120 151166
853 83946 87117 71 129068
854 84004 84223 109 16284
855 84008 85370 30 27565
856 84049 85788 22 6588
857 84064 84350 92 8420
858 84076 85042 150 68515
859 84092 88278 70 281409
860 84155 86058 30 15431
861 84211 86402 70 87237
862 84257 86324 21 15892
863 84423 84848 31 9404
864 84918 86401 49 58887
865 85137 85293 23 2189
866 85207 85777 32 27965
867 85350 88972 32 210090
868 85417 85787 53 16473
869 85428 86603 10 4620
870 85433 86456 147 135287
871 85435 86579 70 77933
872 85487 86900 20 8875
873 85518 86046 88 11165
874 85625 87816 82 135042
875 85690 88576 18 25787
876 85698 86233 10 3056
877 85731 91144 8 13358
878 85807 86467 48 10243
879 85985 87122 89 97666
880 86054 87181 7 5263
881 86109 86647 79 12930
882 86220 87344 138 120347
883 86223 86663 8 2350
884 86320 87280 86 37779
885 86528 91206 8 21829
886 86653 86809 58 8555
887 86754 86851 42 1245
888 86762 87991 24 9908
889 86847 87258 77 12125
890 86910 87636 6 5369
891 87059 90622 32 16655
892 87070 97933 50 206084
893 87180 87639 12 1893
894 87224 88177 57 42116
895 87234 87495 132 24760
896 87364 88400 28 29928
897 87398 87529 8 1437
898 87445 89625 31 17416
899 87531 88003 137 12234
900 87579 89628 99 133280
901 87717 88742 15 2694
902 87768 97810 7 28825
903 87817 88892 9 4832
904 87922 89370 23 20577
905 88225 89244 59 23604
906 88286 89548 4 1644
907 88417 89676 12 15643
908 88460 99548 50 87214
909 88643 91808 42 34001
910 88743 89368 124 69927
911 88996 90320 50 18262
912 89248 89275 26 240
913 89408 90805 44 19278
914 89431 90242 18 5234
915 89572 91862 50 32218
916 89686 97731 25 45301
917 89772 94585 6 20273
918 89823 90785 58 32816
919 89868 90929 138 169542
920 89871 90658 77 48210
921 89999 91337 88 30862
922 90098 90262 51 3877
923 90099 91473 126 127863
924 90348 94139 7 12950
925 90404 90619 54 9250
926 90430 92140 124 186833
927 90480 91013 12 2962
928 90537 95083 104 329341
929 90577 95254 111 259556
930 90580 91987 51 42720
931 90645 91258 140 39601
932 90779 93010 70 108756
933 90825 91951 86 45300
934 90894 91682 131 89630
935 90910 91822 9 6507
936 91099 91881 90 19389
937 91177 91745 70 44582
938 91482 93153 8 5515
939 91557 92923 9 4834
940 91804 93068 45 17166
941 91904 96783 9 43036
942 91943 92594 16 7573
943 92104 98494 9 12907
944 92163 92543 49 6837
945 92294 93825 101 73991
946 92349 92580 100 17524
947 92357 92879 6 1867
948 92372 94110 66 28914
949 92377 95989 47 235018
950 92510 93962 5 8049
951 92535 97561 130 164429
952 92664 94865 16 10161
953 92753 95136 14 15383
954 92794 96539 25 47541
955 93299 99174 81 152902
956 93470 94025 10 3312
957 93489 94092 38 10932
958 93521 96566 98 316055
959 93551 94432 79 39120
960 93608 98314 9 24245
961 93630 98929 13 27368
962 93675 94591 18 11718
963 93701 98099 30 108241
964 93896 94417 91 26338
965 93906 99677 17 37700
966 94135 96065 66 40736
967 94351 94519 118 4720
968 94352 95770 114 129572
969 94596 94622 73 2607
970 94606 95250 66 14706
971 94640 95884 20 23728
972 94708 96456 120 127569
973 94718 96874 7 8187
974 94792 99889 89 262519
975 94845 95372 19 2783
976 94847 96552 8 9594
977 95011 95600 62 7372
978 95114 96288 129 154753
979 95251 95262 39 976
980 95395 99786 129 484059
981 95648 96443 42 4787
982 95759 97514 23 12936
983 96016 97078 68 78933
984 96052 97108 130 52269
985 96326 99091 122 97840
986 96450 98514 96 200412
987 96460 98501 53 77767
988 97186 98063 92 43732
989 97211 98016 20 17938
990 97924 99944 85 240701
991 97949 99835 143 123670
992 97990 98719 55 26317
993 98040 98403 124 37018
994 98064 98238 31 1556
995 98477 99006 113 10778
996 98707 99847 57 170721
997 98892 99190 5 754
998 98985 99615 80 30187
999 99294 99948 19 2208
