50 1000 0.013
..................................................
..................................................
..................................................
..............................#...................
..............................#...................
..............................#...................
..............................##..................
.............................######....#..........
.............................##...###.##..........
............................#####..####...........
..........................#############...........
...........................#.##########...........
...........................##########.............
............................#######...............
...........................###########............
............................#####.#####...........
.............................##.#.##.##...........
..........#.......................###.............
..........##.....................##...............
.........##.##....................................
........#.#..##...................................
....##########.#..................................
...#########...#....................#..#..........
....#########.###...................#..##.........
.......##..####.#..................#####..........
.....############.................#.####..........
.....###########..................######..........
....#######.######................#.####..........
......#######.#.#.................#####.#.........
.......#####..#....................####.###.......
......##.#.####....................######.#.......
.......######.#................############.###...
........####..#..................#######.######...
........##.#....................#############.....
...........#...................##.###########.....
................................####..#######.....
..................................########..#.....
...................................#.#####........
.................................#####.###........
..................................###.#####.......
...................................#.....#........
..................................................
..............#..#................................
.............##..##...............................
.............#####.###............................
..............#######.............................
.............##########...........................
..............###########.........................
.........###..############........................
..........###############.........................
0 5 6421 15 53171
1 93 2581 90 38856
2 164 9949 79 185363
3 231 584 56 2665
4 286 13125 27 124178
5 444 4086 109 102396
6 464 10091 22 196536
7 663 10457 16 40257
8 836 1984 114 73404
9 884 1102 15 1043
10 935 25064 137 4640245
11 1033 3535 116 480390
12 1047 15209 29 420280
13 1219 4076 24 39387
14 1399 5711 91 64631
15 1532 13820 41 254781
16 1790 1877 14 1473
17 1845 3803 30 34157
18 1861 7293 8 19542
19 1864 5561 10 14920
20 2082 3823 16 7721
21 2127 3220 5 2446
22 2386 11928 6 36255
23 2617 3651 49 17207
24 2750 5603 119 161876
25 2855 4779 131 95208
26 2881 5088 10 30047
27 2960 7227 75 91162
28 3025 5351 9 10368
29 3250 5356 80 50275
30 3274 29115 126 2110990
31 3277 4031 18 22619
32 3323 7772 118 149434
33 3397 7160 96 198945
34 3476 7615 37 43923
35 3580 4355 136 124524
36 3721 4134 142 19754
37 3732 25447 17 361732
38 3790 6039 39 24347
39 3860 5392 90 72311
40 3889 11265 114 146927
41 3962 29367 117 1427431
42 4057 9380 8 19324
43 4154 4578 14 2384
44 4212 4782 124 26392
45 4392 20044 55 261479
46 4409 18035 53 118463
47 4458 11710 143 711365
48 4508 10779 5 6759
49 4579 7254 133 148701
50 4585 12785 99 128987
51 4729 5715 25 32836
52 4746 18945 70 362477
53 4804 37812 5 31949
54 5002 5271 98 5653
55 5028 9346 53 39829
56 5228 28950 7 38768
57 5241 5346 7 507
58 5301 21401 7 99116
59 5310 8268 45 44568
60 5335 10185 146 567006
61 5422 5518 112 12066
62 5468 6352 133 55830
63 5484 19754 92 294084
64 5609 20051 23 170096
65 6157 13628 9 51934
66 6425 19582 21 94784
67 6514 9713 88 134187
68 6551 15933 19 123765
69 6616 26861 15 86760
70 6635 10264 124 188765
71 6723 19784 30 82516
72 6819 17479 22 99117
73 6825 25367 43 753778
74 6893 7469 29 11283
75 7094 9917 65 113826
76 7136 18589 6 35910
77 7221 16576 42 198834
78 7224 15927 6 16903
79 7259 14464 41 202089
80 7267 7408 6 660
81 7308 8470 120 34144
82 7506 13946 130 412700
83 7545 42574 78 995618
84 7599 21562 148 675261
85 7658 18257 4 12581
86 8074 26241 24 172872
87 8285 16520 12 62331
88 8334 15906 48 157974
89 8432 20061 4 17392
90 8501 17645 77 145376
91 8507 9555 59 34424
92 8534 12320 112 322419
93 8553 41530 97 1650849
94 8574 10143 29 27153
95 8700 9337 140 56009
96 8807 32204 35 364410
97 8861 17309 60 69087
98 8868 10559 27 18893
99 9198 30345 20 174079
100 9267 10858 80 67181
101 9535 20221 29 69956
102 9551 14384 134 244753
103 9656 14796 46 280700
104 9687 11260 136 86395
105 9959 11359 57 16661
106 10061 23968 12 20862
107 10121 13773 137 160735
108 10131 20304 34 71034
109 10278 24250 20 96355
110 10368 13042 29 25223
111 10742 19422 29 78914
112 10799 28965 58 601789
113 10958 13363 50 23064
114 11087 16599 67 158151
115 11264 16215 5 15875
116 11275 14036 129 153211
117 11306 37109 17 221355
118 11432 14784 9 17751
119 11609 24693 42 164969
120 11753 25035 6 62145
121 11812 13193 10 5830
122 11912 19213 39 75880
123 11990 18008 20 40237
124 12002 16920 75 226287
125 12006 26876 19 326448
126 12020 13788 19 16466
127 12140 21463 81 146125
128 12318 13235 81 16900
129 12410 19398 15 79550
130 12436 19649 9 23481
131 12465 14270 39 16581
132 12481 18912 7 9072
133 12500 16231 27 80997
134 12511 15452 82 173438
135 12529 15177 13 14847
136 12565 21566 99 458604
137 12727 14725 40 78843
138 12732 13588 14 10139
139 12816 33255 14 118474
140 12823 34466 27 230309
141 12952 18103 30 74164
142 13040 13296 43 8901
143 13116 15824 103 152167
144 13173 69084 68 2274388
145 13192 14589 119 89711
146 13395 17726 117 79852
147 13417 21780 25 45832
148 13462 23377 38 213305
149 13504 13859 81 22560
150 13660 29555 6 20854
151 13806 14062 146 24775
152 13878 13964 101 4433
153 13959 15677 135 124187
154 14068 22040 34 35544
155 14090 21705 53 194528
156 14108 17816 148 328710
157 14123 19640 95 193744
158 14132 16889 39 52093
159 14173 16287 34 30234
160 14239 20599 54 126619
161 14241 26335 51 450955
162 14334 31368 44 212339
163 14562 18319 33 100406
164 14681 22033 86 357208
165 14801 21863 48 79263
166 14900 17012 46 55322
167 15041 15815 16 7585
168 15132 23008 45 174943
169 15198 26331 8 21944
170 15223 28458 105 636111
171 15251 16216 142 98732
172 15387 31738 11 152868
173 15411 16964 61 15094
174 15487 30096 6 8080
175 15505 22147 4 26315
176 15510 18606 67 90517
177 15527 16542 36 30032
178 15538 18192 119 360847
179 15692 44735 92 1230036
180 15762 34586 100 515893
181 16072 31908 41 145951
182 16249 40418 98 1867177
183 16325 46453 21 214735
184 16362 24076 67 244422
185 16514 20810 6 9606
186 16515 25669 54 513382
187 16554 22866 132 1006359
188 16570 21117 22 35398
189 16697 21549 71 219234
190 16777 16891 25 2615
191 16916 20461 112 412712
192 16962 33260 32 108917
193 17144 24907 18 76377
194 17161 21742 105 797340
195 17333 37298 132 1974436
196 17422 23943 124 237388
197 17517 25423 15 105011
198 17529 20737 13 21734
199 17549 31561 123 241221
200 17612 19678 5 7575
201 17639 20165 35 32307
202 17651 21772 55 59060
203 17658 18587 113 29519
204 17773 18549 103 30683
205 17794 26217 74 436600
206 17888 18049 55 4188
207 17965 18512 134 31304
208 17980 36254 75 598883
209 18027 32850 44 149122
210 18074 28831 83 346447
211 18120 26780 140 735248
212 18127 18786 6 2353
213 18146 18816 70 57752
214 18417 33273 143 348747
215 18513 21823 44 85943
216 18516 32879 10 22412
217 18553 49771 17 137046
218 18564 38016 16 102787
219 18838 24371 138 369166
220 18851 22779 9 9022
221 18878 21271 12 16740
222 18881 35256 19 70676
223 18957 25632 34 95206
224 18960 20693 86 194501
225 19045 25854 144 747991
226 19092 22408 103 85853
227 19094 20025 18 3858
228 19176 23957 87 253002
229 19267 35037 126 534355
230 19525 57406 36 562950
231 19547 20168 149 30301
232 19614 25166 47 69976
233 19708 20582 109 128417
234 19730 31148 18 68210
235 19734 29838 48 47358
236 19745 26328 113 288762
237 19795 33402 82 609299
238 19832 31608 111 299830
239 19859 24805 10 29626
240 20292 27953 133 440274
241 20328 28514 102 491778
242 20421 39357 6 39804
243 20580 23250 87 45982
244 20733 25147 5 17398
245 20747 27382 93 717529
246 20750 26681 127 252332
247 20807 22175 13 6332
248 20916 27210 8 8487
249 20987 24865 40 223297
250 21015 22023 109 52030
251 21036 45456 12 37506
252 21060 30506 53 203629
253 21118 21342 8 640
254 21124 26461 99 242972
255 21138 23072 34 65964
256 21683 26602 74 81364
257 21765 26791 56 307339
258 21806 25379 26 25624
259 21815 33747 124 700414
260 21830 26558 39 211910
261 21924 31761 29 181839
262 22013 30232 9 28747
263 22125 27393 52 66437
264 22127 33916 88 745853
265 22165 25125 22 41914
266 22172 31626 104 192741
267 22288 25747 19 18662
268 22373 26344 74 308324
269 22468 23684 72 52181
270 22624 31068 57 104910
271 22671 53171 10 130185
272 22733 29293 114 988680
273 22910 25003 10 7533
274 23024 26979 122 211263
275 23041 25612 6 5953
276 23148 25741 59 82847
277 23198 26929 37 60007
278 23252 27407 59 74974
279 23399 25286 14 14694
280 23514 25964 79 77536
281 24011 38777 57 636060
282 24025 32509 15 32467
283 24036 32063 139 1213193
284 24444 30095 48 203759
285 24538 24850 24 3172
286 24612 27797 33 34766
287 24843 27168 36 27079
288 24950 32439 55 562222
289 24971 26329 5 1426
290 24985 27859 124 105569
291 24988 40551 19 135785
292 25095 40136 7 39851
293 25171 40542 137 986229
294 25348 42425 16 144869
295 25376 38092 60 428678
296 25539 28982 17 22302
297 25667 30006 87 141564
298 25714 30499 83 228351
299 25729 28928 34 63803
300 25762 31742 18 59608
301 26093 26352 6 543
302 26101 29507 13 41123
303 26191 29314 88 104932
304 26233 35852 13 151401
305 26262 33089 114 316982
306 26516 26611 34 983
307 26538 28175 10 1201
308 26685 28936 4 13624
309 26754 50552 38 435212
310 26818 43091 110 521744
311 26837 27023 20 2298
312 26938 28884 42 40582
313 26981 27483 94 24160
314 27188 28411 51 52447
315 27201 30322 31 24275
316 27239 29567 106 80395
317 27368 35314 69 153251
318 27477 40270 137 334135
319 27589 46318 17 214499
320 27635 29539 39 87259
321 27706 30974 47 39497
322 27724 44341 107 1312248
323 27744 62565 101 1807237
324 27986 37478 53 106328
325 28240 29455 61 71604
326 28534 50004 58 257078
327 28605 35887 32 54921
328 28656 30365 81 58138
329 28719 41388 66 549447
330 28802 34496 7 5262
331 28837 32740 102 113454
332 28854 29310 18 3277
333 28859 35844 5 15349
334 28889 51999 40 315124
335 29066 45962 19 92100
336 29114 33595 69 156847
337 29154 30783 68 63664
338 29551 41428 18 49186
339 29552 39609 58 101622
340 29572 33101 107 161669
341 29609 32367 50 59351
342 29817 34175 64 150230
343 29841 41595 112 1723639
344 29873 43117 9 35840
345 29984 36282 115 170018
346 30154 45835 81 241556
347 30311 55639 80 470131
348 30342 35595 85 119858
349 30388 51451 57 720561
350 30419 31440 113 31525
351 31062 31145 113 3449
352 31426 32761 81 38647
353 31491 34234 14 25254
354 31496 32240 117 65566
355 31677 36896 72 189094
356 31811 38140 103 279578
357 31821 38134 20 20869
358 31881 34333 23 35817
359 31889 35862 5 12707
360 31939 45174 73 220120
361 31946 37086 25 24499
362 32048 32482 15 3454
363 32258 32826 136 36980
364 32381 34278 141 105002
365 32457 32551 86 16016
366 32546 34498 18 14936
367 32602 69250 86 1434274
368 32629 49661 54 584037
369 32705 44996 63 224050
370 32730 37220 30 37655
371 32744 35413 85 187503
372 32779 36346 19 88202
373 32804 35121 123 136391
374 32998 33455 8 2131
375 33172 36113 10 14455
376 33590 39039 123 193810
377 33596 39290 140 834841
378 33735 50830 19 121358
379 33868 51072 137 1275568
380 34066 36146 38 27851
381 34251 53640 24 228988
382 34627 38275 97 220034
383 34657 36020 23 17976
384 34795 58811 98 1512801
385 35199 49111 35 160065
386 35247 39929 11 12736
387 35273 39023 26 49209
388 35446 45296 48 269123
389 35479 36551 8 4020
390 35642 46038 21 94207
391 35823 39046 126 147376
392 35835 42412 49 114519
393 35896 38328 63 42315
394 35983 36188 93 12761
395 36022 41615 45 157233
396 36211 37671 37 14120
397 36245 38209 23 31180
398 36251 46187 109 471574
399 36398 47150 40 140529
400 36410 43015 90 211685
401 36481 36557 123 3394
402 36489 42249 30 59930
403 36504 40996 39 35167
404 36554 36702 48 4142
405 36563 49861 109 844174
406 36590 42113 59 80537
407 36905 55096 89 960064
408 37114 37897 143 82583
409 37209 41447 72 105633
410 37257 43021 97 500747
411 37321 49846 119 671403
412 37446 41506 6 6726
413 37687 41284 126 83687
414 37752 38480 27 10089
415 37757 38382 46 14816
416 37815 42175 131 460631
417 37844 41010 22 27185
418 38046 63827 77 2175493
419 38062 38938 52 16748
420 38128 40201 23 26225
421 38242 49574 15 225388
422 38618 42132 47 20653
423 38634 44349 47 197036
424 38701 58728 103 729828
425 38747 43093 30 59306
426 38906 39767 95 17972
427 38917 39051 82 16808
428 39007 41551 131 86437
429 39114 42523 17 17752
430 39137 48243 85 506900
431 39186 44391 34 75629
432 39324 54278 128 519160
433 39338 44611 21 105983
434 39435 43132 10 10028
435 39461 46075 97 58381
436 39969 44032 117 90368
437 40130 40411 12 1812
438 40138 67402 13 102868
439 40528 74165 53 782821
440 40555 41576 62 24213
441 40675 41049 83 16585
442 40887 42275 10 11952
443 40901 50663 53 379562
444 40920 71853 93 1722909
445 40928 58301 87 1311332
446 41145 56860 24 96238
447 41175 75848 27 180633
448 41312 43426 143 194344
449 41449 47492 11 17074
450 41501 44406 42 24883
451 41547 50224 148 197729
452 41749 42366 7 1184
453 41782 42675 54 38489
454 41796 51216 72 362962
455 41826 43310 21 8711
456 41946 48052 108 174944
457 42044 57474 80 439114
458 42104 54618 120 646848
459 42217 49704 58 160343
460 42296 42378 103 2817
461 42393 51646 104 808528
462 42447 48463 7 24416
463 42483 45276 107 150986
464 42512 58459 35 249931
465 42758 43185 10 2503
466 42837 44621 145 227714
467 42925 46461 8 7621
468 43268 46876 112 159283
469 43301 59306 79 337425
470 43518 85532 123 2574780
471 43533 49098 116 199316
472 43589 66550 106 896680
473 43690 46688 60 62340
474 43786 49461 45 108407
475 43936 45356 94 56012
476 44181 51118 120 385807
477 44211 58281 51 510466
478 44271 46834 119 127989
479 44287 53446 13 49722
480 44691 56134 23 109850
481 44749 67070 24 399062
482 44760 50188 129 676423
483 44859 45488 148 68109
484 44970 47364 134 268799
485 45009 46294 138 172288
486 45016 49089 44 38388
487 45077 87154 36 218098
488 45114 47374 75 166782
489 45182 47990 120 110748
490 45590 60546 112 1706807
491 45697 51292 12 35149
492 45752 47702 13 9599
493 45839 48381 7 4316
494 45950 51860 52 172640
495 46046 46313 8 1799
496 46161 46644 132 17769
497 46192 58610 88 280982
498 46493 49421 41 58612
499 46684 50536 145 172943
500 46794 59400 11 65031
501 46978 80715 104 1474439
502 47046 48363 66 49566
503 47110 53685 147 781507
504 47158 48994 5 3357
505 47241 51724 74 103510
506 47368 61052 53 214073
507 47400 58277 142 683751
508 47520 48810 27 15109
509 47638 48663 48 29878
510 47665 63226 92 135514
511 47680 50822 43 28367
512 47712 54612 23 41444
513 47771 53934 9 14984
514 47801 51905 16 57363
515 47900 51837 148 474662
516 48011 51348 89 204311
517 48021 54985 130 448123
518 48177 49348 137 56810
519 48608 49495 22 13046
520 48685 49780 4 2339
521 48707 73011 12 81016
522 48723 50390 141 110419
523 48843 51157 54 48087
524 48912 57323 97 566488
525 48924 51791 109 365463
526 49044 49808 7 2615
527 49069 59299 96 330976
528 49080 66233 119 1320353
529 49244 49270 75 1701
530 49262 55680 97 283728
531 49362 49859 61 20561
532 49371 52492 94 89874
533 49446 59313 32 130049
534 49509 54584 77 191877
535 49594 51222 37 17647
536 49694 53302 48 41091
537 49813 86825 13 197295
538 49994 50272 26 2287
539 50039 51799 111 44580
540 50301 62841 148 955654
541 50328 61544 73 182175
542 50347 55558 56 186795
543 50394 64442 36 163346
544 50410 64395 103 360979
545 50451 53714 99 72579
546 50516 51382 130 41806
547 50601 65582 22 138273
548 50607 53956 38 54998
549 50629 51944 9 5022
550 50653 51108 61 39161
551 50665 54628 65 81657
552 50742 53297 14 7298
553 50789 53572 35 56693
554 50877 53438 24 40379
555 51030 71915 38 88100
556 51090 56463 4 8410
557 51097 56709 11 12390
558 51287 68482 19 178532
559 51342 54083 8 9962
560 51345 63857 35 99387
561 51371 60645 16 46998
562 51411 74661 127 2998071
563 51453 65047 11 45771
564 51529 59174 5 14372
565 51558 63054 9 115030
566 51581 59772 34 96604
567 51585 55802 38 96669
568 51610 67229 135 532794
569 51641 64562 99 172933
570 51663 58249 118 270135
571 51734 54851 100 103850
572 51814 54365 69 32831
573 51902 52329 47 6410
574 52078 54666 7 8019
575 52097 52896 116 39897
576 52105 71121 42 165785
577 52107 58713 134 218882
578 52203 53509 35 67522
579 52212 52838 11 6263
580 52372 76746 78 548647
581 52411 58512 9 11601
582 52630 64644 20 53980
583 52707 53284 6 2145
584 52717 54430 36 18592
585 52898 55254 11 15584
586 53034 53650 7 7333
587 53106 55468 30 17023
588 53122 55210 119 100726
589 53187 55115 58 51940
590 53250 57968 26 174261
591 53469 55213 143 159231
592 53492 55997 66 32542
593 53577 58878 12 38821
594 53611 66352 92 159168
595 53622 54897 69 71632
596 53702 66479 120 740141
597 53750 58314 15 30059
598 53844 56781 127 134825
599 53866 62315 14 59663
600 53959 54537 30 5714
601 53977 54792 145 33448
602 53982 55510 5 4556
603 54003 54836 144 26745
604 54053 55446 144 118058
605 54182 60412 55 281044
606 54309 97192 17 157676
607 54372 56262 67 99601
608 54398 65785 38 98461
609 54419 66347 57 184074
610 54424 55026 120 19892
611 54486 79293 10 97301
612 54713 61944 88 220045
613 54893 57656 18 41622
614 54974 62552 76 129287
615 55012 58163 15 40815
616 55013 57757 111 210347
617 55095 64956 117 157737
618 55131 91090 114 927611
619 55222 61881 7 28494
620 55231 65348 4 4851
621 55273 62012 54 192145
622 55470 70923 65 411582
623 55531 64816 91 141709
624 55535 56851 88 23064
625 55671 56949 120 35163
626 55930 61757 74 81456
627 56243 67963 82 933896
628 56405 58393 4 2594
629 56407 65472 52 190766
630 56459 73459 48 561575
631 56488 58424 14 12162
632 56499 57366 59 36842
633 56511 56598 41 3033
634 56621 72057 7 27474
635 56649 59147 99 67448
636 56665 68315 75 344809
637 56666 95308 27 583413
638 56681 64329 116 574011
639 56906 62872 10 36990
640 56933 57412 52 18746
641 56954 66316 102 243178
642 56969 72243 33 201745
643 57054 58164 112 36221
644 57167 72665 95 996376
645 57228 59669 128 622312
646 57456 63995 5 4864
647 57485 61271 142 168548
648 57533 60062 30 52206
649 57598 62559 6 31483
650 57792 66639 60 329843
651 58064 78622 6 63497
652 58106 68227 18 97633
653 58180 59933 62 43121
654 58181 63589 51 251055
655 58265 88409 125 1451137
656 58297 58334 139 7689
657 58313 67169 55 246910
658 58335 58425 52 1416
659 58340 68456 18 62601
660 58370 61565 38 28972
661 58384 59602 14 15779
662 58422 61853 87 99275
663 58446 58790 19 6411
664 58523 69226 71 319298
665 58733 59598 6 3619
666 58749 71211 109 224942
667 58797 63588 52 107763
668 58841 59760 4 2139
669 59036 67832 7 22542
670 59074 62152 18 22567
671 59104 71796 114 450607
672 59211 63651 22 38266
673 59396 65981 95 408472
674 59465 59601 36 2666
675 59523 63041 5 5727
676 59530 80754 34 249800
677 59627 67081 20 44532
678 59652 74545 9 71517
679 59693 61283 72 41143
680 59738 73568 82 298153
681 59887 60224 118 15784
682 60038 62102 8 5690
683 60063 64978 48 192318
684 60131 79360 12 101813
685 60265 61158 66 44875
686 60319 71373 27 68756
687 60376 67242 60 139726
688 60575 68489 135 240271
689 60585 65718 149 265208
690 60772 63232 83 116054
691 60824 64617 84 67630
692 61073 76497 9 41041
693 61116 65240 76 151720
694 61209 61518 7 1438
695 61267 68462 147 206568
696 61386 64082 46 31660
697 61421 61563 70 4113
698 61435 73398 99 261008
699 61648 62595 116 61029
700 61755 68082 149 592967
701 61883 64577 6 7571
702 61964 74664 95 395904
703 62067 67673 66 328279
704 62117 69924 142 722950
705 62131 63124 104 99465
706 62291 65369 86 128245
707 62528 73629 63 288213
708 62744 69959 132 266762
709 62798 77326 7 29126
710 62869 64337 4 1384
711 62878 71571 43 170022
712 62910 66393 36 29299
713 62968 95658 35 1316641
714 63087 66126 118 227682
715 63199 78151 79 589965
716 63383 79969 14 233159
717 63532 72310 32 95194
718 63661 64086 129 21502
719 63696 72110 8 14396
720 63803 64707 125 35271
721 63835 65621 27 47264
722 64001 68073 6 10250
723 64079 66028 126 107462
724 64133 82078 82 694433
725 64206 69176 20 37995
726 64471 75701 115 1066826
727 64896 69118 101 126447
728 65073 72906 8 46178
729 65529 85516 23 411023
730 65556 67361 101 141148
731 65713 67483 122 39872
732 65727 78584 47 160179
733 65755 73468 5 27959
734 65763 67689 15 13612
735 66045 71134 102 341024
736 66157 70426 44 43806
737 66687 75052 110 716262
738 66710 84386 25 191194
739 67041 74927 25 45181
740 67137 77077 79 454223
741 67177 74644 43 177167
742 67341 70201 127 327004
743 67795 76205 31 62286
744 67865 75060 98 404143
745 68039 77319 22 77407
746 68215 72002 126 112423
747 68416 77274 74 502452
748 68454 91735 27 346799
749 68528 78159 144 391039
750 68545 75268 102 632272
751 68555 71135 50 95621
752 68556 70688 29 29032
753 68640 68843 36 1290
754 68680 94124 96 506949
755 68753 69864 64 40400
756 68795 69107 40 4514
757 68813 73331 13 27965
758 68822 92620 33 178585
759 68859 69541 48 41649
760 68948 69837 45 23381
761 69022 74239 112 196650
762 69182 74978 5 13933
763 69253 88446 126 1857696
764 69269 89915 137 569681
765 69318 71217 5 1872
766 69348 97951 90 983001
767 69392 80013 150 531483
768 69415 75057 51 130183
769 69776 75332 40 99306
770 69789 82519 24 219974
771 69902 79942 47 163659
772 69909 80247 19 140589
773 69941 70220 13 3819
774 69961 71479 66 25974
775 70034 71297 95 69505
776 70035 75334 75 105556
777 70217 78140 16 100838
778 70372 75982 86 152877
779 70451 86465 64 461454
780 70495 75547 17 10379
781 70523 91219 4 48041
782 70652 79334 14 35445
783 70721 71654 15 8843
784 70806 72653 70 84914
785 70817 81675 132 806141
786 70914 93911 61 301082
787 71001 73053 133 239473
788 71040 72107 41 37754
789 71157 73329 28 12287
790 71374 74414 89 117943
791 71650 74422 66 90706
792 71653 76332 36 35407
793 71907 75162 12 8578
794 71912 89482 69 320576
795 72142 94137 39 135788
796 72178 99470 142 1796204
797 72262 73229 130 93773
798 72423 77522 39 107831
799 72497 95240 8 113308
800 72785 73095 84 30045
801 72802 82773 40 206806
802 72814 76993 146 355595
803 72816 74316 36 20582
804 72907 74331 16 8482
805 72940 97724 115 851646
806 72963 95930 32 354655
807 72985 77860 69 245269
808 73168 79218 20 240129
809 73327 94640 36 93161
810 73339 73611 65 5966
811 73380 75469 21 14276
812 73470 78309 24 57581
813 73480 74270 22 6469
814 73779 89658 52 189389
815 74035 82336 84 189429
816 74037 94445 10 42812
817 74114 74415 76 7595
818 74255 80520 133 332182
819 74291 77768 68 48612
820 74330 88411 24 126548
821 74459 76858 25 13662
822 74601 81085 83 439946
823 74625 80140 4 33586
824 74740 88324 139 1070370
825 74899 81394 120 827715
826 75001 76792 80 151610
827 75089 75219 26 3522
828 75121 77014 72 50376
829 75161 79555 9 26782
830 75184 77203 20 11126
831 75354 83866 22 111006
832 75370 80494 41 26671
833 75450 85472 51 178750
834 75814 94407 15 57829
835 75820 96070 27 70689
836 75902 91808 108 179028
837 75948 87290 17 34606
838 76086 84098 13 111006
839 76096 81639 82 345845
840 76147 77049 5 571
841 76166 79002 28 12644
842 76333 88283 38 265176
843 76537 82920 9 31801
844 77004 82112 53 107857
845 77230 94269 61 1351928
846 77317 82205 75 328754
847 77426 84659 51 62714
848 77458 93746 41 171855
849 77511 97568 99 1448637
850 77539 79554 43 21716
851 77552 82047 46 46331
852 77692 82592 28 234002
853 77752 78719 150 62140
854 77863 78683 21 4860
855 77884 78208 94 8255
856 78005 81448 16 17624
857 78080 83444 9 11612
858 78090 93912 19 57819
859 78262 79797 122 110215
860 78383 81154 11 14059
861 78487 81158 14 38898
862 78504 85841 117 373934
863 78783 82165 38 83121
864 79093 89274 54 289429
865 79557 91583 21 177975
866 79780 95106 54 537387
867 79992 93722 131 2757875
868 80367 87087 22 77921
869 80430 81860 65 30392
870 80626 98815 15 88167
871 80647 81732 4 3130
872 80650 97005 35 165627
873 80735 85730 145 381671
874 80763 81026 36 7706
875 80890 92656 49 250782
876 81149 82042 63 32262
877 81399 83143 69 45157
878 81401 90597 107 508747
879 81424 84280 35 35793
880 81429 90757 20 56463
881 81569 84117 52 20443
882 81591 85143 5 7368
883 81678 91716 25 185457
884 81880 91975 41 52860
885 82052 85518 24 77605
886 82067 95127 20 74810
887 82084 83822 30 16851
888 82460 95192 22 253095
889 82477 98796 124 912240
890 82539 85901 27 25426
891 82602 88046 142 472738
892 82642 84474 13 9099
893 82813 83731 44 20880
894 82932 95370 18 51507
895 83089 89446 99 218008
896 83131 91365 99 399397
897 83259 85767 11 58866
898 83367 85154 130 119142
899 83442 88894 146 451037
900 83458 93769 50 293317
901 83463 85268 23 14782
902 83632 86236 18 14863
903 83671 87391 60 205245
904 83843 92730 5 25378
905 83865 84042 13 1951
906 83916 86677 124 166634
907 84151 89932 72 257896
908 84298 86434 17 10628
909 84487 90077 41 144838
910 84746 87597 76 259507
911 84767 86024 62 115191
912 85192 87427 11 7342
913 85275 93116 26 118749
914 85314 87694 39 67921
915 85439 89533 62 47951
916 85553 93409 22 42707
917 86032 87745 96 86829
918 86058 90502 111 134871
919 86197 92676 42 195874
920 86338 91810 42 104226
921 86494 92580 48 182342
922 86546 93066 75 187988
923 86590 87817 5 3839
924 86681 90849 56 144810
925 86683 89434 62 86828
926 86898 94377 8 20172
927 87151 87854 26 10096
928 87228 92131 143 363087
929 87499 94198 144 74495
930 87589 90629 22 18965
931 87911 99013 17 61736
932 87928 92738 107 264627
933 87949 88944 80 72781
934 88189 88567 70 7764
935 88213 92300 134 146252
936 88376 89220 16 4031
937 88427 96609 28 90030
938 88820 95031 32 55471
939 88842 90372 44 40039
940 89098 91274 64 21432
941 89211 90692 145 44032
942 89242 91081 94 38915
943 89534 92965 21 48496
944 89536 90855 89 352212
945 89608 95476 35 140351
946 89665 95640 40 30235
947 89775 93237 10 11591
948 89806 91399 67 28950
949 89901 95598 7 12521
950 89956 93632 147 243017
951 90125 90337 49 10495
952 90291 96245 124 354869
953 90383 92478 64 65457
954 90414 96449 45 256280
955 90642 94768 24 66982
956 90885 95322 146 384089
957 91006 96909 61 150016
958 91064 98812 103 326870
959 91187 91913 19 4590
960 91261 96929 28 36913
961 91355 91684 90 12605
962 91647 96132 77 244045
963 91702 97108 77 288158
964 91761 92644 136 69364
965 91879 92294 26 4305
966 92057 98353 65 77120
967 92216 99823 29 117149
968 92261 99338 40 157944
969 92396 97819 102 226021
970 92436 97454 17 54267
971 92535 94576 7 4589
972 92757 96202 59 59685
973 92829 95578 62 61171
974 92835 93128 56 11612
975 92928 99729 57 82364
976 92996 95895 89 281330
977 93076 95269 40 43478
978 93547 97994 18 56352
979 94187 95754 83 45075
980 94378 95874 9 7710
981 94482 98375 5 10506
982 94578 95949 21 12499
983 94796 95432 49 22383
984 94998 98137 137 285968
985 95190 97243 104 57299
986 95324 95703 15 3122
987 95576 98729 129 161445
988 95613 95936 44 3780
989 95849 97004 71 38912
990 95873 97942 14 5950
991 95951 96567 114 27718
992 96216 96708 17 6027
993 97212 98503 65 36313
994 97438 99425 26 26937
995 97473 98952 103 21260
996 97822 98052 90 13032
997 98210 99498 11 13394
998 98555 98868 11 2831
999 98977 99602 79 33531
