50 1000 0.055
.............####..######.....................####
..............#########.......................####
.............##.####........................######
.............#..##.#.........................#####
................####.....#.................#.#####
................#........##................#######
.........................#..................####.#
.......................####.................###...
.........................##...................#...
........................#####.....................
......................#########...................
.......................#######.#.#................
..........................########................
.........................###########..............
...........................#.#########............
..........................##..#######.....#.......
.........................###...#######.##.#.......
.................................####..##.#...#..#
..................................#....####...#.##
.....................................#####....####
...............................................#.#
...............................................##.
...............................................#..
...............................................#..
.............#..........##.##..................#..
.............#...........#####.................#..
.............##.........#######...................
..............##........##....#...................
...........#..##......####........................
...........######..#..##.#........................
............#.###..#####..........................
............###........#..........................
..........###..........#..........................
...........#......................................
................#.................................
...............##.................................
..............####................................
...........####..##...............................
...........###...#.....#..........................
............#.........###........##...............
...........##.........###........###..............
............#........##.##.....#####..............
.....................##.......###.##..............
.....##.........................#####.............
.....##..........................#####............
.....##.........................#######...........
....#####........................#.#.#............
....######......................##...#............
.....###.........................#................
....####.........................#................
0 274 650 108 82228
1 468 32246 100 929132
2 580 1192 34 6469
3 581 2680 74 49129
4 663 8001 7 19853
5 808 2350 29 26236
6 818 21186 36 188675
7 845 1391 10 7649
8 887 52076 19 331806
9 986 10131 57 120791
10 1077 12181 13 15402
11 1080 18911 9 62754
12 1364 30234 51 494604
13 1403 14570 39 351955
14 1651 13851 35 153934
15 1683 11692 11 25503
16 1818 8799 116 617202
17 1820 6802 139 632797
18 1845 17552 5 22790
19 1945 9226 50 69183
20 2155 6185 4 14670
21 2168 43685 50 774872
22 2229 6085 114 101891
23 2446 12973 52 265781
24 2459 22486 15 57269
25 2481 39236 8 137345
26 2665 8248 63 235724
27 2721 4262 139 81066
28 2787 13075 129 491744
29 2806 9131 48 417117
30 2828 27036 94 1358183
31 2922 26262 141 1216178
32 3144 4033 36 13602
33 3163 9357 67 115138
34 3181 4958 99 50771
35 3338 14654 34 87074
36 3393 20454 119 412361
37 3495 10284 30 82454
38 3499 16167 36 284830
39 3637 7320 6 6331
40 3842 14454 20 105155
41 4010 14112 29 41929
42 4233 8309 123 183316
43 4240 12933 61 151069
44 4302 26730 133 1474401
45 4306 5165 17 4769
46 4436 8327 31 26771
47 4502 17440 36 238503
48 4735 10546 47 113959
49 4803 9795 76 203383
50 4976 9142 54 132911
51 5089 5912 55 28963
52 5100 5183 11 512
53 5125 11102 90 152760
54 5161 14297 85 611105
55 5167 8995 129 125858
56 5204 6255 15 10623
57 5283 13331 8 19640
58 5332 16883 133 1289033
59 5395 7448 5 5975
60 5427 9577 81 169295
61 5817 27676 4 14393
62 5853 8083 90 81812
63 6002 15722 35 113743
64 6061 8374 134 98547
65 6146 15732 4 7937
66 6207 9016 10 10415
67 6389 12550 61 83188
68 6399 8920 100 79740
69 6483 24590 7 48411
70 6568 14304 36 41980
71 6579 18379 87 386628
72 6971 20253 65 493414
73 7553 24593 51 706941
74 7704 17024 105 574721
75 7757 21185 12 24678
76 7788 11336 49 31322
77 7845 10515 20 25660
78 8321 13698 90 282150
79 8366 8389 86 479
80 8452 26694 11 159838
81 8633 22268 59 255796
82 8637 14583 60 234379
83 8877 12575 54 49383
84 9023 13908 119 505724
85 9052 47596 5 136568
86 9060 12307 91 323237
87 9216 14824 97 147435
88 9224 35522 79 502343
89 9256 21212 109 1104642
90 9321 20224 8 40300
91 9493 11898 13 2818
92 9559 40430 57 1126686
93 9615 14143 11 19999
94 9626 21845 18 178344
95 9957 14122 126 129190
96 9994 33917 22 171719
97 10080 15765 86 229620
98 10192 10234 73 1383
99 10308 10845 21 12147
100 10422 11987 132 127155
101 10476 10814 53 10253
102 10529 10664 23 2569
103 10594 14647 149 327104
104 10633 13439 86 99796
105 10646 18842 66 329755
106 10663 14908 48 179631
107 10692 25518 21 155953
108 10758 15996 144 934524
109 10795 16339 126 599406
110 10926 35282 32 823485
111 11308 26246 63 263362
112 11561 25005 12 81509
113 11752 24899 116 1119026
114 11754 20361 13 12752
115 12001 19213 125 580719
116 12035 14928 8 15741
117 12239 28695 11 121309
118 12324 14189 9 6417
119 12333 16740 30 65797
120 12383 13178 113 73700
121 12430 21015 17 62021
122 12557 13341 6 1511
123 12646 12828 81 4282
124 12776 26287 10 49011
125 12981 18942 11 70649
126 13023 21592 32 57855
127 13034 16162 6 5234
128 13082 22578 124 1541713
129 13209 15766 8 17347
130 13211 32386 132 895743
131 13276 19615 94 187199
132 13433 21568 89 203313
133 13446 14942 140 91878
134 13535 17777 20 30791
135 13579 30596 134 2144931
136 13614 37361 13 129448
137 13625 18850 57 97598
138 13652 23810 68 136770
139 13735 17556 50 95924
140 13808 27118 132 1079197
141 13850 28571 102 1066249
142 13861 15101 132 54201
143 13873 25143 117 367491
144 13883 23931 93 222525
145 13939 19193 114 122202
146 13993 24918 145 669663
147 14010 27628 12 28442
148 14036 15149 14 5544
149 14145 19651 55 161666
150 14244 15516 102 42533
151 14341 32981 116 2107497
152 14351 14543 66 11780
153 14477 19293 49 64078
154 14656 42127 52 353438
155 14724 19272 78 93985
156 14840 19935 6 6951
157 14893 18497 43 128955
158 14920 27133 10 64988
159 15004 24624 32 76533
160 15039 15308 45 5707
161 15263 17429 78 28990
162 15266 15901 83 27154
163 15275 25600 69 225153
164 15761 18068 115 154163
165 15830 20033 100 88967
166 15838 16901 7 2128
167 15952 24240 68 171410
168 15997 39871 113 961530
169 16131 16808 91 13120
170 16198 20440 6 13750
171 16468 20747 117 721434
172 16592 20741 11 11272
173 16630 31663 6 25144
174 16691 30658 15 150478
175 16852 19785 108 128921
176 17075 17378 14 4463
177 17150 18075 64 40522
178 17221 20014 95 107153
179 17239 18261 29 27560
180 17255 20596 130 203772
181 17264 20814 82 284414
182 17463 25378 78 591390
183 17477 21193 5 10083
184 17507 22903 28 98769
185 17712 37962 48 454650
186 17921 45398 23 461730
187 17925 19550 31 28452
188 17934 31787 127 1517453
189 18032 20162 101 130769
190 18042 37179 15 39443
191 18100 24665 110 227268
192 18123 31494 47 267135
193 18254 30227 29 248087
194 18306 39065 16 256616
195 18313 41684 6 82171
196 18431 24632 69 195853
197 18597 21839 122 241886
198 18786 19542 40 14971
199 18838 21982 78 76461
200 18999 25811 68 323413
201 19132 52338 27 183793
202 19141 22843 18 59580
203 19149 21723 119 199640
204 19227 55452 39 252372
205 19237 30891 100 896426
206 19317 20813 12 14736
207 19372 21377 17 56518
208 19440 19671 22 5640
209 19696 20468 7 1961
210 19727 35431 24 135405
211 19730 27011 35 166901
212 19759 28926 145 478324
213 19786 37131 21 42599
214 19840 24484 146 400269
215 19926 21071 4 3583
216 19934 34687 68 386102
217 20028 23879 57 42128
218 20163 25248 49 61884
219 20235 26383 68 112805
220 20238 28119 6 51563
221 20293 32138 47 177209
222 20374 20691 30 5959
223 20514 20563 147 7494
224 20652 35173 30 203461
225 20804 22561 90 244678
226 20932 33521 121 768813
227 20975 21359 40 6379
228 21086 50146 137 3511413
229 21154 25468 126 280305
230 21219 39902 141 1094095
231 21480 22050 43 23575
232 21506 40640 79 435368
233 21586 31611 28 151845
234 21679 22159 24 5403
235 21734 38682 29 255556
236 21786 31237 102 497515
237 21990 26006 56 110350
238 22017 24788 7 2459
239 22182 34382 7 21753
240 22219 24365 149 358187
241 22381 32146 124 624286
242 22420 39662 113 326795
243 22475 32225 21 137153
244 22527 24755 12 9392
245 22537 39106 21 119191
246 22540 24905 16 23636
247 22556 23306 134 54030
248 22644 40064 12 49581
249 22691 25001 13 12144
250 22769 23117 99 21650
251 22785 22834 131 6554
252 22791 33389 57 128060
253 22802 25596 25 43313
254 22859 39462 53 440332
255 22957 40146 73 938095
256 22985 27576 115 255712
257 23028 32565 131 497626
258 23035 26598 5 6538
259 23338 23601 20 2085
260 23472 25488 24 46582
261 23505 28276 41 47186
262 23532 37881 105 305641
263 23643 40442 101 614653
264 23646 25559 79 101162
265 23865 24435 9 3206
266 23915 31155 20 33020
267 23935 27171 32 17995
268 23966 27375 77 99016
269 24048 27601 77 177111
270 24070 24642 23 8938
271 24094 31629 117 974366
272 24110 35926 34 74000
273 24113 37318 80 146479
274 24289 50204 5 84215
275 24377 51325 32 446305
276 24389 28892 86 95977
277 24685 33621 94 486261
278 24981 25293 143 39835
279 24990 41402 88 262218
280 25202 36584 23 58966
281 25306 28310 26 19706
282 25353 34119 104 288007
283 25379 26042 55 24858
284 25429 35596 114 359135
285 25452 27766 46 72254
286 25475 28907 75 119361
287 25695 30378 28 35190
288 25770 45427 32 211078
289 25773 31243 7 4566
290 25896 27045 104 29750
291 25898 31111 35 103326
292 25908 26495 28 15504
293 26170 26276 7 415
294 26213 40746 10 145615
295 26476 27975 10 8868
296 26488 31175 67 236435
297 26561 28332 100 110504
298 26802 29273 26 16948
299 26805 31065 49 33129
300 26883 31587 98 334359
301 26958 30543 91 87713
302 27080 36482 67 761307
303 27234 28888 81 156253
304 27322 29185 4 2876
305 27326 33201 6 11809
306 27416 27734 44 2117
307 27425 36725 128 777252
308 27643 28708 24 15082
309 27961 39632 36 192825
310 28061 29887 84 87447
311 28098 65412 101 463246
312 28126 59265 104 492676
313 28377 32328 73 87251
314 28387 38292 13 70323
315 28527 33075 23 182594
316 28565 31381 31 23494
317 28755 48410 63 675128
318 28812 29438 124 55421
319 28925 35998 135 216519
320 28949 35394 116 249023
321 28992 29592 79 46606
322 29162 35760 13 53025
323 29188 48873 119 442978
324 29322 29970 140 70349
325 29459 33313 7 6557
326 29492 30827 51 26130
327 29588 34116 35 56874
328 29755 35011 11 11824
329 29761 41301 28 128228
330 29811 45875 53 280249
331 29880 31100 50 21916
332 29885 43585 12 66489
333 29899 60796 134 4776793
334 30101 42240 34 75921
335 30293 34129 15 11571
336 30351 50988 135 1161337
337 30401 31902 111 42827
338 30431 32718 135 119019
339 30621 32874 22 20269
340 30642 49476 10 56074
341 30686 39521 7 17200
342 30714 52118 14 116776
343 30914 32642 22 13760
344 30980 39702 136 707766
345 30985 36479 60 197809
346 31027 42225 17 51345
347 31043 41997 59 222164
348 31092 38736 57 145332
349 31179 39582 53 195270
350 31488 31719 23 3673
351 31525 42100 5 25572
352 31614 32214 65 28787
353 32158 33444 82 121695
354 32251 36150 94 273834
355 32267 35103 16 5541
356 32337 44269 107 387217
357 32359 44518 27 146568
358 32563 33730 8 5001
359 32744 49279 12 38336
360 32897 37832 30 42692
361 32997 38130 15 31308
362 33050 37836 96 248068
363 33358 38839 14 40217
364 33397 43832 51 364681
365 33546 52664 7 14191
366 33568 35642 33 47481
367 33618 43126 19 23383
368 33721 44319 7 76969
369 33823 36685 42 31839
370 33825 34640 76 40677
371 34028 54197 14 55620
372 34223 35216 76 43077
373 34262 69756 32 229879
374 34294 37632 121 245493
375 34448 40057 39 69135
376 34468 41081 69 140551
377 34530 45371 86 1749623
378 34544 38563 79 151057
379 34670 35689 36 14508
380 34691 42456 51 175201
381 34820 35659 22 12903
382 34919 37445 121 176524
383 35044 36656 31 18205
384 35157 41755 75 260066
385 35292 36528 135 63628
386 35332 54772 16 101108
387 35340 80520 26 203457
388 35571 58306 139 584009
389 35597 42329 79 104938
390 35669 59530 4 33272
391 35909 53032 66 479319
392 36062 52231 45 281279
393 36328 54395 49 165085
394 36367 38544 97 143538
395 36394 55247 83 415434
396 36408 47216 148 453959
397 36506 37698 23 7342
398 36756 55617 30 167330
399 36879 45719 86 702845
400 36930 37625 20 4609
401 37139 46882 7 21627
402 37158 46069 57 265314
403 37174 38181 9 3027
404 37281 46498 17 101801
405 37339 41518 35 223122
406 37521 41648 96 383280
407 37707 44676 75 136274
408 37708 41810 44 54155
409 37746 41687 41 153562
410 37764 41345 90 121556
411 37804 45636 129 1077029
412 38141 48185 130 623879
413 38143 73449 21 129837
414 38184 46245 19 36188
415 38305 57259 61 517146
416 38335 46901 11 26160
417 38457 40975 133 207110
418 38504 39893 123 50651
419 38538 40397 66 37248
420 38653 40046 39 25627
421 38761 57138 101 687901
422 38790 53581 107 988432
423 38863 43052 5 4273
424 38997 39067 70 3918
425 39104 42491 25 23127
426 39143 68636 4 77644
427 39195 74991 110 1317179
428 39293 71838 48 250090
429 39423 51233 5 15163
430 39597 44045 20 52452
431 39782 47872 8 53189
432 39835 63430 30 261860
433 39851 52637 8 21089
434 39951 54228 124 502420
435 40383 40893 15 5385
436 40581 44815 76 130516
437 40598 48848 143 304105
438 40606 42437 12 11790
439 40632 54904 19 98769
440 40751 48963 109 284514
441 40854 45571 61 345556
442 40860 55990 104 988646
443 40866 63721 21 202078
444 40935 42272 129 157120
445 41247 47539 42 152386
446 41261 48491 103 322739
447 41356 42058 55 19967
448 41369 43631 34 33162
449 41476 42889 18 8611
450 41520 41665 12 2646
451 41560 42534 66 38214
452 41589 48583 143 315563
453 41733 54673 13 68759
454 41764 47105 74 124195
455 41840 55972 117 552364
456 42185 55188 50 551942
457 42214 47454 25 62294
458 42271 51025 4 9683
459 42322 61758 7 43216
460 42392 42440 64 1164
461 42458 43216 39 16855
462 42634 46480 92 168583
463 42695 87853 81 1472806
464 42705 73031 17 308600
465 42775 48262 83 236943
466 42813 51259 65 244619
467 42818 45001 29 36890
468 42881 44119 77 22671
469 42933 55594 140 689589
470 42942 45675 140 128065
471 42943 44534 28 52755
472 43129 48205 59 125679
473 43168 43706 9 629
474 43184 61675 29 136789
475 43364 46136 5 13867
476 43463 58921 58 412556
477 43527 46115 143 391359
478 43586 53606 42 181226
479 43785 45934 112 203731
480 43819 45945 31 40849
481 43892 45204 28 11946
482 44050 69232 41 515262
483 44057 49858 129 214980
484 44189 59132 20 60105
485 44201 46368 4 1684
486 44235 45716 7 5051
487 44324 53652 37 78753
488 44349 70914 8 91815
489 44574 47170 36 43168
490 45312 59828 31 316474
491 45350 47077 5 2095
492 45770 47558 88 74218
493 45930 62123 38 671359
494 45947 52098 52 214644
495 45958 49036 142 219238
496 45986 54987 62 93745
497 45999 58421 55 463555
498 46104 46214 6 188
499 46385 52571 17 47060
500 46641 50773 56 76641
501 46712 51611 32 30661
502 46774 56286 118 481033
503 46795 56940 12 37713
504 46839 47644 54 109905
505 46961 60949 101 620819
506 46969 47107 61 4144
507 47101 50319 102 189370
508 47352 50197 6 3186
509 47521 53669 71 402316
510 47535 63436 39 291494
511 47606 61074 10 28129
512 47808 57630 46 218718
513 47811 50248 71 92449
514 47834 53687 140 93919
515 48051 54615 147 203950
516 48156 50369 58 53105
517 48471 52301 12 31903
518 48531 49323 129 27328
519 48575 49742 79 50060
520 48584 68568 82 244923
521 48697 49912 61 28363
522 48815 81600 14 207905
523 48829 51754 45 155071
524 49185 54656 124 554784
525 49270 54043 47 106637
526 49337 60024 145 750011
527 49383 54269 50 64969
528 49423 49802 16 1280
529 49573 53990 22 41272
530 49937 51318 7 4639
531 49965 72749 14 300788
532 50039 50504 51 13503
533 50424 53097 52 15243
534 50750 63433 138 504314
535 50777 55387 16 14940
536 50940 63103 100 707788
537 51545 71205 13 87382
538 51568 57554 15 20927
539 51725 74082 24 150968
540 52001 70668 137 784262
541 52020 57845 18 54567
542 52119 64591 120 484264
543 52261 74860 4 15319
544 52489 57902 25 73023
545 52603 52701 36 2434
546 52653 56827 46 93177
547 52727 65973 69 169069
548 52735 66896 92 811437
549 52759 69150 17 114778
550 52837 57346 54 32832
551 52911 55985 105 97612
552 52943 60494 140 377965
553 53013 61788 16 105115
554 53055 61058 7 55398
555 53126 59198 33 186836
556 53129 53388 117 14890
557 53204 62365 5 22616
558 53266 54690 26 8206
559 53328 56778 99 344571
560 53394 70854 16 166260
561 53469 62956 114 284170
562 53523 53981 37 9145
563 53685 92143 4 41751
564 53826 65161 69 651086
565 53851 65673 28 150392
566 54001 54826 116 22254
567 54008 85143 129 1376790
568 54038 56858 143 122865
569 54283 55561 32 9102
570 54353 54648 110 17201
571 54409 55394 129 35659
572 54495 70235 100 1260654
573 54583 62221 89 438611
574 54671 68890 38 271762
575 54696 77957 48 223344
576 54866 56388 108 37938
577 54977 61837 38 103469
578 55000 58574 123 281319
579 55061 69383 6 62705
580 55185 62524 5 12334
581 55319 63315 70 298842
582 55400 65885 85 318308
583 55531 60014 47 75032
584 55626 63332 21 118047
585 55645 62048 32 44653
586 55800 56569 123 113875
587 55911 69037 59 428199
588 56234 66530 134 533262
589 56242 66344 121 422910
590 56268 56486 12 2126
591 56420 67000 8 55484
592 56476 66427 4 24801
593 56512 60316 15 49881
594 56522 62321 69 103482
595 56566 75121 116 697422
596 56644 57840 57 59654
597 56776 71876 22 89157
598 56791 69576 146 446127
599 57016 57809 69 43577
600 57051 60802 91 174054
601 57058 58653 115 73189
602 57064 74457 135 1048562
603 57069 67366 113 923422
604 57378 80668 142 1449922
605 57472 57962 29 19847
606 57492 64062 14 19109
607 57758 62777 105 132359
608 57898 60539 122 155722
609 58066 74491 129 853425
610 58120 64326 114 543014
611 58128 61408 91 217718
612 58130 62957 11 73080
613 58170 68882 63 266561
614 58252 62871 129 336057
615 58254 62742 117 173146
616 58304 86892 24 317469
617 58384 59289 114 68580
618 58591 68576 19 170509
619 58684 72114 10 54158
620 58746 65442 144 900703
621 58794 61366 137 145197
622 58868 67631 113 324985
623 58933 72677 67 153067
624 58957 60955 139 89306
625 59411 60865 124 150543
626 59490 63749 116 347155
627 59522 61030 16 13996
628 59592 60480 143 56781
629 59653 68436 12 43468
630 59674 63354 16 26062
631 59758 69764 125 439713
632 59990 67002 7 9922
633 60008 88750 5 91869
634 60025 74440 62 506498
635 60218 61257 116 50544
636 60362 63435 97 154504
637 60401 61523 64 18549
638 60561 98928 136 2803764
639 60581 61008 95 15263
640 60596 63312 61 164418
641 60719 68544 83 267884
642 60964 70978 21 64634
643 60971 63525 4 2827
644 61078 62583 65 51752
645 61141 62425 120 20478
646 61298 64697 8 9510
647 61729 67477 147 491965
648 61766 76725 105 682104
649 61771 62244 18 4047
650 61930 62747 70 18795
651 62073 63952 92 117967
652 62113 69479 46 127664
653 62119 74946 29 177842
654 62189 68993 6 18518
655 62249 74699 14 55517
656 62440 76981 53 433498
657 62471 71198 142 443068
658 62561 74925 94 377211
659 62617 63698 81 23621
660 62661 66709 5 5684
661 62670 63808 71 14622
662 62738 70851 31 106436
663 63123 66994 16 24823
664 63169 80551 13 150400
665 63191 77719 15 140044
666 63285 96021 24 165845
667 63311 64219 15 11941
668 63431 64440 7 2567
669 63505 73375 24 57942
670 63610 69254 26 41686
671 63655 64351 8 1677
672 63762 70205 59 380312
673 63822 80289 37 184172
674 63837 81581 89 664219
675 64145 73902 44 364828
676 64179 71562 121 549137
677 64214 66465 9 8649
678 64309 71046 106 225728
679 64349 82202 82 868523
680 64366 69229 83 231280
681 64556 72544 48 116684
682 64940 80183 138 1308401
683 64993 70804 120 607744
684 65014 66211 111 23183
685 65114 78942 129 331022
686 65162 66012 7 2464
687 65177 79206 27 174167
688 65360 67216 23 10618
689 65368 69666 22 26283
690 65549 78498 24 162320
691 65889 70082 139 138011
692 66034 72268 6 53061
693 66226 71330 97 84772
694 66262 76211 8 34741
695 66271 67627 74 38484
696 66413 68272 5 10983
697 66567 72279 55 293184
698 66737 76447 128 310893
699 66775 68998 33 27453
700 66777 76640 72 317938
701 66780 67698 16 2268
702 66892 67022 30 4474
703 66915 71634 70 207349
704 66923 70423 41 38307
705 67094 73109 31 70880
706 67103 70667 4 4773
707 67270 70834 94 69712
708 67364 72630 69 94669
709 67410 93236 128 1322477
710 67431 80236 137 1763133
711 67443 70311 41 66444
712 67550 70506 14 26710
713 67694 68589 49 34625
714 67747 85022 117 1031291
715 67850 72507 11 12490
716 67973 77408 37 201232
717 68002 72302 95 372030
718 68277 70809 95 85186
719 68489 96056 56 892142
720 68520 71367 8 17519
721 68531 75020 65 172800
722 68600 73790 33 148676
723 68753 98548 29 613282
724 68784 73168 145 158417
725 68906 73247 73 193948
726 68915 76083 15 56554
727 69003 71745 25 26986
728 69107 73293 141 320316
729 69158 74660 61 54894
730 69433 76882 48 140176
731 69450 74172 42 83915
732 69527 70083 9 7312
733 69670 79668 43 104413
734 69976 72559 137 56251
735 70150 78973 133 398830
736 70254 81285 71 944156
737 70286 75217 78 371343
738 70403 82346 38 118231
739 70566 85639 9 75364
740 70612 73764 119 363572
741 70664 83376 23 192216
742 70696 75800 34 68271
743 70719 83009 27 134999
744 70743 90727 54 336036
745 70824 72247 34 25856
746 71241 73717 75 218572
747 71298 76518 128 248250
748 71325 80061 57 223542
749 71435 71705 27 3432
750 71462 92229 77 366665
751 71473 86527 17 86012
752 71544 82662 9 36647
753 71588 73094 53 127425
754 71610 85669 44 239272
755 71740 72495 52 11947
756 71833 73466 16 20859
757 71884 90239 18 64009
758 71889 86404 106 539968
759 71897 72640 115 47826
760 72108 73207 36 13747
761 72135 91929 10 68316
762 72220 89105 26 77544
763 72244 72647 66 7436
764 72254 75715 39 140354
765 72356 73353 40 12364
766 72391 81562 48 513982
767 72516 78877 37 132402
768 72588 75421 91 533180
769 72601 86687 136 282551
770 72672 77417 82 119624
771 73001 76621 6 16879
772 73050 75092 116 101400
773 73145 76303 142 287985
774 73335 76200 78 73096
775 73421 76416 12 11074
776 73615 75087 61 33726
777 73711 77098 141 298158
778 73741 73910 137 7267
779 73797 76078 16 11365
780 73876 77599 6 8462
781 73879 78209 33 35223
782 73918 77806 5 10179
783 73963 77392 144 128172
784 73965 74885 39 19581
785 74124 75164 143 224974
786 74207 76024 24 50031
787 74364 75203 87 28562
788 74473 82219 13 40909
789 74763 82323 135 394180
790 74972 84454 14 27102
791 75056 78409 126 57920
792 75142 83416 87 509797
793 75145 78399 8 5153
794 75325 80364 98 251318
795 75416 82260 108 484279
796 75470 77054 5 4789
797 75555 76304 111 44797
798 75582 83552 48 165428
799 75615 98276 85 959269
800 75690 83981 16 34149
801 75783 88735 5 12667
802 75914 77086 6 5408
803 75947 93331 86 1021189
804 75978 80012 7 8529
805 76374 76914 142 23725
806 76396 86781 14 47600
807 76569 81772 69 72591
808 76817 92933 31 92280
809 76894 79807 71 174689
810 77229 98002 121 325654
811 77256 82139 113 289542
812 77323 83625 82 326208
813 77353 86442 104 455408
814 77440 79625 70 267282
815 77540 78167 124 16926
816 77545 80491 22 89893
817 77613 84331 103 190731
818 77752 77969 8 3150
819 77883 93055 83 436825
820 78018 84124 130 434162
821 78066 79098 98 42538
822 78099 88741 100 494348
823 78111 78306 34 2790
824 78154 79649 130 117658
825 78218 79352 40 7113
826 78375 83272 12 13012
827 78550 84313 25 43276
828 78646 79743 13 2913
829 78649 81880 8 13337
830 78729 90297 7 8582
831 78772 81628 42 37412
832 78809 86199 26 82068
833 78824 83300 31 22762
834 78856 81518 61 159279
835 78923 80398 92 51599
836 79002 86536 27 63413
837 79028 80304 77 80977
838 79166 81468 86 171251
839 79179 81871 54 32171
840 79320 82427 27 51770
841 79421 97119 126 577625
842 79574 85564 33 45471
843 79765 87015 100 431494
844 80108 88287 108 731258
845 80221 80343 14 1408
846 80275 89468 43 184449
847 80282 81533 59 30891
848 80290 86762 58 192170
849 80324 86785 68 321082
850 80422 94826 124 968899
851 80430 84657 113 104600
852 80513 84033 93 57992
853 80536 82747 111 141098
854 80675 83640 65 31430
855 80736 81280 93 18698
856 80755 84542 8 5562
857 80782 82670 8 4386
858 80891 82017 134 66805
859 80972 85694 52 364632
860 81012 93095 127 598050
861 81036 81091 10 713
862 81176 86917 17 37912
863 81259 91589 27 99859
864 81343 88456 139 266493
865 81364 85676 67 152231
866 81372 86395 28 27276
867 81410 82138 130 84861
868 81460 87518 10 25300
869 81679 98243 11 96763
870 81686 88079 15 20024
871 81694 82659 138 68903
872 81798 83600 11 11592
873 81875 85093 30 39364
874 81927 84035 71 206030
875 81939 89119 7 30564
876 81949 82044 59 1414
877 82116 93644 122 478580
878 82242 96073 117 386773
879 82299 99101 45 143791
880 82317 85900 5 6126
881 82325 82570 6 1175
882 82327 99055 37 85333
883 82348 97320 40 174754
884 82409 94371 107 954089
885 82642 86579 6 17568
886 82648 89124 49 65584
887 82816 82840 5 36
888 82865 90589 15 21322
889 83023 90953 96 190533
890 83053 88519 91 168681
891 83059 95793 33 116922
892 83097 85389 87 122222
893 83124 96338 116 336679
894 83297 90217 37 209630
895 83337 94660 143 340242
896 83361 87988 70 127930
897 83374 83606 18 1504
898 83395 87371 74 87439
899 83457 87540 45 35391
900 83489 90055 12 18613
901 83520 83751 132 14506
902 83535 89413 9 17033
903 83663 89782 82 189378
904 83713 84159 47 24843
905 83742 88789 75 429216
906 83824 85780 14 13670
907 83903 83946 72 1464
908 84203 92581 58 207435
909 84275 91855 65 233644
910 84653 86532 107 113120
911 84841 87685 24 24426
912 84876 86587 47 33649
913 84929 87410 142 376974
914 85002 96537 45 244889
915 85015 86706 29 16811
916 85137 88225 24 31066
917 85179 89699 67 79813
918 85483 86668 89 24294
919 85536 90207 36 48985
920 85819 95797 15 54478
921 85831 87012 26 18490
922 85888 98606 8 41497
923 86081 99231 95 1466276
924 86121 87843 83 42331
925 86179 86474 17 1617
926 86210 89816 102 222434
927 86514 86767 4 508
928 86765 98770 101 1095146
929 87106 96232 41 144891
930 87173 90135 7 3439
931 87276 99999 93 589540
932 87334 94191 108 349109
933 87350 93814 22 66219
934 87454 88279 71 45016
935 87561 90762 13 39997
936 87582 94425 66 620544
937 87798 89698 106 77467
938 87826 90896 124 196798
939 87926 88693 14 7964
940 87985 94131 9 33897
941 88214 91204 50 67085
942 88216 94642 94 302118
943 88422 91353 52 50627
944 88485 92492 22 48668
945 88554 97231 14 48308
946 88604 88990 114 6226
947 88713 95123 17 15551
948 88715 91344 68 55613
949 88796 93771 15 22259
950 89354 95644 17 91406
951 89652 92917 28 14664
952 90032 93180 26 25440
953 90038 94255 63 145191
954 90067 94589 95 208381
955 90083 90425 14 1012
956 90157 92849 20 57344
957 90202 97253 12 30018
958 90333 90717 54 4397
959 90470 90742 6 1086
960 90492 93186 103 93013
961 90737 95657 97 215326
962 91124 96638 108 181820
963 91169 92774 18 22463
964 91432 91868 16 2883
965 91533 96300 70 67874
966 91547 98591 46 273053
967 91647 96252 142 196416
968 91650 99565 116 490163
969 91849 97595 35 629813
970 92065 93032 129 198870
971 92191 93635 5 1768
972 92584 94097 39 31305
973 92593 97943 85 78366
974 92831 96175 34 27207
975 92878 94536 50 84140
976 93366 97838 49 27475
977 93367 99222 74 119423
978 93721 98625 66 118793
979 93989 95591 57 74840
980 94054 97610 5 2058
981 94338 98555 56 148770
982 94623 97061 40 78593
983 94775 98140 38 44761
984 94865 97038 57 46248
985 95009 97818 4 14461
986 95125 98131 15 20845
987 95320 97630 22 16171
988 95618 99898 25 54829
989 95710 96682 35 38886
990 95895 98916 43 90079
991 96407 98436 66 71984
992 96436 96528 14 768
993 96634 98499 84 41316
994 96675 97784 60 23717
995 96700 98517 14 9203
996 96709 97118 56 10563
997 96978 98216 77 31263
998 97371 98564 11 11620
999 98952 99028 6 175
