50 1000 0.033
....#........#...#...#.......##...................
##..#................##.....#.###....####....#..#.
..###.............##.##.....#...#....#....####..##
...#.#.....##.#...##........#.............##.#....
.######.##.#.........#.##..####..#......#.####...#
.#......###.........######...#..##....##..#####...
....#.###.#......#...###........#...#..#.#.##.#...
....###.........##....#####.....#...#....##.....##
###.#.##.#.............#####.##.................#.
##....#..##..........##.##.....##..#..#.........#.
...#.....#..........#.##....##.....#..##..###...#.
...#########.................####..#..#...##......
....##....#.................#...##.#.###...#......
...###....##.........##.....####.#.#####..........
##..##...###...................##.#...#........#.#
#.####...#.#.....##..#.#...#...#..#..#.........###
#.#.#.######.##...##.###.####........#.........#.#
..##...##.####........####.##...##...#........#...
.##........##.....##..#...#.......##.....##.###...
............#.....####....###...#..#.#...##.##....
....#............##....#..##...##.##.#...#..##....
..###.............#.#.............#.##...#.###....
....##........#...####...........#...#......###...
....#.........##..######.####...#............###.#
.....###.....###.#...#.###.#....##.............###
.......#....##..##......#.........#.#.........###.
...#...##....#.###.......#.......######......##...
......###...###.##..#...####.........###.........#
..##..#..######..#.#....#............#............
...#..#..#.##.....##...#..........####......####..
.####.#....#..#..##...##.....#...###.#......#.....
.....###.........##....###.###...#...##...........
.......##.............##.....##..##.##............
.......##....##.....##...##..##..###.#............
......####...####....#.###.##.#....#..........#...
........##...#.......#.#..###.....#.........####..
..##..................#...#.......##.......##.#...
..#......##............#.....###..#.........#.....
..###...##....#.#......#.......#..........###.....
..#..........##.##.............###..#.....#.......
###.......#......##.....#......##.#.#............#
..#....##.##.#.##.##.........###..#.#..#..........
..#...##..##.##...#..........##.###...####........
.........##..####.##....##.....####.......#..###..
...........#.#.##...#....##....#.......##.#.###...
.....###...#####..###.....................#.##....
.....###...###.###..#...#####..##.###..##.#..#....
.#.....###.#.###......###..###...##..#....#.......
.#......##....#.......#...#.##.##.#.......###.....
.#.......#...###..........##.#....#.........#.....
0 52 9922 89 691364
1 220 5929 44 79668
2 277 2794 72 132361
3 283 4523 117 133368
4 375 1482 84 17070
5 417 30929 55 162017
6 571 2678 42 17035
7 633 13766 9 75468
8 843 1560 11 2567
9 1049 7748 133 540276
10 1199 4130 46 52299
11 1410 2059 87 10498
12 1461 7362 149 144307
13 1478 2028 45 24071
14 1634 14973 88 868788
15 1656 11884 52 160562
16 1820 4197 37 54170
17 1860 3036 33 59282
18 2035 4542 60 59601
19 2040 3951 38 20692
20 2123 9098 32 325721
21 2128 5972 65 94724
22 2175 2223 104 1824
23 2359 3869 26 10921
24 2435 3772 79 43726
25 2650 5508 149 324825
26 2778 15314 146 1001684
27 2834 10648 40 139043
28 2876 21595 142 982589
29 2956 6347 70 126086
30 3078 5475 22 46224
31 3112 6290 30 32184
32 3145 14642 117 141222
33 3254 6016 57 47979
34 3362 3610 10 1470
35 3519 6726 52 18063
36 3568 6080 24 24089
37 3632 3882 107 11038
38 3732 4280 56 9533
39 3769 7435 66 144877
40 3827 6627 13 40312
41 3917 6708 85 296054
42 4009 5042 19 52260
43 4157 6871 134 197341
44 4166 8162 95 195692
45 4168 12746 31 106973
46 4208 4882 10 3757
47 4212 11514 115 309962
48 4250 17162 15 70365
49 4380 19720 18 97050
50 4385 9418 52 220071
51 4452 7914 59 169073
52 4468 6608 11 8017
53 4598 5770 8 4132
54 4633 4822 31 6401
55 4743 5647 103 58469
56 4843 4902 62 3628
57 4925 5258 24 8153
58 5134 12709 11 34866
59 5395 18071 52 859621
60 5411 5944 147 51650
61 5601 11469 26 119825
62 5749 10372 18 18211
63 5808 19034 30 168218
64 5857 12816 125 837375
65 6155 8863 44 25987
66 6276 16581 34 48445
67 6368 7977 135 68016
68 6730 24689 70 228762
69 6893 11217 114 356069
70 7065 9387 146 105982
71 7440 11206 75 102949
72 7616 8979 5 1885
73 7645 10804 14 21338
74 7900 8230 72 10624
75 7911 9416 43 13259
76 7980 8574 133 18934
77 8027 12434 39 36677
78 8098 10460 51 23350
79 8307 12741 68 139202
80 8528 11816 20 19413
81 8540 16941 21 36820
82 8679 24531 38 417640
83 8704 15287 37 66641
84 8771 18559 92 384050
85 8809 10891 53 55466
86 8980 23514 122 634105
87 8984 31002 36 178974
88 9157 12189 143 360206
89 9183 27845 118 821976
90 9240 17909 60 119997
91 9322 18236 15 51698
92 9497 11338 74 97879
93 9592 17077 32 140385
94 9696 14418 122 436222
95 9848 20510 96 553713
96 10075 15951 12 66093
97 10263 17345 16 20122
98 10290 10677 35 6987
99 10344 14779 22 53679
100 10635 26367 46 387804
101 10895 20644 74 546487
102 10919 12358 40 37492
103 10998 11806 8 3252
104 11024 11970 44 11217
105 11103 11268 38 4489
106 11249 14542 71 102641
107 11259 15613 124 130601
108 11423 12037 142 39460
109 11611 13152 78 46748
110 11733 14358 108 111630
111 11748 12631 115 53069
112 11842 15227 120 288889
113 11848 16085 10 15052
114 11875 15447 138 269766
115 12030 16915 11 24392
116 12039 25620 72 246470
117 12041 29852 60 797948
118 12097 16320 51 86127
119 12179 30609 20 268163
120 12217 15151 22 24043
121 12293 16473 104 122111
122 12295 17094 9 13649
123 12360 14970 92 132802
124 12691 13417 9 5316
125 12863 13347 92 48342
126 12973 14945 60 118810
127 13042 14156 16 3537
128 13128 18913 84 141069
129 13188 26637 102 383208
130 13208 22716 91 389811
131 13666 14211 118 17927
132 13703 24655 115 725548
133 13827 24851 135 686373
134 13838 16185 77 89013
135 13852 20314 105 226484
136 13927 14121 9 1302
137 13928 18490 92 142809
138 13960 17229 127 164869
139 14026 22405 23 74714
140 14089 14799 109 21769
141 14124 47152 92 557027
142 14172 24542 58 365536
143 14272 27265 7 55465
144 14278 15448 24 17062
145 14506 15639 144 87911
146 14539 21043 19 26566
147 14783 16715 16 18689
148 14817 16623 80 49744
149 14845 21503 67 401642
150 14867 16667 71 69653
151 14986 20203 6 13098
152 15047 43500 21 300619
153 15132 18084 46 122281
154 15142 15370 40 5410
155 15310 29591 41 121667
156 15383 18344 142 98075
157 15484 17917 4 981
158 15579 16780 46 20599
159 15641 17316 82 127126
160 15936 18032 144 118401
161 16049 18035 8 9142
162 16068 19561 76 71781
163 16157 16432 5 573
164 16306 17192 131 65734
165 16428 17109 46 12194
166 16489 19395 99 141976
167 16498 21591 108 168161
168 16670 23757 93 255403
169 16709 20051 67 57579
170 16719 32740 116 830312
171 17289 29283 6 58237
172 17469 17843 10 2270
173 17479 22492 86 147723
174 17652 25463 143 493671
175 17731 21979 41 146596
176 17782 18821 116 26646
177 17902 21504 83 185076
178 17983 19071 37 42216
179 17986 24370 93 372856
180 18017 24248 60 128753
181 18024 19509 6 1378
182 18195 20042 14 14431
183 18240 25317 90 149569
184 18292 19615 140 86295
185 18293 26854 94 1506063
186 18333 23752 45 115271
187 18440 21194 35 39669
188 18556 23207 101 406061
189 18641 19242 98 28300
190 18705 19146 5 1250
191 18866 28905 46 44747
192 19013 20058 72 39641
193 19315 20512 24 6293
194 19362 27221 17 123847
195 19533 22288 7 10625
196 19534 21815 71 44752
197 19691 42638 22 183539
198 19836 20262 129 50879
199 19927 23935 17 13275
200 19989 23951 7 7361
201 20088 21993 22 16501
202 20342 21977 111 27389
203 20397 27640 10 24278
204 20418 27992 114 508985
205 20492 29336 13 46750
206 20584 26596 89 264889
207 20665 23071 74 106903
208 20681 24297 136 289161
209 20767 23260 14 35309
210 20813 24185 129 140217
211 20884 24552 107 474849
212 20910 24816 79 80860
213 20941 34378 130 1292863
214 20944 24265 38 101234
215 20964 23569 97 100814
216 21148 22300 99 128102
217 21280 38493 56 266073
218 21676 26189 15 26115
219 21787 24124 97 69607
220 21842 31920 18 81812
221 21941 27857 15 39071
222 22018 27038 81 88943
223 22284 26515 74 49544
224 22342 25178 120 75474
225 22347 33481 53 156670
226 22361 22508 49 4057
227 22388 28589 127 292763
228 22392 22594 82 20798
229 22397 24770 41 22114
230 22538 28433 9 13896
231 22634 23850 5 1773
232 22650 22668 9 67
233 22832 35796 7 36964
234 22834 28071 31 80039
235 22918 26508 16 19571
236 23227 41238 143 892330
237 23326 36492 16 52333
238 23399 24674 122 64199
239 23400 25233 103 88117
240 23705 26900 75 134893
241 23964 34564 68 260400
242 24017 35345 24 126014
243 24072 26530 101 109768
244 24098 28436 17 16898
245 24149 32648 11 44262
246 24194 24347 16 544
247 24283 24471 17 2780
248 24329 32812 104 294608
249 24450 25711 67 62526
250 24650 51055 48 504402
251 24830 27283 15 75893
252 24905 25876 149 44583
253 24917 38755 115 772716
254 24929 36333 79 339393
255 24931 29071 6 7638
256 25032 28079 128 132496
257 25501 32219 29 37544
258 25681 30280 7 13545
259 25756 33583 63 106341
260 25850 26475 70 43634
261 25903 26780 131 106480
262 26052 37613 145 1010299
263 26141 27260 25 3308
264 26440 29388 66 37250
265 26631 30807 40 39483
266 26768 30616 56 128958
267 26799 35878 103 957288
268 27030 32238 95 184260
269 27067 27266 8 2117
270 27109 28251 54 36832
271 27154 36080 117 874080
272 27225 46166 102 1136080
273 27242 30871 35 26676
274 27352 32383 108 210803
275 27382 36085 75 250245
276 27387 27397 10 56
277 27443 32287 14 49842
278 27556 31346 141 188629
279 27665 29562 51 23335
280 27723 29827 27 46684
281 27853 29259 74 50976
282 27975 43691 142 905750
283 28063 30560 17 22433
284 28074 34352 7 25397
285 28105 31472 63 118194
286 28164 31011 12 14449
287 28263 42254 75 1122647
288 28283 33219 137 544121
289 28383 34594 19 64853
290 28604 29781 50 17297
291 28627 34444 60 62097
292 29209 31464 38 26299
293 29393 33344 88 135811
294 29458 30723 93 31343
295 29481 30517 143 142286
296 29527 37355 10 24708
297 29696 30452 14 11233
298 29707 31889 52 39826
299 29867 31246 91 42564
300 29910 31034 90 79061
301 30060 38099 15 59738
302 30205 30776 137 26118
303 30215 30470 82 6088
304 30239 31431 60 35971
305 30267 41497 24 122243
306 30317 31134 81 45864
307 30339 37068 6 13196
308 30406 30637 136 20458
309 30418 33265 48 48334
310 30430 32414 28 13686
311 30578 31584 90 36462
312 30597 40463 24 93272
313 30665 35250 65 355870
314 30679 34477 7 19983
315 30832 34633 36 47739
316 31056 32791 32 6759
317 31102 32408 12 6601
318 31125 38798 137 211265
319 31139 47908 32 159932
320 31148 36699 131 412420
321 31208 39598 81 208314
322 31213 39085 32 113730
323 31250 35532 93 220961
324 31322 34059 22 30682
325 31362 38397 7 18240
326 31437 33204 7 4411
327 31449 33642 99 53938
328 31485 36497 6 9716
329 31523 35295 5 5275
330 31553 35615 90 106229
331 31685 39988 12 32685
332 31694 36960 29 48045
333 31732 41142 70 242950
334 31837 50673 62 599578
335 31898 35028 130 186824
336 32269 32521 111 19689
337 32425 33457 36 10936
338 32464 43335 42 212031
339 32477 35617 30 29930
340 32731 39908 6 26110
341 32866 34807 65 24245
342 32898 43186 50 246161
343 32909 33829 139 42740
344 33130 47403 4 25183
345 33196 41778 7 15576
346 33200 34104 135 64964
347 33582 41424 57 306223
348 33651 37619 13 21692
349 33717 45455 54 142503
350 33795 40543 90 315936
351 33874 34832 27 14457
352 33970 36019 12 5063
353 34152 36356 35 68086
354 34155 36320 61 61736
355 34322 65210 13 176709
356 34542 35662 138 48826
357 34546 35642 8 3994
358 34575 46280 142 622219
359 34710 37401 44 57839
360 34771 36253 23 14091
361 34822 42446 55 110692
362 34886 42292 106 166689
363 35067 45424 90 226356
364 35161 44849 85 240833
365 35184 58623 140 3358915
366 35576 42499 46 177638
367 35669 36328 29 12071
368 35810 45551 35 104128
369 35906 38474 11 9540
370 35926 40503 22 42534
371 36037 38665 36 104509
372 36181 42633 39 175596
373 36186 51415 126 1582502
374 36194 38149 13 11096
375 36249 40361 116 300775
376 36293 37296 24 11726
377 36364 37824 135 58977
378 36392 42126 114 292785
379 36494 40092 15 31387
380 36573 47172 94 750240
381 36578 39325 94 143698
382 36696 40716 108 151954
383 36886 39258 26 28880
384 36939 37081 81 7488
385 36945 40790 69 72981
386 36961 37780 96 50969
387 37104 38089 44 6740
388 37259 48180 74 247863
389 37297 40838 29 87149
390 37417 42095 32 40983
391 37550 39730 37 65775
392 37572 38283 41 16407
393 37655 39113 104 95234
394 37664 54059 64 267308
395 37666 41203 35 57426
396 37767 46017 121 183682
397 37787 41504 29 28742
398 37977 46685 60 353790
399 38074 45248 54 161284
400 38083 39281 4 2266
401 38090 45802 27 88237
402 38168 41338 125 386057
403 38196 40480 134 115760
404 38525 42312 9 29093
405 38622 51589 12 159471
406 38753 43103 86 140060
407 38771 70913 70 401934
408 38843 42338 7 10096
409 38863 39419 24 15004
410 38883 41370 24 30512
411 38946 51854 29 342620
412 39139 39406 45 12829
413 39163 40307 83 46335
414 39344 41861 145 91238
415 39397 39633 90 8416
416 39549 47625 9 29062
417 39772 41716 54 80647
418 39844 49874 50 99415
419 39888 46273 121 222305
420 40002 48931 49 108539
421 40186 42992 50 30156
422 40293 41618 146 114239
423 40296 47891 71 231735
424 40455 67783 92 459398
425 40819 43703 54 120727
426 40957 46461 21 40476
427 41143 51141 143 812280
428 41358 41973 37 8911
429 41396 41826 8 1284
430 41428 49735 55 70688
431 41448 49383 29 108063
432 41559 42852 90 100924
433 41661 42121 51 18132
434 42019 55953 38 272562
435 42107 45628 9 21716
436 42125 42657 35 16096
437 42131 48715 6 18987
438 42167 47294 113 124483
439 42168 42381 58 5570
440 42237 45626 132 98305
441 42380 51684 27 50674
442 42503 50400 9 18721
443 42538 47026 5 15515
444 42668 43432 54 58772
445 42969 49539 24 93194
446 43045 43318 56 10234
447 43082 45239 58 45632
448 43304 43868 63 34890
449 43399 49010 96 297922
450 43416 47720 119 218038
451 43611 44924 81 56947
452 43657 44528 13 4146
453 43743 50394 47 99499
454 43918 45266 93 27401
455 44241 49063 10 38962
456 44264 47163 67 218525
457 44403 48492 15 38940
458 44472 50675 5 6039
459 44494 45067 132 29326
460 44538 47548 6 6610
461 44581 54012 81 158702
462 44628 45205 53 7796
463 44644 56756 25 131021
464 44655 46407 50 85572
465 44872 55962 49 242628
466 44989 48330 36 93467
467 45062 45669 126 18583
468 45081 47109 31 30397
469 45133 45488 140 9901
470 45196 46602 39 26425
471 45284 45536 109 13930
472 45522 46134 69 12375
473 45652 46314 148 37061
474 45805 51101 49 183183
475 45897 48071 93 65760
476 45963 53432 10 17380
477 46244 52828 49 178137
478 46285 52916 112 394773
479 46329 53257 81 1038884
480 46331 51232 132 275808
481 46346 47646 91 38612
482 46486 52021 28 64700
483 46503 49680 111 182596
484 46662 48972 140 138152
485 46668 50016 57 64325
486 46677 50996 21 44599
487 46719 55581 114 619913
488 46961 53035 89 236782
489 47000 47390 131 26400
490 47097 59784 67 316239
491 47375 47954 137 26423
492 47458 47461 42 142
493 47467 52852 73 122525
494 47547 49465 92 73832
495 47551 50818 72 340513
496 47567 53442 11 51839
497 47628 53569 5 18196
498 47639 48257 50 19702
499 47681 49012 19 11499
500 47788 48395 72 11737
501 47966 53984 21 38233
502 48113 50753 7 19797
503 48439 51731 56 28284
504 48500 49725 16 9969
505 48588 49763 65 154091
506 48629 54448 8 22967
507 48639 56631 8 14679
508 48643 55556 104 361536
509 48853 55719 22 43990
510 49003 54085 72 127091
511 49078 55180 6 11781
512 49347 51048 88 54365
513 49382 54577 5 8217
514 49463 55583 5 5364
515 49546 57279 13 45169
516 49566 54214 32 17687
517 49681 74158 5 63607
518 49738 51696 119 59118
519 49993 59084 86 284686
520 50104 53244 117 213629
521 50107 55422 47 108009
522 50154 50288 92 12431
523 50162 57482 8 61217
524 50223 52989 70 49785
525 50260 50393 33 4071
526 50438 58120 117 984116
527 50443 51401 8 1986
528 50686 58076 10 49679
529 50699 52081 18 21923
530 50730 53019 5 7980
531 50882 58118 16 54622
532 50932 54270 10 14832
533 50973 51417 123 26968
534 51018 72068 9 54209
535 51029 51100 56 1513
536 51128 54715 35 66254
537 51209 52904 6 7336
538 51213 51451 65 1967
539 51474 59364 132 197745
540 51699 52295 71 25781
541 52039 54617 40 63442
542 52089 52106 54 358
543 52108 52217 105 2865
544 52176 53778 123 99177
545 52194 58682 116 142525
546 52298 60086 88 377971
547 52392 57923 79 114235
548 52413 58152 99 355628
549 52511 58321 70 111367
550 52545 99964 85 1215066
551 52787 65675 112 509855
552 52947 55467 127 198975
553 53054 61566 22 65867
554 53079 55545 70 52491
555 53230 57752 102 175558
556 53275 55726 64 57892
557 53360 53739 14 2259
558 53361 63629 87 554830
559 53484 60444 21 50744
560 53671 54979 72 56153
561 53687 64523 7 15858
562 53742 54162 102 13684
563 53779 56440 17 12508
564 53837 60995 11 32789
565 54199 55209 31 9676
566 54350 54865 72 39282
567 54356 56763 118 96627
568 54390 61756 28 71423
569 54474 57324 8 14259
570 54708 55909 80 32616
571 54719 59714 40 32687
572 54855 55229 86 16769
573 55129 60863 26 127040
574 55385 61690 13 29063
575 55396 69282 125 158041
576 55661 59286 41 14054
577 55709 56084 101 21727
578 55748 61838 9 23126
579 55806 71140 11 33006
580 55814 61091 84 356471
581 55816 57826 89 73358
582 55834 57088 77 47351
583 55897 61938 129 173976
584 56211 83311 74 1383008
585 56238 77586 120 997404
586 56256 73077 28 202735
587 56528 66518 91 203648
588 56539 57007 63 9639
589 56812 57830 145 68208
590 56961 60847 115 114352
591 57302 60468 36 28802
592 57538 64162 147 439604
593 57590 57636 82 1034
594 57672 64150 24 61381
595 57798 57929 5 788
596 57883 62040 86 544824
597 57926 63774 55 148526
598 58000 59588 78 61657
599 58042 69434 142 560659
600 58220 67958 103 972527
601 58243 78160 112 1100435
602 58312 58607 7 643
603 58319 58454 10 1021
604 58393 58470 18 522
605 58603 61396 13 26832
606 58621 60123 128 41019
607 58696 61252 24 39818
608 58723 59389 16 6876
609 59026 60079 6 4242
610 59645 67535 26 85107
611 59821 61832 52 78732
612 59859 60399 8 3673
613 59876 61681 28 20748
614 59938 70224 126 358638
615 59954 68177 128 314192
616 60067 62873 103 53661
617 60173 61462 17 8033
618 60183 72214 15 94471
619 60294 73034 42 196522
620 60348 63247 11 22299
621 60458 65177 66 74821
622 60553 63776 43 60803
623 60696 61261 12 4487
624 60725 62220 4 4614
625 60851 96341 145 659053
626 61185 67659 107 333201
627 61224 64467 58 98559
628 61303 61640 12 3413
629 61388 65263 48 114249
630 61461 81188 80 502720
631 61588 77458 16 175122
632 61704 67846 106 303673
633 61853 63617 100 124393
634 61862 62602 25 12958
635 62007 64021 30 36330
636 62092 77170 47 90570
637 62122 72541 96 684365
638 62189 67060 34 53120
639 62300 74229 85 341517
640 62407 63490 24 22549
641 62441 75071 133 787612
642 62511 69098 69 122119
643 62844 73189 36 174146
644 62853 64957 81 61733
645 62955 70140 16 78451
646 63144 63329 19 1374
647 63185 66755 31 42297
648 63205 66007 53 198358
649 63259 63489 13 4978
650 63379 64440 22 9684
651 63502 80280 103 477822
652 63610 76756 14 75155
653 63637 70852 146 1880656
654 63639 70396 79 145025
655 63685 69736 140 113862
656 63740 64137 28 14131
657 63764 77520 122 516252
658 63822 66472 96 85059
659 63933 66816 6 14475
660 63954 85167 7 34212
661 63976 68336 23 66147
662 64211 64566 12 1430
663 64462 66522 45 28876
664 64661 68852 146 389865
665 64685 82595 35 406175
666 64690 65227 19 4192
667 64772 88330 9 98914
668 64831 73524 27 109700
669 64902 66410 32 12187
670 65048 66866 63 135998
671 65253 65392 58 939
672 65374 67700 62 43995
673 65400 69049 67 99818
674 65415 66584 11 1951
675 65448 65773 136 28462
676 65459 68728 42 100305
677 65492 69723 105 169831
678 65601 70933 104 266169
679 65640 75228 109 155801
680 65824 68849 124 100167
681 66384 73556 55 259528
682 66389 70783 21 17687
683 66469 80885 110 904058
684 66504 67610 129 108245
685 66604 77372 89 389043
686 66620 67689 94 216820
687 66773 78259 74 348657
688 66911 75863 33 131203
689 66941 76012 12 16442
690 67016 71122 4 4461
691 67257 69114 13 14354
692 67272 72520 122 254343
693 67342 69364 47 194207
694 67381 67856 89 52687
695 67418 69402 104 149857
696 67420 70228 123 116406
697 67465 67500 8 172
698 67584 72767 51 22495
699 67603 77757 73 476482
700 67618 87333 67 438223
701 67714 69718 9 5815
702 67839 86961 83 1204728
703 67918 77049 122 425369
704 68022 70435 4 6928
705 68032 74508 23 61684
706 68098 76501 37 91349
707 68113 69167 16 4717
708 68283 70116 13 22284
709 68309 72104 26 18205
710 68311 71070 128 99580
711 68434 75072 115 212122
712 68481 71566 138 329587
713 68487 70397 71 110198
714 68544 69447 20 14180
715 68623 74882 75 271487
716 68633 73394 64 98767
717 68650 71558 76 197846
718 68898 76831 5 44765
719 68935 76697 28 191366
720 68991 78369 120 689942
721 69004 69348 90 7870
722 69149 71786 11 7334
723 69188 73116 20 22797
724 69249 73066 105 149588
725 69328 74447 11 84669
726 69368 69509 70 3242
727 69566 73306 141 150959
728 69615 89112 16 175041
729 69640 75354 41 36947
730 69693 71239 94 171642
731 69735 74798 23 109231
732 69854 75779 70 107265
733 69873 70715 78 60765
734 69888 69988 77 5430
735 70009 72699 47 144536
736 70049 77150 37 65145
737 70151 78219 88 607708
738 70167 73255 83 139302
739 70210 72953 30 95303
740 70417 70559 23 1966
741 70696 76483 42 100130
742 70750 75477 55 66044
743 70772 76639 43 465191
744 71007 74630 95 246789
745 71076 72436 38 67207
746 71080 72046 70 28434
747 71205 73563 141 66118
748 71220 78776 32 248925
749 71379 78895 90 795228
750 71413 76887 12 21552
751 71499 74792 143 182380
752 71555 73672 67 45187
753 71797 75784 15 19204
754 71838 72358 106 35584
755 71967 74946 38 90466
756 72322 76013 18 63772
757 72337 83384 122 309522
758 72431 76675 16 31439
759 72464 74824 58 52375
760 72490 77668 15 18636
761 72504 75758 106 168128
762 72564 76165 71 64116
763 72636 75715 64 31926
764 72667 83882 103 512406
765 73356 77779 103 158090
766 73562 73615 116 5738
767 73609 76541 74 52675
768 73639 77350 9 8584
769 73669 75365 65 28403
770 73770 75466 17 20185
771 73833 75904 121 198499
772 74017 74184 21 3814
773 74123 77729 55 50668
774 74261 76427 67 30676
775 74522 76605 25 24934
776 75034 82382 17 19815
777 75061 77144 34 26593
778 75110 92573 5 36728
779 75286 76825 123 73345
780 75372 76656 32 33406
781 75659 78549 101 131307
782 75751 77159 74 54486
783 75765 80932 142 405229
784 75809 78325 9 5631
785 76058 77669 81 57686
786 76070 81695 7 22900
787 76181 79318 45 8743
788 76188 86220 33 101759
789 76252 77018 8 2384
790 76332 83691 75 377929
791 76428 84170 16 31623
792 76468 77499 47 21194
793 76829 80019 92 87627
794 76930 88237 15 38859
795 76974 80026 136 152206
796 76985 77508 139 17218
797 77198 80622 69 147294
798 77222 89600 104 1207210
799 77279 86982 48 107200
800 77301 80234 54 127455
801 77370 78373 149 130623
802 77485 79012 141 102683
803 77574 81534 101 232868
804 77633 96004 32 268647
805 77643 86693 12 60708
806 77761 84759 56 135485
807 77816 82249 47 143785
808 77925 86588 26 47474
809 77942 78724 25 4794
810 78124 78866 46 13023
811 78189 88899 29 67544
812 78324 80652 14 15827
813 78392 78651 80 8457
814 78408 83410 141 544886
815 78433 84207 45 110505
816 78485 82439 44 124375
817 78714 79863 25 45437
818 78723 81108 21 36751
819 78856 87396 35 64484
820 78857 80361 52 12563
821 78881 87259 36 101415
822 79038 79877 10 2855
823 79052 82132 129 335473
824 79094 87771 25 247392
825 79179 84178 13 15882
826 79190 81103 107 42461
827 79217 87369 117 513306
828 79235 79709 149 51124
829 79288 83053 11 12157
830 79331 81918 14 10821
831 79396 80581 78 87618
832 79417 83022 77 159717
833 79518 82348 77 41113
834 79525 81932 9 7856
835 80089 84601 77 155018
836 80237 85262 13 69153
837 80320 82730 74 63141
838 80381 89057 59 67088
839 80433 83983 64 159159
840 80538 85349 126 87527
841 80555 80760 42 2302
842 80698 84090 20 47828
843 80761 84309 74 64078
844 80835 81123 52 5378
845 81091 91650 64 305635
846 81125 83487 140 219978
847 81234 89606 47 294060
848 81332 82200 27 11754
849 81361 88812 47 194626
850 81423 81641 147 19752
851 81500 82671 47 34558
852 81597 84307 147 169300
853 81681 86938 88 151868
854 81783 84658 55 180232
855 81789 84781 111 79120
856 81818 85464 92 93124
857 81899 83874 42 83266
858 81927 81964 92 3071
859 82060 82193 4 363
860 82300 85335 68 147656
861 82354 83416 136 106173
862 82516 90385 68 409804
863 82524 90599 29 275329
864 82771 83194 4 1154
865 82948 89338 17 33410
866 82962 85364 127 159419
867 82972 84056 147 123035
868 83068 87376 14 40925
869 83212 88795 10 28232
870 83357 96850 57 191495
871 83542 86054 130 92291
872 83649 99068 88 2411981
873 83682 85013 83 120002
874 83750 85486 127 95710
875 83770 88978 40 83016
876 83971 86944 74 90710
877 84041 91348 72 446127
878 84126 85610 118 43027
879 84277 92639 67 284381
880 84308 89220 47 67595
881 84423 87258 105 128540
882 84460 88869 126 213935
883 84550 88383 147 104473
884 84588 98646 135 377943
885 84825 87594 98 253267
886 84952 88833 70 193856
887 85157 90477 8 13912
888 85205 85952 147 49686
889 85260 85688 9 1218
890 85675 88060 86 37065
891 86256 86341 128 10767
892 86465 87364 18 4059
893 86587 90101 23 26396
894 86696 90885 8 38535
895 86700 88345 110 102040
896 86859 93542 74 62349
897 86943 94121 86 194157
898 87048 91258 122 272122
899 87286 99355 66 288134
900 87381 89006 13 16537
901 87446 93153 42 181790
902 87503 91198 26 79802
903 87650 89717 60 45645
904 87755 93239 40 63136
905 87758 92167 25 21717
906 87820 97177 35 635236
907 87837 88785 63 29030
908 87943 88957 48 24286
909 87994 88585 108 49716
910 88087 94427 11 63843
911 88093 92183 6 15163
912 88291 90891 91 151961
913 88376 97445 18 171935
914 88443 89704 27 20285
915 88475 90115 25 12748
916 88517 90157 70 37642
917 88546 97790 18 85601
918 88774 92559 111 178444
919 88834 91675 48 78059
920 88898 90238 148 111567
921 88917 89040 30 6978
922 89025 92229 25 25610
923 89444 91081 119 117660
924 89630 97106 33 184595
925 89659 89929 142 20603
926 89724 91148 56 34406
927 89760 96582 54 92855
928 89861 95007 40 163656
929 89885 90000 75 2830
930 90174 91024 147 71193
931 90205 91149 57 25063
932 90287 92174 54 32059
933 90364 96206 23 49023
934 90419 95629 77 351569
935 90437 91374 118 68684
936 90489 95752 135 377154
937 90692 97610 30 106480
938 90735 90827 10 932
939 90862 99555 32 255829
940 90874 93850 117 175478
941 90925 91883 75 44011
942 91067 91441 40 10481
943 91107 97976 18 27323
944 91208 91854 13 2875
945 91242 93300 126 71253
946 91244 95733 12 26500
947 91420 93686 123 91687
948 91507 95016 18 18069
949 91644 98084 9 20669
950 91668 93577 8 3055
951 91759 93094 17 22753
952 91870 92363 53 24951
953 91933 99599 137 1197274
954 91953 93227 119 33228
955 91978 93421 107 24047
956 91979 92271 21 6252
957 92187 93779 34 17160
958 92337 93373 79 125562
959 92405 92487 59 4486
960 92435 97119 38 33822
961 92464 95590 10 17167
962 92543 98662 9 29643
963 93176 95129 123 84762
964 93772 94604 101 19989
965 93799 96599 105 214102
966 93824 99278 136 274505
967 93937 94381 66 20153
968 94118 94385 19 3374
969 94426 96018 51 41956
970 94577 94877 124 13591
971 94585 97401 91 219017
972 94596 96817 124 73666
973 94659 94890 4 643
974 94808 96506 32 12066
975 94874 95915 82 48805
976 94982 97004 77 102836
977 94994 99731 40 184129
978 95120 96541 21 18510
979 95282 98191 7 4522
980 95432 98254 23 34995
981 95775 95799 7 197
982 95787 95998 76 5753
983 95816 99094 14 16041
984 95946 97498 38 32954
985 95975 97562 41 29118
986 96252 96754 30 7195
987 96788 97182 107 10448
988 96879 97745 67 27359
989 96989 97287 14 2638
990 97204 97669 11 1535
991 97258 99689 48 49855
992 97372 98056 20 3767
993 97547 98550 75 79609
994 97609 98046 43 8501
995 97811 99362 145 81945
996 98138 98378 28 3896
997 98162 99440 139 124292
998 98257 99391 5 2065
999 99284 99902 11 4600
