50 1000 0.065
..................................##.....#.......#
..........................####....##....##......##
..#..........###............##...###...####....###
####......#.####.............#.....#..#.###.....##
..##.....##..####..........###........###.#.......
........###..#####..........#.........#.###.......
.......##.###.###....................######.......
.......##...#..#...####..............######....#..
...................###.................####...##..
....................####................###....#..
.....................#...............###..##...##.
....................#.......###.......###..#.##..#
............#..#....###.....###....##..###....####
..........###.###.....#.....####....##.####...#.##
...........#...##.....#.....######.##.#..##....###
..........#.....................#..#######...####.
.........####.....#............#########......####
.........#.###...#######.#......###.##..######.###
............#...#####..###......#####..#####..####
................####...#...........#...##.#......#
..................###..##.....#........##.#.......
............#.#..####.......###........#..........
............###...#####....#####..........#..#....
...........###..#.####....##..####........####....
...............####.##.####.#.###.###.....##....##
..#.............##...########..##.##....#####...#.
####..#.........##....#..#####.#.#.#....#.##......
###..###........###...##.#.#.#..######....#.......
####.###..........##.#####..##.######.............
.##..............###.#..###..####.###.............
.##...##.........###...#####.###...###............
.....###........####....#.#..#.#....##.......#....
.....##.........#.##..........###.##........##....
....####........................####.#.......##...
......#........###...............#.###........#...
..............##................##..#....#....#...
...........####..................#..#.#.####......
.............#........................##.##.......
....##.#...###.......................#######.####.
....#..##...###.....................####..#...#...
..###.#########..................#.##.....#...##..
.####.#.#..#.#.............###...#.#..............
....####..###...............########.####.........
..........###.#..............####.#.######........
......#.########.............##.####...#..###.....
..#.###..##.####..............#.#.##......####....
#..#.###...##.#............................#.#....
######......#.....................#...............
####............................#.##..............
###.............................####..............
0 285 1994 25 29283
1 481 9094 6 49740
2 585 12753 112 1022425
3 817 3791 26 79772
4 960 5335 35 187785
5 1576 97610 138 7644378
6 1728 10799 24 105355
7 1758 8169 67 85046
8 1816 11904 48 77845
9 1848 4102 129 142229
10 1936 10767 21 118948
11 2417 2455 113 1805
12 2589 9860 134 248441
13 2748 7545 125 219192
14 2888 22080 15 128912
15 3118 4666 96 72000
16 3216 10028 32 61024
17 3309 7486 27 107006
18 3320 3924 91 51736
19 3336 10086 13 35018
20 3359 5176 29 61198
21 3397 3630 83 16317
22 3400 5379 14 28732
23 3418 6671 132 68060
24 3454 20871 70 327643
25 3478 3740 17 2057
26 3489 5160 19 36560
27 3674 4335 123 62734
28 3696 8292 142 382271
29 3844 9853 110 183893
30 3869 15542 123 258367
31 3885 10546 25 228424
32 4014 10876 61 86717
33 4211 31885 5 46814
34 4434 5876 9 12044
35 4637 12513 59 90928
36 4706 30000 58 665996
37 4734 17525 129 1341017
38 5184 22113 29 208102
39 5228 13888 119 405649
40 5244 6955 28 19791
41 5390 12608 134 808380
42 5410 17989 117 499720
43 5555 11085 105 149838
44 5633 21477 125 451844
45 5669 6555 99 46531
46 5769 26277 8 127562
47 5813 29658 45 662833
48 5899 9981 81 209288
49 5982 10477 67 109184
50 6129 7436 83 87582
51 6267 29553 13 92206
52 6343 15515 50 195978
53 6452 11392 83 120686
54 6597 7531 39 21200
55 6827 11158 32 33585
56 6844 25323 12 46026
57 7052 23612 19 355347
58 7086 7796 5 1147
59 7241 12755 121 209927
60 7314 10169 95 48000
61 7357 11317 129 277290
62 7466 22066 149 718632
63 7789 22925 27 76062
64 7892 19175 62 444834
65 7944 9249 111 97334
66 8172 10667 120 130918
67 8231 8822 13 5292
68 8255 9871 137 162234
69 8290 11298 76 123176
70 8362 11619 131 359624
71 8379 25630 46 291793
72 8508 24882 68 225192
73 8594 14525 48 95696
74 8600 14664 94 254935
75 8684 22200 134 1581438
76 8701 8945 102 34740
77 9039 11150 95 72256
78 9151 10336 5 4933
79 9200 23474 138 396792
80 9205 9537 11 1748
81 9396 19753 30 120402
82 9404 11486 84 160662
83 9471 9810 31 8410
84 9520 28355 8 22067
85 9795 15243 24 54372
86 9835 19583 32 117950
87 9905 14542 45 113304
88 10088 13549 86 68223
89 10206 11359 127 63493
90 10341 16119 67 175668
91 10377 65192 4 34990
92 10381 11750 22 36465
93 10387 13653 33 49960
94 10454 12498 83 124225
95 10521 18169 5 15488
96 10782 16936 130 469898
97 11099 38741 12 167733
98 11125 14813 92 138283
99 11293 26997 13 63550
100 11337 17780 117 569944
101 11386 11564 19 4517
102 11497 11814 106 13759
103 11752 15484 114 209882
104 11848 29211 24 214117
105 11882 27429 42 125655
106 12177 12275 43 2862
107 12200 32771 70 332258
108 12646 18493 35 38847
109 12750 24521 8 40489
110 12881 32393 13 63653
111 12971 21659 4 50828
112 13043 16495 121 111953
113 13159 23841 142 1370326
114 13433 19651 100 177514
115 13529 14200 44 31391
116 13598 19124 91 269966
117 14044 15435 25 17909
118 14209 15952 79 89519
119 14528 24841 43 98044
120 14576 16833 35 61428
121 14597 25109 87 686597
122 14670 17902 24 99189
123 14785 16203 67 88853
124 14835 17355 75 262523
125 14844 18531 13 46510
126 14895 21035 137 198163
127 14996 29999 42 231531
128 15031 24059 14 64511
129 15041 23307 114 384071
130 15069 22901 37 78956
131 15203 16843 118 174055
132 15242 18227 40 35525
133 15249 20884 4 3415
134 15252 17922 35 21335
135 15270 18768 16 30265
136 15292 21461 67 229942
137 15347 17036 28 24854
138 15378 37068 40 838175
139 15462 15888 12 3936
140 15547 20732 102 97414
141 15569 27077 111 730007
142 15617 16066 19 3822
143 15679 51265 17 169798
144 15869 16064 44 14885
145 15956 25888 16 43237
146 16011 44572 22 312069
147 16032 16722 63 31657
148 16147 55578 47 554916
149 16220 19523 106 124381
150 16238 22983 63 880642
151 16314 24051 82 267992
152 16361 16906 28 14247
153 16454 19969 96 100736
154 16465 17113 24 4887
155 16481 27505 82 553654
156 16553 33000 14 45984
157 16605 21749 53 91802
158 16667 22887 8 39698
159 16750 17978 149 183799
160 16810 23948 82 317845
161 16910 20023 79 90812
162 17016 21670 22 33717
163 17029 22594 5 37636
164 17092 29580 17 30160
165 17252 20763 73 63472
166 17687 23029 80 101166
167 17732 24085 95 128447
168 17762 20553 22 31143
169 17771 25240 105 684458
170 17777 17934 137 48294
171 17803 23130 90 105829
172 17822 27502 10 50083
173 18107 29098 62 355186
174 18202 21306 32 50143
175 18320 30916 76 291660
176 18468 25697 8 42396
177 18755 21743 78 104056
178 18804 19137 15 1976
179 18840 22407 134 260281
180 18879 19166 37 8055
181 19016 19680 63 7660
182 19037 36875 12 86570
183 19076 19227 46 2544
184 19171 21079 135 167556
185 19371 23849 106 204446
186 19479 20443 37 44973
187 19495 25385 49 272370
188 19531 29527 71 215545
189 19573 27337 86 420301
190 19574 24613 40 84113
191 19786 32329 78 313445
192 19819 45527 6 81052
193 19842 32951 37 82574
194 19874 22136 129 223824
195 19933 21504 87 50536
196 19988 27754 121 426543
197 20068 27280 48 149246
198 20456 20793 28 3472
199 20490 22154 127 81445
200 20514 29765 70 244729
201 20725 28257 5 9365
202 20782 22188 34 37794
203 20790 47653 72 272926
204 20879 23558 35 46160
205 20903 24662 22 32591
206 21000 23575 136 101342
207 21089 24421 19 17199
208 21175 35326 101 479989
209 21272 27598 41 337650
210 21282 29780 150 291907
211 21295 36171 32 231221
212 21521 21807 30 6914
213 21601 26373 116 287201
214 21634 32732 70 229002
215 21665 52754 27 574965
216 22007 25850 91 91796
217 22034 42789 99 550946
218 22219 32695 44 109477
219 22326 26345 46 64951
220 22380 41809 44 603975
221 22476 28147 21 61479
222 22586 27588 111 237765
223 22617 32364 30 173075
224 22620 24502 31 15319
225 22649 24692 80 76432
226 22656 28267 75 177253
227 22669 23439 51 15540
228 22908 50414 40 350427
229 23022 30896 113 333519
230 23166 28094 92 80104
231 23294 24478 18 11944
232 23502 27921 50 84243
233 23646 27224 11 8914
234 23758 24538 39 23772
235 23797 27647 62 109121
236 23830 36186 36 262954
237 24044 28637 77 69921
238 24157 24651 29 9924
239 24319 29301 13 19896
240 24368 27334 75 64707
241 24556 30589 44 126251
242 24660 25512 110 55271
243 24730 31100 17 54483
244 24959 50577 21 87601
245 25135 27344 51 78719
246 25192 28460 48 136036
247 25358 25999 32 8507
248 25445 34417 150 1618107
249 25490 44911 49 1179914
250 25507 38491 145 1583189
251 25513 35794 130 1683539
252 25584 36677 63 356377
253 25659 39662 120 182995
254 25732 27109 41 17842
255 25766 59818 16 594657
256 25792 32777 26 211523
257 25839 28986 26 13855
258 26237 34468 52 126011
259 26342 41852 72 226058
260 26390 27554 14 8008
261 26493 34861 55 63456
262 26542 44844 88 674147
263 26588 29261 89 120656
264 26600 93880 25 964872
265 26652 36836 140 218010
266 26664 29074 114 160266
267 26696 36647 6 11363
268 26701 33239 15 46395
269 26747 27627 42 20275
270 26813 28719 91 54062
271 26835 43829 86 537838
272 26856 32433 32 15625
273 26908 31966 58 141213
274 26970 31319 121 112745
275 26971 29060 139 471395
276 27012 28968 25 30082
277 27029 28058 138 134134
278 27244 29870 36 123852
279 27386 29914 44 26124
280 27444 27589 123 5880
281 27515 31830 75 160738
282 27548 29243 87 29001
283 27575 44883 137 1166411
284 27585 32634 9 6683
285 27657 30833 10 8027
286 27870 28063 64 4339
287 27898 29619 33 12863
288 27910 33682 7 5291
289 28096 43014 18 63190
290 28208 32939 40 41954
291 28255 31399 47 106108
292 28540 31330 76 135394
293 28555 33370 32 47475
294 28755 40039 90 299285
295 28834 36089 10 27579
296 28859 29361 8 2338
297 28992 33297 53 92724
298 29040 31746 28 49210
299 29076 51788 101 589129
300 29149 34970 147 565086
301 29165 29469 68 21982
302 29338 60255 81 958339
303 29372 42205 109 522339
304 29388 47985 52 327584
305 29541 47448 46 311054
306 29629 40993 30 167988
307 29656 35866 148 417353
308 29657 42410 94 568505
309 29762 36930 122 384027
310 29852 54475 56 201087
311 29874 48138 4 14783
312 30007 38737 9 15057
313 30022 33541 8 17051
314 30170 36058 11 30382
315 30271 41689 26 103786
316 30315 37645 42 417406
317 30360 32694 65 175735
318 30436 31510 74 116202
319 30513 32681 13 9724
320 30613 36426 140 212983
321 30661 32180 66 23485
322 30868 31326 43 10637
323 31164 31414 146 8835
324 31196 43855 35 103109
325 31228 39751 85 164149
326 31232 39188 57 117046
327 31389 33251 98 155406
328 31771 39324 144 385605
329 31802 35110 35 67520
330 31930 45537 11 152405
331 31954 38510 69 70923
332 31983 36892 10 18470
333 32065 36077 118 340023
334 32149 36226 19 66140
335 32165 39205 40 137296
336 32244 36939 61 63307
337 32318 50257 14 225144
338 32530 34746 78 132318
339 32728 39563 84 368439
340 32785 38388 90 207326
341 32796 36687 7 11072
342 32831 36028 117 145933
343 32967 34054 14 8405
344 33018 33992 78 32626
345 33036 50567 11 81926
346 33144 45001 31 158479
347 33171 36440 133 105984
348 33215 43239 80 450210
349 33246 47669 81 579721
350 33330 53500 107 402731
351 33481 38582 61 65509
352 33539 34641 11 4799
353 33547 46160 11 64909
354 33721 40325 32 195061
355 34229 50707 147 1695703
356 34389 35457 26 6841
357 34828 48223 18 49229
358 34896 45301 5 18986
359 34966 39228 124 246340
360 35021 41393 65 173949
361 35056 65753 10 216908
362 35229 42030 70 209919
363 35318 40034 120 496322
364 35516 36267 15 5564
365 35630 36442 25 18856
366 35773 38576 23 23908
367 35876 36459 10 7666
368 35909 45112 20 31168
369 36045 49223 29 186047
370 36108 38289 81 37880
371 36361 39253 137 138400
372 36444 42559 5 12758
373 36461 58905 5 36853
374 36513 39356 102 283791
375 37108 49619 6 20410
376 37192 39031 65 29806
377 37300 48358 58 499425
378 37448 43963 15 32789
379 37540 57987 99 1073646
380 37563 39981 23 22993
381 37663 41898 17 22412
382 37720 62707 4 80558
383 37768 54403 5 26354
384 37776 40065 33 107148
385 38120 42523 14 16011
386 38135 62603 4 51984
387 38233 38885 9 6881
388 38280 66809 45 852358
389 38488 41465 26 74668
390 38638 55774 141 925462
391 38682 40887 147 174322
392 38768 39758 125 82324
393 38796 39543 109 17937
394 38894 44794 148 248784
395 38896 45026 77 146736
396 39059 41388 144 230290
397 39234 43259 20 48874
398 39256 39271 43 471
399 39268 41936 56 95722
400 39279 39909 41 19707
401 39338 52110 40 120729
402 39534 56815 48 292502
403 39587 44567 123 160039
404 39700 50002 109 602719
405 39835 42653 37 149611
406 39842 42751 10 30850
407 39847 47125 68 153880
408 40092 43513 63 73760
409 40207 47577 33 150917
410 41087 49500 50 434631
411 41088 45120 73 56236
412 41118 49753 113 1447133
413 41146 45964 129 217643
414 41184 42764 26 42554
415 41213 41320 5 379
416 41314 53802 126 351946
417 41318 76474 12 92187
418 41542 48259 12 54374
419 41589 55853 137 538682
420 41666 46438 130 592175
421 41744 54350 77 703125
422 41795 44739 39 54973
423 41915 43859 140 157095
424 41976 46052 76 86486
425 41981 43176 133 68407
426 42096 46845 138 192892
427 42169 43687 18 14867
428 42184 61250 131 859521
429 42248 52227 9 59515
430 42261 51727 26 120897
431 42267 58160 125 391762
432 42546 49121 69 97349
433 42692 47479 30 59556
434 42741 77149 91 1809178
435 42897 47721 142 185612
436 42929 58332 94 689063
437 43001 48763 142 400954
438 43170 62401 59 403774
439 43251 65355 23 110031
440 43449 45842 105 183910
441 43462 46521 15 8637
442 43578 48099 37 64688
443 43589 44845 52 23123
444 43612 51086 5 12254
445 43762 44230 20 7469
446 43772 50505 42 113775
447 43849 46505 42 81219
448 43894 59531 53 222478
449 43976 46115 61 58656
450 44228 66819 60 281083
451 44410 64185 4 55281
452 44446 46013 5 2888
453 44550 50681 13 33843
454 44705 49801 31 111016
455 44738 48960 51 220770
456 44745 47882 24 13687
457 44777 46795 139 138796
458 44898 46145 20 29160
459 44945 51324 144 396825
460 45258 77885 57 1027216
461 45445 57831 86 349408
462 45462 48949 16 15343
463 45540 46878 64 14076
464 45575 52292 112 304942
465 45606 48962 128 196174
466 45615 90903 147 3903379
467 45667 64512 146 2028552
468 45669 48537 131 144030
469 45773 55717 113 691662
470 45995 46022 27 479
471 46034 48111 8 4527
472 46493 54114 9 19322
473 46522 46736 133 14133
474 46678 47524 108 183480
475 46738 52873 57 219671
476 46813 53883 31 85866
477 46883 50504 26 12667
478 46955 87853 22 352636
479 47002 49472 76 107185
480 47197 47770 44 45782
481 47285 51208 43 75386
482 47336 52916 5 23224
483 47404 59828 7 38803
484 47549 48551 10 5066
485 47557 82696 29 192293
486 47637 57918 59 154662
487 47664 74378 4 39383
488 47822 58884 56 245364
489 47829 47964 19 3044
490 47846 48608 62 17525
491 47928 61470 97 403437
492 47938 54950 12 25933
493 47978 50473 115 253673
494 48000 50668 5 6842
495 48031 49357 102 76610
496 48035 52559 56 76197
497 48149 49016 23 3438
498 48266 50959 109 118805
499 48390 53457 19 86485
500 48612 52058 133 191048
501 48789 50021 102 54657
502 48812 49617 149 55591
503 48849 67967 106 272283
504 48906 50059 8 10527
505 48910 52433 102 73401
506 49329 49865 7 1398
507 49373 61008 108 273962
508 49595 54906 17 44524
509 49686 49760 138 6443
510 49789 55409 10 20709
511 49917 50322 130 19871
512 49941 71392 9 51877
513 49944 66755 98 295998
514 49961 55579 47 114715
515 50037 52826 47 84071
516 50102 62123 45 635782
517 50129 52075 33 67153
518 50314 51413 19 6428
519 50324 55834 32 154015
520 50610 62911 143 1351945
521 50644 60038 70 828284
522 50665 71430 63 270778
523 50864 62990 114 429396
524 51007 64334 126 852535
525 51064 54061 22 75270
526 51414 55623 20 12034
527 51568 58378 45 138171
528 51587 53728 110 111399
529 51608 79580 22 429391
530 51666 86504 52 662208
531 51716 54433 72 169214
532 51749 89287 43 402746
533 51957 53998 78 202688
534 51983 53474 21 20595
535 52134 70544 10 162081
536 52273 53417 6 1463
537 52338 58965 50 62435
538 52429 72207 17 290420
539 52434 55062 33 29864
540 52441 67348 77 173133
541 52474 70455 65 1324362
542 52590 58625 118 419206
543 52781 66140 10 67624
544 52784 60412 98 305015
545 52785 69523 52 399069
546 52786 81074 131 800168
547 52995 68147 47 291834
548 53041 56597 42 51296
549 53178 53614 15 2709
550 53230 58710 18 50820
551 53289 62819 104 136992
552 53365 61678 117 707451
553 53366 58227 52 82192
554 53423 59875 65 237329
555 53480 56741 5 5525
556 53635 68182 5 14273
557 53666 60419 127 252265
558 53775 73006 130 833703
559 53838 60872 145 599979
560 53949 56042 11 10140
561 54029 59561 64 297735
562 54030 71972 93 636535
563 54183 55898 145 137306
564 54257 62557 12 51751
565 54394 56365 12 13274
566 54427 75690 41 473318
567 54658 81103 64 814287
568 54667 60761 144 338284
569 54881 65037 11 37415
570 55046 68481 21 43000
571 55112 59103 51 154858
572 55161 55798 6 1042
573 55211 58392 65 23152
574 55236 56620 41 40996
575 55296 56645 120 94652
576 55339 57171 57 31628
577 55378 75906 17 320647
578 55396 57138 8 4622
579 55583 56420 13 9174
580 55625 56750 64 17725
581 55698 61257 15 99209
582 55901 59458 127 335835
583 55903 57674 23 15425
584 55908 67449 130 339072
585 55926 74698 26 234087
586 55971 57840 92 53511
587 56102 57043 68 36892
588 56180 68348 86 116803
589 56225 69092 39 142171
590 56274 59132 117 193492
591 56456 57054 67 9063
592 56475 69148 4 54251
593 56683 56689 97 283
594 56990 61337 82 146789
595 57009 71637 98 371800
596 57021 65700 19 141324
597 57099 65988 65 234263
598 57139 58467 138 269012
599 57282 71982 72 277021
600 57326 66645 36 94012
601 57400 87655 7 115239
602 57596 66620 21 38171
603 57664 64068 90 315398
604 57799 79045 74 570750
605 57804 70924 7 31389
606 57957 78069 10 283767
607 57978 63045 71 255880
608 58215 84195 87 487158
609 58225 65839 29 80359
610 58287 63257 38 264321
611 58477 60860 54 69913
612 58525 60594 27 13583
613 58634 62451 124 132054
614 58713 60964 135 59494
615 58735 67266 58 209120
616 59016 75981 105 768586
617 59038 65061 115 328337
618 59044 63038 45 68045
619 59082 59835 8 1945
620 59115 64764 7 26444
621 59161 69272 63 304615
622 59214 61670 13 20242
623 59310 66729 33 60211
624 59384 60489 15 8524
625 59718 63765 73 89784
626 59874 64267 111 172978
627 60030 85331 13 31052
628 60092 62868 109 406811
629 60116 87524 137 618249
630 60137 74649 29 323072
631 60165 60686 40 7960
632 60211 63574 86 136144
633 60273 63399 18 17981
634 60365 65024 71 189035
635 60402 66440 17 25068
636 60405 67659 39 80490
637 60546 63458 18 47856
638 60736 63600 40 51768
639 60774 68439 100 213667
640 60824 64741 25 39756
641 60859 68148 43 144024
642 60935 67562 123 347414
643 61024 61815 37 15053
644 61167 66355 39 65514
645 61285 64762 117 21797
646 61562 86355 99 917945
647 61611 75150 65 493493
648 61649 69633 64 211026
649 61652 98297 52 372695
650 61958 62913 81 71647
651 61985 70328 25 47154
652 61995 80564 130 1282685
653 62074 64019 101 32014
654 62115 79883 128 574117
655 62140 71892 70 323025
656 62181 67418 100 169046
657 62268 75003 30 110681
658 62326 64398 112 54030
659 62339 71072 59 591725
660 62483 64491 132 147617
661 62540 67821 100 317437
662 62577 70529 74 367757
663 62869 75535 117 1140582
664 62871 66248 73 443056
665 62968 63152 130 10660
666 62982 65460 16 14609
667 63009 79267 7 17923
668 63100 63643 11 3060
669 63104 68416 23 54740
670 63188 73346 104 601124
671 63190 69426 21 28049
672 63210 78842 128 600642
673 63369 71532 57 119268
674 63408 87364 10 87896
675 63603 66466 69 199689
676 63608 69783 24 110300
677 63646 71354 14 106536
678 63806 83945 41 361569
679 63823 66270 71 43630
680 63910 64590 61 58435
681 63912 67332 56 214785
682 63919 65444 23 34905
683 64093 66556 49 36827
684 64149 68215 37 48797
685 64182 68402 131 336428
686 64259 83638 73 545018
687 64276 67886 104 100120
688 64692 70291 100 289243
689 64766 65601 11 5559
690 64770 75138 135 892375
691 64799 67725 18 29006
692 64810 66613 8 8744
693 64901 94717 106 1629113
694 65000 68523 39 97804
695 65272 66022 35 8129
696 65328 68586 108 111566
697 65368 72771 63 102481
698 65549 68709 90 375223
699 65799 71854 22 85342
700 65885 78710 70 322484
701 65886 67304 104 58001
702 65985 78414 14 48061
703 66026 68151 15 14045
704 66203 81559 144 598215
705 66347 72281 70 262984
706 66363 77047 60 279939
707 66490 71336 74 109167
708 66610 73651 10 53022
709 66666 68860 29 30723
710 66851 68280 68 126673
711 67015 77706 119 443752
712 67068 75376 61 166410
713 67199 73932 4 10182
714 67216 76074 37 163835
715 67336 86893 121 1153119
716 67347 74186 55 250609
717 67497 81574 110 296766
718 67548 69776 135 142681
719 67633 71023 38 118204
720 67675 70321 38 29578
721 67782 77815 60 73150
722 67814 94003 134 1890851
723 67911 68711 5 2503
724 67918 82002 85 617904
725 67940 69894 116 62683
726 67961 81746 32 145237
727 68023 94877 25 220238
728 68436 86930 111 522659
729 68498 74617 36 235483
730 68580 69320 11 6183
731 68590 68838 9 2271
732 68667 84345 8 126890
733 69144 84264 15 52068
734 69225 82114 40 268463
735 69227 89237 74 853485
736 69235 84369 6 53365
737 69365 73898 17 68215
738 69707 71677 43 80895
739 69722 99856 124 1357612
740 69756 78207 5 18922
741 69800 70019 5 1285
742 69848 74317 78 139505
743 69910 72005 116 58625
744 69994 72127 16 39454
745 70344 80089 14 42602
746 70425 77767 78 255266
747 70435 76102 5 29619
748 70438 74301 80 128720
749 70491 81940 15 70668
750 70536 93295 13 52192
751 70560 74402 56 69322
752 70573 70746 52 6340
753 70914 72428 16 19800
754 70941 73263 142 110413
755 71196 75324 26 36076
756 71459 73389 11 9858
757 71462 73338 72 127472
758 71554 78255 26 73971
759 71624 88182 65 403907
760 71646 89574 32 153510
761 71865 91934 88 753450
762 71907 73707 44 38841
763 71922 80550 104 449292
764 72198 72910 80 57721
765 72346 74210 80 132425
766 72362 77826 44 138746
767 72416 73996 60 57434
768 72467 81342 94 264819
769 72795 74677 64 47460
770 72802 76417 50 158513
771 72940 79409 12 12927
772 72976 76000 14 26779
773 73174 83718 21 50102
774 73209 82710 103 697452
775 73370 74633 80 9564
776 73457 98848 9 56510
777 73521 87027 19 132032
778 73574 93045 24 195701
779 73752 85979 27 63471
780 73951 79169 41 126087
781 73978 84103 38 68836
782 74084 85134 24 65922
783 74279 79067 75 367680
784 74322 82835 121 839059
785 74539 93162 51 763820
786 74545 79741 59 221535
787 74568 85048 9 37187
788 74588 95436 36 309838
789 74761 91675 45 331532
790 74786 77592 78 139716
791 74796 80480 31 60289
792 74812 88207 94 296710
793 74832 81230 58 371699
794 74864 92107 6 59119
795 75021 81236 79 119000
796 75069 75167 98 4432
797 75081 85280 111 520133
798 75189 90509 23 203843
799 75206 85394 26 117860
800 75259 77422 29 23488
801 75490 82398 34 61000
802 75528 79945 6 13102
803 75866 80661 51 33691
804 76206 80385 130 457082
805 76325 82466 9 44480
806 76352 83084 64 247924
807 76370 76909 100 31876
808 76520 81457 32 78591
809 76522 94708 129 1605108
810 76599 77083 84 10931
811 76702 95220 21 276668
812 76745 77282 100 126680
813 76779 91096 96 1241673
814 76782 79745 92 141964
815 76975 86257 45 77253
816 77154 95216 100 2011336
817 77236 77306 16 2607
818 77275 77726 18 1534
819 77509 92912 100 514781
820 77605 81223 145 328644
821 77650 87554 34 110772
822 77777 82682 6 9707
823 77908 78424 52 12083
824 78102 82874 70 482130
825 78111 84784 38 68480
826 78252 87240 16 82124
827 78314 79673 83 36396
828 78336 80127 45 71642
829 78351 84778 16 83594
830 78411 89429 69 564100
831 78640 78771 8 1401
832 78705 83199 10 27122
833 78794 91098 88 513941
834 78939 86961 122 148552
835 79227 82091 8 8025
836 79240 91399 22 188551
837 79303 83740 77 186071
838 79465 81253 37 43619
839 79484 93326 12 116944
840 79521 80121 19 1716
841 79539 83251 23 23883
842 79623 82073 111 189287
843 79667 91991 33 135833
844 79671 95620 138 502836
845 79744 85444 27 48567
846 79781 88165 92 207486
847 79864 79952 28 4628
848 79878 84145 140 248496
849 79948 83691 139 343381
850 79993 94872 120 1336444
851 80043 87777 41 90700
852 80131 87647 24 56751
853 80149 81169 11 4035
854 80250 85114 31 98006
855 80344 85375 124 238145
856 80517 90370 129 425427
857 80627 83723 49 58867
858 80721 86223 125 328527
859 80757 82100 72 21357
860 81167 85783 129 153493
861 81301 98811 90 462434
862 81360 97191 17 60738
863 81565 86826 13 52917
864 81880 82318 59 28287
865 81895 93094 37 110853
866 82115 82444 38 9760
867 82219 86882 4 15442
868 82334 87772 29 130809
869 82442 83013 83 24676
870 82628 84292 4 3435
871 82636 90758 24 29327
872 82642 97540 108 624249
873 82702 82923 4 406
874 82791 88750 15 35448
875 82813 85732 16 6996
876 82814 88063 72 95709
877 82832 83709 130 38459
878 83009 83296 7 3839
879 83040 90929 5 12549
880 83278 91577 9 35668
881 83381 86521 14 12425
882 83385 92719 49 132477
883 83405 87624 59 60998
884 83542 84962 103 93931
885 83738 90259 120 380623
886 83990 98855 122 382359
887 84016 85998 49 72231
888 84245 86737 22 37204
889 84334 88106 13 11939
890 84491 98630 122 461995
891 84523 90420 73 246665
892 84579 84674 16 924
893 84708 95505 113 421632
894 84776 98014 64 283121
895 84944 94803 87 206614
896 85158 91662 11 30546
897 85244 85623 149 45563
898 85264 85512 25 2406
899 85420 93527 132 575825
900 85498 85658 145 16885
901 85581 92596 104 340159
902 85796 87534 27 40624
903 85988 88964 63 71261
904 86029 86101 81 3049
905 86152 90046 28 72424
906 86168 88352 95 27688
907 86185 90047 14 15604
908 86381 87475 6 2558
909 86671 90773 47 111626
910 86736 96382 104 1027092
911 87012 98647 132 559266
912 87018 91522 87 371432
913 87050 87222 69 8489
914 87200 90131 50 51479
915 87395 87748 22 6498
916 87396 92192 118 217727
917 87457 94955 138 419952
918 87653 89222 29 39525
919 87660 87894 93 21077
920 87669 97444 22 65677
921 87919 91487 117 182784
922 87938 96632 66 304992
923 87939 91173 5 3233
924 88014 90272 51 52806
925 88031 95884 51 91139
926 88112 94916 16 75742
927 88257 91448 9 7291
928 88359 89182 128 99445
929 88396 89819 61 14475
930 88510 90645 118 93667
931 88586 92993 65 185583
932 88595 95867 14 21051
933 88603 93033 86 144670
934 88630 98319 26 91126
935 88710 97338 20 87876
936 88916 91121 25 34224
937 89032 95370 87 137969
938 89063 91913 52 112444
939 89106 94206 37 52597
940 89231 89925 135 127898
941 89313 91631 35 20789
942 89509 96550 13 26069
943 89580 95405 116 253565
944 89613 96288 67 214812
945 89818 94501 68 188780
946 90022 91547 123 146896
947 90055 97345 6 7046
948 90210 90577 64 10455
949 90285 90702 77 22333
950 90350 98358 38 68612
951 90443 91200 10 3781
952 90482 91533 63 29845
953 91110 98927 29 36123
954 91141 99524 96 248620
955 91435 94267 32 33848
956 91483 98233 34 156540
957 91501 98643 4 8100
958 91573 94407 116 94061
959 91598 95604 27 47932
960 91627 98656 23 52234
961 91642 96810 58 77585
962 91783 94781 8 11868
963 91840 92566 13 4321
964 91895 94011 109 96533
965 92048 96335 80 231491
966 92161 98061 19 121353
967 92227 95973 127 137783
968 92242 94450 89 61978
969 92396 92555 46 3479
970 92467 93647 108 16061
971 92642 96691 79 117710
972 92795 94470 20 15192
973 92913 93781 82 68137
974 93378 96798 100 175354
975 93426 97742 31 65177
976 93519 98073 27 19647
977 93819 98362 65 87146
978 93871 97705 86 125789
979 93974 95714 54 19529
980 94027 95847 70 64549
981 94862 97123 78 98790
982 94879 96806 129 123274
983 94948 96523 50 47596
984 95034 98194 55 81521
985 95202 95875 38 15279
986 95282 95754 84 9390
987 95452 99082 23 40869
988 95735 95909 110 2467
989 95851 96372 26 5587
990 96343 98064 136 61578
991 96434 96826 22 11027
992 96589 99879 96 247406
993 96887 97473 78 16759
994 97754 97948 56 7143
995 97850 98875 53 38230
996 97888 99045 47 17634
997 98007 98671 130 50217
998 98159 98534 11 1581
999 98245 98858 104 5716
