50 1000 0.022
####.........##............##.....#...............
##.####......#.............#......##......##......
###...#.....###........##...#.............#.#.##..
###......#..................##...........#.##.###.
##......##.........####.##.#.##.........#####.#.#.
##.#....##......#######.#######.....#....#.###.##.
##..##.###.......#...##..####.......###..#####.###
.#..##..##............##....###......##..#.###...#
....#####......#.........#...##.#........###....#.
....#.#.##......###.....###..##.###....###....###.
.......##..#.....#........##.###....#....#........
#.....###.###.........#...#...#......#....#.....#.
##....#....#......##.##...##.......###..##########
..##..###.#........#..#..###.......####...###..##.
...#..#.####......##.#...##....##...#...#...#.##..
.....##.##........###....##....####..##.##.##.....
.....###.#.......###...........#..#...##.##.##....
###.###..........#.#.....####.........#...#.#.....
.##..##......##.....#....##....#..##..###.###.....
.#...#....#..#...........#.....#..#####.#.#..#....
..##.......#..#..........##......##..###.######...
...#.##...##.....#.....#.#......###...#.......#...
...###......#....###...#.#...........###....##....
##..##..........#..######...........##.......#..#.
...#...........##....#.#...#.........###.....#....
..###....###...###..#####..#........##.##.......##
..####.#####..#......#.###.######...#..........###
..#......#....#..#.#.#.#.###.##.....#...###.#...#.
........##..##..#####......#..##........#.#####...
........#...##.###....####.##.#......####......#..
.........######.#..##..###.##.........#.#...######
...........###.....#.....#....##.....#####..##..#.
...........##....#####......#..##.....###..#####..
.......##...##..####.#......#..#......#.#.####.##.
....#.....#..##..#...#..#.......#.......##.##..#..
....#....###.........##.##..#..####........#.###..
....##....#........#.##.#....#...##...##.####.##..
.####.....#.....##.##.#..##..##..#.....#...#.####.
...###....#.....####...##....##..#.....#.....#.##.
#.##..#......#....##...####...#..#.......#....##..
.#.####..##.###........#........#........#.....#..
###..#...###......#.............#.......##........
###.....##......####.######.##..............##....
#..##..###.......##.##..##.##..............#.###..
..###.####.....##........#.........###...#.....###
.......##......##.....##.##..............###....#.
...#..###......#....#####.#....####........#.#.##.
...#.##.#........##..........#.#...........#.##..#
.....#.##........###.........#.#.........######...
#.##...#.........####......##..#......#....###....
0 75 3731 104 130897
1 100 3111 16 14815
2 127 3671 18 32307
3 402 4484 38 98199
4 416 781 42 11346
5 507 755 9 626
6 538 13700 95 620997
7 676 4056 59 75741
8 813 1961 36 41328
9 831 4805 79 442560
10 870 2327 54 29573
11 1331 1535 87 4161
12 1351 1551 66 15891
13 1655 10771 96 418347
14 1721 15851 43 158739
15 1821 2229 29 7857
16 1825 4747 77 75484
17 1867 11353 92 617700
18 1999 5361 6 23883
19 2106 3150 59 62824
20 2292 2433 30 1675
21 2310 3061 40 10892
22 2329 4266 52 25982
23 2392 2907 50 28735
24 2396 11948 24 33334
25 2484 3097 38 42555
26 2557 3408 40 26346
27 2841 5973 20 18251
28 2849 9624 39 143126
29 3043 4453 22 22692
30 3089 4843 36 48112
31 3099 4418 77 64466
32 3142 5310 148 137097
33 3156 6623 103 92201
34 3292 6685 33 52850
35 3398 13334 133 530851
36 3456 17542 20 191742
37 3496 3910 8 2286
38 3686 5095 73 18677
39 3711 5543 105 40666
40 3734 8776 33 41329
41 3777 9234 17 42014
42 3784 3832 56 2540
43 3875 11774 38 39540
44 3879 4317 106 50427
45 3940 5184 93 27629
46 4012 6260 16 43141
47 4039 29892 8 137044
48 4065 5234 83 29244
49 4121 6916 90 136893
50 4154 7909 94 220131
51 4155 12651 28 79136
52 4406 10383 26 150996
53 4430 5622 135 81923
54 4467 5948 61 37846
55 4525 15253 15 80797
56 4589 7756 77 41547
57 4632 6185 20 6458
58 4669 5617 39 18142
59 4733 8977 102 152403
60 4762 11688 131 305369
61 4863 4992 121 6162
62 5096 9304 118 106961
63 5106 5177 92 2037
64 5126 5491 6 1576
65 5526 17426 10 34952
66 5531 6115 70 20887
67 5653 7368 144 168427
68 5703 7332 43 20178
69 5838 5922 70 2555
70 6174 6435 24 2034
71 6188 6303 43 1411
72 6247 6889 15 3791
73 6278 10419 88 284852
74 6305 8567 146 207697
75 6546 11379 27 12640
76 6591 7529 99 63911
77 6780 14119 31 222963
78 6790 11844 77 217462
79 6919 7405 22 4951
80 7029 7099 68 5505
81 7080 9327 19 33761
82 7217 7515 58 8152
83 7278 8425 24 10905
84 7323 8631 5 3568
85 7576 7744 107 33376
86 7587 8985 36 38761
87 7601 15223 131 252384
88 7712 9593 15 17715
89 7803 12038 12 33905
90 7821 8238 63 26542
91 7978 9514 24 53340
92 8002 8072 18 1239
93 8145 8883 63 31853
94 8162 26998 54 186908
95 8177 16621 46 256005
96 8199 9281 74 29081
97 8213 10060 19 42126
98 8310 9882 6 3843
99 8321 15887 38 122569
100 8336 9147 38 17835
101 8370 9493 66 79747
102 8399 12979 7 10623
103 8405 13598 77 76797
104 8417 10109 129 92195
105 8830 9098 23 2336
106 8845 10426 12 4790
107 9013 9374 9 996
108 9026 11922 40 46636
109 9228 11344 5 5590
110 9312 15960 41 148470
111 9428 9512 93 6269
112 9712 10167 94 21323
113 9713 13124 8 18566
114 9993 10614 74 41116
115 10004 11120 25 12738
116 10010 16717 14 53478
117 10077 16329 22 74932
118 10154 13477 93 46895
119 10285 12332 50 81408
120 10306 11295 12 14528
121 10658 13666 31 65229
122 10881 12383 81 27710
123 10888 12669 46 62740
124 11085 27313 8 27236
125 11290 11400 30 3115
126 11421 13207 124 138475
127 11467 20939 69 343890
128 11483 11940 13 1843
129 11506 11697 13 1413
130 11628 12004 5 610
131 11706 14859 68 109448
132 11727 14070 65 124647
133 11914 14229 120 164722
134 12035 13866 94 78747
135 12093 13392 108 84937
136 12254 14065 140 165506
137 12291 17817 76 197596
138 12295 16677 52 106904
139 12298 16345 23 63054
140 12324 14146 12 7157
141 12384 12454 145 4935
142 12483 19842 8 16541
143 12726 17992 4 6592
144 12740 14058 48 14326
145 12762 16803 129 128486
146 12920 13652 9 2319
147 12951 13903 19 38807
148 12954 24113 5 12441
149 13017 19057 25 69251
150 13075 18713 4 12792
151 13204 13555 6 580
152 13432 16029 50 62040
153 13530 25706 142 1022181
154 13542 13606 14 795
155 13562 23239 43 153131
156 13819 15074 12 10914
157 13854 15680 29 33493
158 13902 27739 55 372810
159 14021 15385 72 25787
160 14028 34604 76 309552
161 14096 14316 148 50279
162 14118 14960 11 9909
163 14173 15007 25 9744
164 14237 15431 60 65836
165 14315 18566 57 82710
166 14378 14657 48 6675
167 14478 17245 42 85310
168 14527 17177 90 192269
169 14543 19480 18 46287
170 14691 20825 62 131205
171 14752 16513 130 110781
172 14755 17957 48 128351
173 14884 16137 45 20217
174 14916 23730 117 204357
175 14966 18100 80 174776
176 15147 16898 22 37132
177 15442 17102 46 59696
178 15493 21698 31 114802
179 15535 17412 33 31903
180 15743 15970 26 15715
181 15924 17645 67 56093
182 16139 24292 12 45668
183 16232 20836 132 234191
184 16358 17294 135 67708
185 16478 24451 45 303509
186 16700 16761 6 326
187 16768 23305 97 176465
188 16917 28444 60 508591
189 17428 20556 42 89330
190 17686 18786 80 23676
191 17882 20173 68 66160
192 17943 28108 82 188953
193 18204 22432 129 159905
194 18365 23516 72 126198
195 18583 20779 56 54714
196 18607 21564 70 265167
197 18608 19968 20 10832
198 18793 18930 111 9822
199 18891 20001 28 16928
200 19109 27409 6 30005
201 19170 21181 80 59924
202 19212 21728 31 93719
203 19237 21492 138 209554
204 19345 19954 11 2631
205 19373 20069 71 55359
206 19416 22522 44 103383
207 19442 29126 99 720135
208 19491 27630 105 219958
209 19712 23567 48 81823
210 19717 24270 30 57476
211 19739 23476 28 19247
212 19766 25117 5 11174
213 19839 20638 112 120751
214 19861 23253 107 274873
215 20054 20430 8 3546
216 20060 22175 85 29873
217 20097 21049 98 30155
218 20171 21936 26 24436
219 20525 23151 10 29242
220 20563 22919 34 98012
221 20643 23643 73 203681
222 21034 25934 22 39451
223 21068 22855 45 55169
224 21272 21571 13 1883
225 21301 21636 58 4838
226 21381 26440 79 199652
227 21408 23424 35 42506
228 21429 24932 20 12607
229 21488 31238 83 571552
230 21718 23667 137 333938
231 21876 23154 13 6087
232 22190 34324 148 931274
233 22193 24542 86 165636
234 22325 27837 39 92237
235 22489 25015 40 45288
236 22506 23318 53 19229
237 22556 24200 18 9280
238 22604 25060 59 118013
239 22833 30096 31 43033
240 22954 23411 125 31176
241 23019 24553 13 18551
242 23183 24188 124 83988
243 23462 25314 57 52055
244 23811 30251 100 187781
245 23815 24997 49 61169
246 23828 28579 33 47120
247 23829 26010 104 44243
248 23947 26920 22 33091
249 24004 27287 71 132197
250 24018 24498 58 22107
251 24110 24380 53 5651
252 24194 28672 59 422253
253 24272 24637 126 30195
254 24289 30856 125 125789
255 24300 36932 81 667217
256 24347 26177 70 122459
257 24464 30007 88 150073
258 24621 24778 47 3296
259 24633 27334 34 29661
260 24775 26942 73 64158
261 24891 27977 11 13081
262 24937 35861 138 670959
263 24940 26153 17 14494
264 24945 25796 124 32417
265 24981 25643 24 8718
266 24993 25071 12 892
267 25007 27571 98 49114
268 25148 26556 55 45851
269 25196 26276 98 68471
270 25198 26653 84 150732
271 25564 33724 14 16595
272 25679 29853 61 102976
273 25695 26547 147 83455
274 25722 34490 12 29632
275 25818 26025 56 5516
276 26226 26815 59 38328
277 26239 26817 93 17954
278 26300 27398 59 26762
279 26405 27312 37 38357
280 26438 28188 43 34756
281 26467 31899 115 80264
282 26537 33679 106 232741
283 26736 41780 14 51616
284 26865 27528 9 2663
285 26939 31107 14 13380
286 27075 27697 16 1520
287 27124 31313 6 21340
288 27125 30598 12 8835
289 27279 29698 45 154754
290 27339 30464 100 257286
291 27490 27675 119 14265
292 27529 29936 83 75030
293 27629 28869 125 30206
294 27676 31119 6 12822
295 27890 32279 102 728903
296 27902 33259 92 215836
297 28051 38121 51 162584
298 28087 31420 43 104545
299 28096 29031 86 6949
300 28126 31322 57 92178
301 28365 31269 99 267034
302 28370 28875 16 3054
303 28457 29859 126 151454
304 28508 29569 136 71998
305 28571 29431 31 7908
306 28627 29394 23 16430
307 28795 29946 100 27818
308 28824 39509 56 342702
309 28842 29415 4 463
310 28846 33182 137 247798
311 29158 32142 149 123611
312 29190 30540 45 23957
313 29368 30610 31 10685
314 29379 32782 14 20572
315 29413 29745 60 13200
316 29473 34595 24 21769
317 29528 33688 70 98940
318 29674 31571 134 54250
319 29939 33383 31 9443
320 29949 31009 40 14720
321 29953 37445 27 106231
322 29958 32219 84 88285
323 29978 39382 62 398182
324 30009 33542 7 9511
325 30144 32023 84 113109
326 30174 30331 89 16520
327 30346 32287 5 6331
328 30354 30828 66 81511
329 30393 31240 26 9971
330 30410 32893 13 7317
331 30421 32044 22 39875
332 30451 32377 42 84290
333 30481 31720 23 18939
334 30525 36750 135 327603
335 30589 34187 79 218637
336 30763 31707 12 3218
337 30800 31018 139 38600
338 30971 31098 146 6549
339 31041 37750 49 68847
340 31108 45616 122 948492
341 31151 33153 99 66307
342 31228 32268 25 36957
343 31316 51014 121 1548145
344 31339 32390 40 32816
345 32009 34806 23 22546
346 32014 42046 11 73128
347 32087 34115 94 112261
348 32094 36127 13 39543
349 32126 36303 103 121375
350 32255 37723 39 61181
351 32585 37232 61 23785
352 32609 33174 12 3074
353 32625 34047 94 52824
354 32951 39802 31 77657
355 33038 38180 126 143197
356 33098 36044 147 108500
357 33152 34754 17 7561
358 33156 42401 26 60720
359 33325 34273 108 63443
360 33380 35377 7 9104
361 33425 34440 149 100702
362 33479 36625 59 111181
363 33494 34402 93 49600
364 33512 38183 51 57167
365 33632 33712 72 2183
366 33640 35799 88 303124
367 33687 35647 34 89936
368 33730 40585 102 323449
369 33798 36109 8 8391
370 33803 37701 52 106141
371 33891 43335 83 377937
372 33955 38772 138 324875
373 34024 38590 11 22640
374 34201 35135 39 6233
375 34209 36396 57 65822
376 34247 34573 38 16894
377 34269 38439 31 28357
378 34480 35885 34 33850
379 34496 35755 120 119697
380 34582 35367 10 4196
381 34588 37380 61 150883
382 34589 36033 25 24829
383 34661 35540 100 30758
384 34809 35519 30 7362
385 35020 38534 87 107974
386 35036 42614 110 192284
387 35197 36387 8 1149
388 35231 37085 9 13968
389 35352 35686 138 20590
390 35433 36408 15 6267
391 35480 37426 18 7657
392 35492 40302 21 15698
393 35740 35955 90 11695
394 35754 43464 149 190568
395 35856 36665 9 5783
396 35995 40203 63 112147
397 36001 36745 135 103646
398 36144 37641 101 112816
399 36233 36431 26 4538
400 36234 45064 9 89598
401 36252 40795 133 310205
402 36300 37090 135 47923
403 36346 38603 12 2540
404 36598 40618 20 22479
405 37219 44431 44 83727
406 37376 39439 86 706808
407 37413 42686 104 317123
408 37460 40101 5 7048
409 37505 42214 6 5494
410 37506 39715 59 19408
411 37623 39134 132 253986
412 37658 40578 21 15924
413 37767 40524 42 48710
414 37972 39428 101 28538
415 38135 39466 87 54703
416 38156 41296 102 56621
417 38207 42455 49 33901
418 38382 38918 27 8987
419 38394 38649 44 17341
420 38526 42734 147 286891
421 38744 41720 37 165491
422 38753 39289 87 25481
423 38882 39390 98 20751
424 38984 41632 56 139447
425 39084 41200 80 87690
426 39152 44916 26 77497
427 39207 48741 126 1983742
428 39416 41673 52 51167
429 39529 40419 36 10392
430 39647 43322 80 135218
431 39651 50254 85 972196
432 39708 42148 10 7063
433 39803 46269 54 107914
434 39883 40016 120 11449
435 39920 40958 146 38258
436 40253 41276 143 103739
437 40299 40689 58 21539
438 40315 51521 77 392467
439 40337 40800 68 9898
440 40612 58868 40 158923
441 40667 42284 30 26617
442 40899 41595 19 7563
443 41039 46483 61 123788
444 41060 44099 4 9041
445 41171 46206 6 48536
446 41306 42548 77 83350
447 41427 43097 13 7830
448 41492 42174 9 5265
449 41504 42196 68 20077
450 41524 41748 138 14698
451 41571 55584 80 228979
452 41583 48717 125 303330
453 41596 42221 6 1337
454 41610 45023 80 120776
455 41702 42696 67 23642
456 41725 45494 25 26420
457 41731 44903 22 41177
458 41963 48931 17 86981
459 42047 42363 140 76985
460 42063 46086 135 84811
461 42188 49023 55 74496
462 42229 44701 35 49282
463 42286 44385 19 9330
464 42294 49086 7 18145
465 42312 43299 15 18843
466 42339 46975 16 44359
467 42362 46525 143 592098
468 42366 50935 7 42927
469 42444 48657 137 578849
470 42471 59318 52 272029
471 42487 49182 22 103223
472 42551 42720 29 4336
473 42617 43200 98 34976
474 43255 46390 64 259570
475 43312 48053 125 170038
476 43337 44117 28 13683
477 43367 44014 14 5547
478 43430 43641 58 11217
479 43432 43795 18 2811
480 43446 46734 34 53937
481 43554 47450 62 120391
482 43759 43834 18 939
483 43781 46160 146 182012
484 43788 51019 22 60233
485 43797 46429 22 23418
486 43807 44913 74 56502
487 43945 47942 97 226482
488 43980 46446 71 102610
489 44467 46963 79 70623
490 44486 45934 122 148975
491 44500 44706 26 1902
492 44520 47533 11 17401
493 44949 45336 46 21756
494 45392 45829 48 14772
495 45506 50034 50 65913
496 45535 47121 50 114939
497 45586 47629 78 97991
498 45623 52223 64 256552
499 45701 46948 5 1788
500 45803 46674 16 6342
501 45805 48705 23 41089
502 45915 55120 104 184851
503 45960 46433 39 6812
504 45973 53726 77 646875
505 46078 47209 14 18900
506 46126 46488 52 7660
507 46215 57696 6 74305
508 46247 47706 18 20077
509 46305 49739 40 42308
510 46423 50083 143 123331
511 46487 53477 96 541076
512 46693 49765 124 378068
513 46809 49289 28 26967
514 47000 47086 21 1799
515 47044 48198 100 41578
516 47156 49150 9 13597
517 47164 54587 48 204391
518 47174 47795 29 13685
519 47194 53524 46 147672
520 47274 49186 34 23867
521 47504 49344 106 128478
522 47555 48270 145 75050
523 47640 55668 7 13413
524 47766 48880 17 19985
525 47794 47910 26 3127
526 47918 48007 6 247
527 47952 49265 82 50434
528 48063 51477 109 149826
529 48190 49173 100 64717
530 48234 50097 12 6399
531 48276 48297 59 939
532 48429 49026 44 14510
533 48677 48736 5 106
534 48826 55028 10 42612
535 48828 55868 32 106675
536 48871 54624 48 106152
537 48970 49459 20 5230
538 49010 49608 145 66031
539 49087 54935 12 39007
540 49099 49402 107 9687
541 49328 52437 81 67177
542 49481 49591 60 1313
543 49483 52317 27 9837
544 49574 53910 139 591043
545 49651 52591 22 12661
546 49769 50416 119 15806
547 49901 53533 8 5714
548 50010 51045 131 41662
549 50014 52409 71 27962
550 50119 50207 53 3558
551 50239 52558 77 154686
552 50422 52294 144 108994
553 50430 51903 101 93368
554 50816 53403 6 3541
555 50936 51919 65 28651
556 50999 52444 54 29471
557 51131 53713 4 5406
558 51197 56652 31 42391
559 51217 53064 31 21788
560 51282 51825 13 1691
561 51720 52599 20 22339
562 51796 59304 26 87960
563 51849 52486 92 19018
564 51855 52007 5 457
565 52448 54500 20 18077
566 52473 60965 22 35884
567 52531 56564 149 553483
568 52612 53190 114 28480
569 52690 53292 125 37842
570 52704 53644 128 41811
571 52738 56304 43 63705
572 52937 54218 74 86788
573 53222 58150 23 71888
574 53232 54290 110 21259
575 53340 55532 118 137955
576 53382 56390 14 11217
577 53529 54780 11 5722
578 53577 55006 10 7016
579 53579 54784 13 18645
580 53804 55862 20 28522
581 53835 54324 11 3085
582 53889 63586 32 30982
583 53895 57183 10 14739
584 53935 55524 22 22876
585 53942 55166 65 31068
586 53959 54264 143 27245
587 54117 57218 23 19512
588 54378 65152 20 41021
589 54429 56658 89 100423
590 54545 59106 134 138479
591 54757 56297 107 139734
592 54772 54906 15 3419
593 54958 55722 41 17882
594 54970 56156 20 15189
595 55016 55504 20 5058
596 55117 55293 113 6730
597 55125 58058 130 195739
598 55280 57394 6 4379
599 55487 55543 47 1005
600 55511 63683 14 33591
601 55666 60178 43 121590
602 55779 56846 82 104681
603 55860 59696 12 32985
604 56278 60858 36 132808
605 56333 69066 116 422455
606 56384 59392 148 279584
607 56393 57211 119 43562
608 56437 58187 7 5899
609 56458 59109 18 29849
610 56707 63307 113 639366
611 56764 56980 75 12605
612 56887 57262 4 314
613 56892 57799 121 73214
614 56999 60621 102 243447
615 57102 59162 40 11684
616 57122 64193 66 395485
617 57685 62269 16 37238
618 57920 61073 57 118190
619 57949 70037 148 763390
620 57978 58282 149 39707
621 58094 59248 6 3943
622 58257 67393 18 43039
623 58298 64965 70 397990
624 58544 61464 14 6969
625 58559 64907 31 92749
626 58679 60757 48 43274
627 58719 61028 49 57287
628 58803 60296 12 5106
629 59047 66483 9 44537
630 59122 60734 31 22489
631 59138 61817 30 31877
632 59177 61305 6 8504
633 59507 70585 8 30433
634 59774 65211 47 144652
635 59775 63447 80 178673
636 59955 65605 9 23051
637 60009 61346 49 11859
638 60084 70090 23 150084
639 60230 61047 80 38936
640 60270 62302 8 10545
641 60394 62467 90 41242
642 60663 72228 32 214035
643 60676 66165 20 29857
644 60701 69848 4 29621
645 60795 62252 65 40762
646 60810 83769 31 143918
647 60881 67711 6 54893
648 60968 61230 22 3146
649 61016 66862 79 244983
650 61023 61065 79 7900
651 61114 61156 4 102
652 61370 70614 106 316007
653 61542 63096 50 26529
654 61582 61721 54 3937
655 61587 62337 53 45380
656 61774 61999 67 7541
657 61950 64556 27 42583
658 62045 63321 14 10352
659 62127 70385 21 71051
660 62133 62930 70 21061
661 62361 63185 85 38132
662 62504 62972 28 8430
663 62596 66609 134 593924
664 62700 68047 64 106719
665 62782 65853 43 41263
666 62822 65929 63 94145
667 62878 67101 21 35080
668 62949 73289 19 195164
669 63352 64037 53 11865
670 63359 64086 57 28685
671 63463 64299 16 9587
672 63560 65931 8 9661
673 63691 73669 79 193603
674 63927 70762 66 230602
675 64010 64092 70 14495
676 64057 71650 140 218590
677 64117 67306 60 59436
678 64309 68654 83 93088
679 64451 68268 79 240927
680 64587 69210 57 223218
681 64795 64807 63 592
682 64979 65930 40 36577
683 64980 66584 26 30113
684 64995 77530 138 471043
685 65010 67905 105 62189
686 65086 65692 13 2073
687 65118 73543 21 93673
688 65172 69082 149 93011
689 65346 69372 148 190534
690 65450 67574 4 8835
691 65544 80392 136 414333
692 65589 69113 55 288285
693 65666 66564 8 1268
694 65670 68722 5 9576
695 65699 77649 104 296190
696 65705 66261 143 41201
697 65732 71578 32 60375
698 65873 66786 17 5813
699 65891 71604 47 51232
700 66244 67907 128 198874
701 66315 68818 11 6107
702 66358 67714 33 20866
703 66443 77143 104 562045
704 66495 79712 27 63552
705 66533 67200 6 516
706 66653 69721 23 40910
707 66682 69414 11 31856
708 66694 67010 11 739
709 66969 69064 47 33254
710 67346 69669 85 55868
711 67567 68524 5 2374
712 67616 68867 22 23056
713 67677 70016 11 9897
714 67712 70944 125 481442
715 67742 67771 36 331
716 68023 68694 65 50376
717 68061 68367 89 7893
718 68101 70504 28 64072
719 68147 71009 16 24156
720 68204 69698 16 11811
721 68280 70618 4 6807
722 68536 72352 24 45302
723 68895 68976 121 2972
724 68903 69432 15 4243
725 68918 69233 24 7092
726 68926 73037 54 162075
727 68994 69713 23 9987
728 69215 70615 29 18197
729 69401 72859 48 304328
730 69488 72882 47 159001
731 69748 75913 63 169141
732 69820 72063 110 43471
733 69995 70226 73 8928
734 70144 72565 6 3103
735 70312 73011 8 5268
736 70565 76235 134 86743
737 70998 72094 80 53334
738 71003 74185 122 219435
739 71059 72191 126 162931
740 71223 81176 29 168848
741 71412 72911 113 68285
742 71435 77990 130 701140
743 71520 79163 83 927070
744 71790 72570 17 7800
745 71832 77264 13 87478
746 71838 75387 135 537176
747 71922 78374 35 80391
748 72027 74141 32 23649
749 72038 75409 82 127716
750 72046 75091 9 17709
751 72138 73820 39 92634
752 72202 75758 148 174809
753 72235 72730 95 64310
754 72314 77376 109 207174
755 72616 73755 16 14914
756 72758 77299 31 36206
757 72768 76928 24 40260
758 72792 76957 58 148751
759 72864 76306 72 63690
760 73049 75661 53 49422
761 73247 75558 64 63312
762 73271 77378 119 206693
763 73286 73675 81 26930
764 73317 78085 55 70470
765 73347 76978 51 63458
766 73369 75949 15 23864
767 73393 75798 68 45612
768 73596 74446 47 22676
769 73767 75552 58 44884
770 73862 77330 4 2025
771 73874 78109 10 67177
772 73988 77292 118 70399
773 74152 75939 18 29471
774 74426 77997 19 22464
775 74523 76060 141 181626
776 74533 87545 150 1191091
777 74557 80947 108 379602
778 74567 77270 31 16442
779 74573 77383 23 19868
780 74585 75059 79 37324
781 74586 77401 20 27547
782 74604 88306 102 459015
783 74749 84336 91 849256
784 74825 74833 17 40
785 74882 78876 99 293998
786 74901 77753 10 8260
787 74930 79127 71 47816
788 74987 77357 122 72841
789 75105 79965 44 47985
790 75133 81831 119 505852
791 75177 84617 95 443040
792 75232 77659 47 49251
793 75490 75618 69 3245
794 75523 83873 83 197280
795 75602 76579 42 4821
796 75884 79175 38 90153
797 75892 75893 124 123
798 75957 76339 108 18168
799 75967 78608 107 373728
800 75973 77598 13 9297
801 76026 78132 9 9950
802 76106 77726 76 74588
803 76268 76617 24 5806
804 76337 81294 69 191692
805 76354 82349 8 19193
806 76434 76969 24 6423
807 76588 76636 7 112
808 76677 78201 15 32438
809 76754 79062 44 23723
810 76778 77532 5 3831
811 76842 76918 45 2073
812 76862 78357 66 28480
813 76881 89932 123 361158
814 76926 78839 121 142244
815 77011 82807 11 108267
816 77305 79892 84 88666
817 77526 78501 47 21881
818 77584 80107 10 29833
819 77778 80240 18 49539
820 77965 87602 28 229416
821 78269 79756 45 39637
822 78479 79953 53 29803
823 78704 79211 11 4377
824 78730 79818 22 16909
825 78900 82817 140 142217
826 78908 80245 123 124488
827 79092 79788 11 5019
828 79131 79220 70 2107
829 79204 84391 16 97107
830 79262 87465 68 175548
831 79288 82732 59 89946
832 79312 84113 53 129855
833 79330 86338 24 43791
834 79418 81838 64 66007
835 79613 85156 98 409296
836 79730 84063 137 155813
837 79961 81305 88 99841
838 79982 84613 4 6078
839 80123 83074 110 267040
840 80210 80671 58 14938
841 80372 82548 124 190524
842 80460 80536 25 1097
843 80529 81025 74 14384
844 80560 80568 52 581
845 80719 81728 8 2211
846 80949 83522 66 355555
847 80971 81622 8 3520
848 81003 82589 90 37944
849 81283 82329 31 25074
850 81313 81680 45 18277
851 81579 89350 26 64066
852 81861 83649 72 33180
853 82152 86136 35 130710
854 82297 82662 144 30845
855 82436 83591 11 5179
856 82479 85121 4 4058
857 82543 84221 37 68976
858 82547 87293 73 113860
859 82550 83787 28 25736
860 82564 82990 118 34323
861 82740 84222 35 36548
862 82851 84538 34 39766
863 82855 83440 59 10704
864 82961 87307 108 170036
865 82975 83399 124 31928
866 83062 83700 31 15600
867 83071 83887 68 31242
868 83112 92713 139 996954
869 83155 84667 120 102373
870 83332 84278 90 53085
871 83728 84747 84 22345
872 83755 91805 11 39218
873 83879 86247 6 1553
874 83975 84502 126 71162
875 84108 84966 26 15973
876 84272 90369 13 18785
877 84437 91360 59 249175
878 84440 88579 112 217465
879 84493 85824 5 2133
880 84549 86086 115 138908
881 84582 84824 35 12905
882 84816 85560 108 14963
883 84840 87208 34 61710
884 85271 90722 32 102804
885 85357 88066 43 30500
886 85754 86709 82 40197
887 85834 89344 44 85858
888 85887 87476 38 24809
889 85971 89823 97 289847
890 85975 87163 36 29483
891 86077 91965 7 29522
892 86115 87037 6 4964
893 86208 86649 87 23427
894 86234 89698 27 45996
895 86456 90922 21 33798
896 86457 87629 59 43148
897 86493 90142 6 2852
898 86591 90471 22 63294
899 86793 88156 146 120573
900 86864 89951 72 138696
901 87130 87154 38 665
902 87184 89548 49 68426
903 87220 88539 65 48959
904 87448 87640 6 287
905 87458 88858 109 44907
906 87614 91171 45 168600
907 87812 89264 45 23151
908 87836 90480 65 209957
909 88141 91799 144 115011
910 88149 88478 35 10790
911 88174 94953 38 187934
912 88260 88475 23 3682
913 88290 91045 102 136602
914 88309 88427 81 3441
915 88337 88582 4 824
916 88415 89117 123 25945
917 88682 90324 18 8653
918 88739 89521 77 36550
919 88818 90849 114 133720
920 88892 95696 87 326848
921 88905 92869 117 275537
922 89306 94588 35 206434
923 89370 94093 6 20700
924 89439 90690 139 361791
925 89586 92772 17 74044
926 89589 90060 6 1015
927 89631 91167 4 3088
928 89702 92811 8 45867
929 89818 93273 71 79633
930 89987 91090 44 18614
931 90139 92324 12 11338
932 90156 90251 26 3727
933 90240 91844 5 1530
934 90506 90805 37 7979
935 90587 91500 86 27861
936 90645 99206 8 32034
937 90951 91627 144 25267
938 91147 95644 125 851618
939 91224 93525 87 100752
940 91255 95940 145 311725
941 91277 92035 24 9568
942 91308 94704 66 66409
943 91501 94106 8 6944
944 91579 95969 140 233931
945 91594 92415 43 16047
946 91608 94853 7 4522
947 91786 97169 26 44492
948 91801 92981 26 46492
949 91830 92469 6 1031
950 92004 93801 19 15973
951 92112 93115 140 73973
952 92205 92316 10 245
953 92232 92960 58 17183
954 92350 98338 52 77264
955 92360 94638 27 17277
956 92839 96888 134 153474
957 92947 95032 13 7460
958 93019 97738 30 55199
959 93059 95501 72 87804
960 93063 95072 83 75964
961 93187 93687 7 946
962 93266 94071 14 7514
963 93430 97916 47 95718
964 93550 95315 10 4389
965 93616 98367 25 40231
966 93726 95097 101 54161
967 93905 97382 41 205208
968 93910 95233 34 45006
969 94048 95193 45 24249
970 94193 99429 7 15492
971 94219 94447 104 24254
972 94244 95837 63 105813
973 94421 94697 81 6037
974 94467 98377 118 180672
975 94578 99747 126 368558
976 94719 95836 20 12900
977 94929 96192 109 117464
978 95272 95941 112 18774
979 95469 97890 64 229697
980 95531 96322 6 2074
981 95561 97937 14 6560
982 95686 98125 20 29692
983 96287 99051 22 37610
984 96334 96461 20 1568
985 96419 96858 51 8791
986 96499 96754 117 10423
987 96651 97665 8 3061
988 96697 97328 29 11891
989 96890 97745 6 1915
990 97006 97018 23 239
991 97454 98583 35 34845
992 97498 97789 63 37643
993 97509 98117 9 4104
994 97566 97591 77 1940
995 97961 98847 111 137618
996 97962 98746 120 29982
997 98255 98577 7 2405
998 98830 99027 6 1330
999 98846 99352 23 10854
