50 1000 0.072
..##..............................................
..#...............................................
.#####............................................
##########........................................
#######...........................................
#######...........................................
##.######.#..##...................................
.########.#...###.................................
.######..##..##...................................
########.###.###..#...............................
###########.########..............................
.###################..............................
##########.#######.##.............................
#####################.............................
#####################.............................
.###################..............................
####.###############..............................
####################..............................
########.#########................................
##.#.#####...#####................................
#..#...##...####..................................
##....##.....#....................................
.#...........##......................#............
.............#.....................######....#....
.................................###.####.#..##...
.................................#############....
................................##############.#..
................................#.##############..
...............................###########.#.###..
...............................##########.....#...
................................########.##..##...
.................................##########.......
...................................####.##........
............#...................#########.........
............###...................#..##.#.........
.........###.#.#.......................##.........
..........##########..............................
........#..#######................................
........#.######..................................
........#######.#.................................
.........########.................................
......#.###########...............................
..#..##.########.#................................
..################................................
..#.###########...................................
...###..##########................................
....###########...................................
...####.########..................................
...###..##.###.#..................................
...##...###.......................................
0 166 1884 43 68487
1 394 632 88 6253
2 609 3237 74 28217
3 670 777 16 1114
4 764 8822 92 270412
5 801 1072 60 9551
6 927 7303 9 7562
7 931 1864 136 38764
8 1022 4064 114 65630
9 1134 4232 137 370978
10 1317 1913 62 11544
11 1335 6571 48 115912
12 1353 2850 56 25578
13 1434 2377 13 15107
14 1436 5917 44 58962
15 1743 2649 29 8764
16 1981 3359 49 24882
17 1993 3591 10 4885
18 2056 4065 75 62340
19 2222 3364 4 2379
20 2240 2544 57 6428
21 2268 7425 64 51169
22 2387 9492 36 68477
23 2419 4069 29 18650
24 2643 3550 7 3332
25 2693 5977 39 30145
26 2855 6512 91 325068
27 2922 5868 32 11582
28 3055 7362 16 13572
29 3133 4892 130 79037
30 3473 4188 73 51088
31 3637 5069 36 47175
32 3655 3917 53 3951
33 3759 9920 26 116824
34 3806 4333 21 5438
35 3836 4998 23 6230
36 3986 4285 15 4200
37 4062 6693 35 38748
38 4130 5498 21 22249
39 4184 5730 9 1857
40 4383 7288 23 30123
41 4436 4835 135 38279
42 4458 7110 114 99283
43 4550 4860 131 10773
44 4564 10603 47 83366
45 4576 6130 58 104201
46 4698 6805 41 40800
47 4744 5393 30 18358
48 4781 4983 5 716
49 4866 6155 147 105016
50 4899 7147 25 14713
51 4951 6451 84 72417
52 5004 6620 117 127423
53 5065 5341 5 826
54 5163 10044 144 259622
55 5194 6942 13 11976
56 5350 5639 103 11648
57 5445 13642 21 50934
58 5591 6534 17 4811
59 5608 8307 45 29107
60 5778 7679 4 3034
61 5827 7779 132 239147
62 5876 7914 145 111712
63 5879 6122 55 2842
64 5949 7503 26 9789
65 6141 7371 10 4642
66 6220 8303 21 20817
67 6224 6243 88 1023
68 6284 10934 17 19574
69 6362 8086 34 15911
70 6365 8252 40 85585
71 6559 6634 15 360
72 6587 8673 48 28642
73 6724 7764 94 55427
74 6795 7431 126 23759
75 6917 7294 33 10008
76 6941 8781 5 2564
77 6963 7886 28 9770
78 7017 11003 75 189133
79 7194 9009 47 27641
80 7205 7282 56 2358
81 7208 7551 74 13849
82 7250 8410 63 16514
83 7283 9925 61 125656
84 7445 9138 89 67493
85 7559 9418 40 34745
86 7793 7826 59 1858
87 7819 14123 58 101757
88 8020 8053 79 2471
89 8134 8197 16 337
90 8201 14799 32 60827
91 8329 9716 12 15793
92 8440 9670 35 21260
93 8470 11433 131 248279
94 8524 9078 6 2013
95 8633 11587 70 135132
96 8686 11245 59 144649
97 9061 10634 70 34030
98 9099 10989 140 104264
99 9275 13015 87 137168
100 9835 12998 25 53582
101 9889 11115 60 26781
102 9901 10185 111 10288
103 10086 10559 35 7726
104 10098 10393 91 32194
105 10141 13272 13 20436
106 10290 12398 14 20444
107 10307 11686 150 20249
108 10325 13425 48 55139
109 10405 10994 95 33516
110 10617 11008 72 6917
111 10644 11390 111 183227
112 10658 11350 37 36401
113 10724 11655 133 94522
114 10785 11381 136 58920
115 10806 13130 60 21019
116 10907 17669 48 214579
117 11172 13735 19 33173
118 11183 15673 47 219415
119 11345 16370 76 127578
120 11402 11681 15 5461
121 11482 13064 7 3311
122 11485 12344 32 33845
123 11542 11576 10 133
124 11555 16094 137 433028
125 11711 14614 65 54644
126 11897 13158 5 2834
127 12002 14389 11 25080
128 12022 12529 52 18071
129 12216 13862 34 23160
130 12415 13572 121 92765
131 12453 13581 111 97592
132 12458 15500 93 82184
133 12900 16730 103 194727
134 12959 14431 85 49166
135 13023 13025 7 19
136 13070 13203 124 5113
137 13377 15432 7 4699
138 13387 13823 50 11620
139 13476 14692 54 47851
140 13541 14046 58 28169
141 13696 14720 121 20189
142 13747 13858 130 26542
143 13794 14085 32 5210
144 13924 18245 5 36595
145 13925 19513 7 3114
146 13933 18478 108 183924
147 14053 24359 145 399827
148 14167 16380 78 125058
149 14231 19502 9 20688
150 14302 15977 90 145588
151 14393 14506 23 2408
152 14473 14753 116 25080
153 14640 18065 30 24782
154 14653 14813 12 1000
155 14669 16754 87 63381
156 14687 18374 8 9304
157 14699 18728 40 25839
158 14705 15039 94 7021
159 14782 17871 47 97111
160 14801 15130 19 5207
161 14826 15975 118 105388
162 14841 15292 30 3491
163 15005 18402 51 114398
164 15065 15351 18 2304
165 15076 16759 59 51151
166 15157 16174 77 86846
167 15424 15613 81 4783
168 15437 19251 105 122656
169 15545 18078 50 63278
170 15612 18150 37 110839
171 15619 16117 14 2984
172 15772 15826 36 1552
173 16145 17119 138 193693
174 16204 17291 40 35803
175 16226 17799 28 21934
176 16920 19197 113 159039
177 16988 20392 37 75961
178 17010 18732 127 241150
179 17038 17537 10 3469
180 17056 21400 11 10675
181 17469 18515 89 70512
182 17582 17957 47 2432
183 17611 21555 126 123404
184 17620 24178 5 12186
185 17635 19394 14 15118
186 18129 20251 15 20960
187 18159 19454 50 17573
188 18222 20931 18 19615
189 18292 18536 64 9886
190 18399 20192 29 18725
191 18457 18877 35 8417
192 18762 21447 27 30073
193 18769 18771 25 73
194 18847 20354 144 78568
195 18876 22469 125 245788
196 19059 23009 40 102046
197 19067 20788 18 41435
198 19131 23809 134 349875
199 19229 24840 28 30391
200 19287 21731 8 3183
201 19354 25037 56 172660
202 19368 25823 12 47051
203 19396 22520 72 63491
204 19414 25967 11 53192
205 19447 19512 32 2748
206 19558 21086 7 11770
207 19625 21946 144 113535
208 19700 22336 62 58027
209 19893 20179 5 1681
210 20142 24976 50 21045
211 20218 25443 33 106276
212 20315 22018 20 14157
213 20408 22504 73 62070
214 20631 20683 41 781
215 20644 30059 50 237853
216 20740 21050 127 24949
217 20741 20830 63 6767
218 20781 21834 65 26211
219 20862 21856 9 990
220 21039 27252 144 320755
221 21243 25421 10 45127
222 21281 22196 27 8809
223 21287 23425 4 2903
224 21425 21521 122 12430
225 21784 22726 9 5460
226 21935 23124 52 32918
227 21997 23262 62 37100
228 22067 25479 16 99745
229 22124 22945 25 14885
230 22166 23567 4 1924
231 22180 22475 32 7499
232 22213 23136 37 29993
233 22529 24693 48 126604
234 22543 23296 137 35368
235 22565 25910 89 150656
236 22916 23146 59 7580
237 22959 28555 102 512122
238 23233 24955 110 88716
239 23380 23666 46 11646
240 23415 24886 97 139250
241 23647 26963 104 94253
242 23707 23821 14 611
243 23711 23722 109 1132
244 23716 25333 19 13097
245 23878 25709 21 15924
246 24027 26168 91 66373
247 24197 26455 63 30444
248 24200 25123 17 5016
249 24573 27926 112 97871
250 24626 28845 5 5797
251 24742 27945 136 238463
252 24834 25611 87 24478
253 24837 25948 122 53626
254 24852 27004 24 8422
255 24887 24984 30 2857
256 25197 26226 129 145825
257 25298 26372 58 24393
258 25335 30086 31 76372
259 25433 29721 12 12203
260 25458 30447 111 437362
261 25692 29060 97 625944
262 25694 27511 112 65718
263 25732 27862 14 27503
264 25751 26432 57 5003
265 25858 26696 84 126301
266 25981 26031 122 2696
267 26035 28178 24 19488
268 26202 26980 9 3820
269 26250 27662 29 22152
270 26575 31831 46 136163
271 26669 29750 42 87065
272 26735 29230 144 136599
273 26858 26959 122 5836
274 27043 28143 28 7693
275 27179 27523 29 1446
276 27205 32017 69 97726
277 27327 28790 77 91161
278 27439 27845 5 1215
279 27678 28425 72 11294
280 27686 32899 138 451334
281 27874 30226 98 71583
282 27876 30048 63 113998
283 27924 28503 5 1474
284 27964 28652 49 6116
285 28010 33387 9 19914
286 28282 30676 45 58977
287 28404 34353 34 119164
288 28633 29065 68 11545
289 28723 31372 12 13909
290 28815 37150 125 898529
291 28830 35404 119 329020
292 28874 30232 66 80279
293 29022 30148 63 27939
294 29097 30051 5 2343
295 29193 30072 58 29470
296 29217 32352 47 96515
297 29403 29726 31 7913
298 29411 31902 5 3569
299 29435 31153 35 18287
300 29585 30929 118 101772
301 29615 33419 65 74480
302 29738 30645 57 74036
303 29785 31556 92 199820
304 29803 31791 26 14921
305 29888 30001 66 7717
306 29966 30579 7 3480
307 30073 30110 5 273
308 30094 30121 18 151
309 30139 36580 67 146505
310 30356 32710 101 64778
311 30470 32088 14 11930
312 30483 35964 26 61808
313 30550 33222 113 140190
314 30601 35652 90 160447
315 30815 33218 25 24094
316 30890 31588 6 2506
317 30957 34292 50 100337
318 30974 33621 136 76842
319 31240 33596 16 19827
320 31282 33466 11 6985
321 31306 31566 123 69626
322 31318 34017 24 26840
323 31578 36058 80 248079
324 31606 32319 113 50988
325 31772 35953 41 76929
326 31996 32295 31 8317
327 32010 33493 84 16352
328 32053 32941 18 10145
329 32377 35982 8 2066
330 32477 34274 5 3545
331 32593 33886 21 24341
332 32688 33548 66 16029
333 32700 33406 112 40676
334 32855 34066 25 16591
335 33183 34557 8 2468
336 33231 35398 18 13212
337 33257 34059 82 46491
338 33312 33689 12 2472
339 33335 34626 66 25435
340 33566 38330 7 9090
341 33701 35385 78 39477
342 33810 37452 92 73039
343 34158 36687 35 67356
344 34240 36006 65 16225
345 34490 35145 84 88926
346 34500 34581 130 3846
347 34511 36305 41 37991
348 34520 35138 19 30875
349 34708 36828 33 19324
350 34757 36746 146 189971
351 34837 37551 73 244746
352 35182 35335 43 7801
353 35203 35399 19 1678
354 35293 36814 42 47941
355 35298 36727 106 90924
356 35665 36290 6 1883
357 35705 36460 12 5836
358 35866 36548 50 19744
359 35952 38180 18 12983
360 35996 36117 125 8920
361 36002 36499 6 2985
362 36074 39320 42 74561
363 36189 36774 5 1626
364 36198 36549 146 33255
365 36216 37516 61 27098
366 36450 38131 37 63065
367 36551 37638 128 44333
368 36600 38939 85 198716
369 36649 37399 17 4217
370 36987 37926 31 10945
371 37017 40722 25 18672
372 37189 41056 47 156832
373 37228 37444 16 2243
374 37358 38798 110 52514
375 37688 40289 62 235443
376 37803 38327 34 4810
377 37892 37943 36 1759
378 38051 44819 64 163902
379 38102 46681 92 208470
380 38356 38441 34 2288
381 38487 40848 32 51457
382 38608 40322 41 40191
383 38666 39330 114 20111
384 38727 40707 71 103686
385 38755 41584 9 12499
386 38761 39713 18 7923
387 38825 46215 69 91619
388 38868 39778 7 2465
389 39062 39661 148 45279
390 39138 42559 40 71294
391 39236 41782 114 172321
392 39292 44094 30 42618
393 39397 39436 13 378
394 39481 40313 124 54452
395 39792 44308 7 5652
396 40038 40887 108 71175
397 40132 40182 35 1378
398 40208 40441 76 7949
399 40522 40861 54 12040
400 40618 41666 5 2304
401 40793 41474 21 6892
402 40988 41454 5 1226
403 41118 41889 37 6503
404 41149 44581 146 151903
405 41224 41722 24 3355
406 41313 47964 110 298970
407 41342 45309 61 286704
408 41400 46024 116 312995
409 41465 42378 76 19186
410 41529 43045 9 13721
411 41539 41609 103 5063
412 41616 41631 13 407
413 41667 42797 76 24063
414 41700 41799 64 4495
415 41738 42961 69 38436
416 41860 43067 117 73559
417 41865 43415 46 53860
418 41905 43426 126 176140
419 41988 43105 116 84143
420 42057 44531 16 13344
421 42145 43803 73 50304
422 42198 42382 135 14460
423 42342 49050 16 25264
424 42714 48166 138 67963
425 42727 45142 15 15380
426 42838 42880 115 6331
427 42987 43450 22 15455
428 43075 44782 87 128311
429 43098 44962 144 59230
430 43258 45391 123 93605
431 43280 43356 48 2238
432 43308 43575 67 11812
433 43396 44017 50 14038
434 43513 47564 44 74671
435 43622 44298 95 56466
436 43719 45950 38 12103
437 43780 43839 70 4511
438 43859 45797 90 125475
439 43866 52983 103 561501
440 43932 44929 111 74301
441 43991 44464 47 14792
442 44052 44400 95 21063
443 44259 47017 102 81244
444 44289 44379 107 3134
445 44425 49761 121 246452
446 44441 45821 27 9795
447 44516 45005 10 2643
448 44714 45940 77 75893
449 44740 52625 142 180000
450 45301 46280 78 89650
451 45426 48581 48 46354
452 45467 50031 38 27616
453 45513 46132 57 14816
454 45629 49450 37 111243
455 45726 49145 142 126862
456 45736 46260 17 4165
457 45787 47917 17 7701
458 45806 46870 112 106260
459 45870 46488 65 59870
460 45926 47517 129 149512
461 46021 49217 42 154322
462 46223 46475 53 16509
463 46744 47169 108 10565
464 46800 51143 80 341205
465 47008 47100 17 632
466 47085 50624 67 100918
467 47237 50091 114 414589
468 47462 51480 11 34970
469 47526 48506 79 46986
470 47582 51575 142 145417
471 47673 48640 15 12160
472 47978 50426 49 134274
473 48010 50639 38 53085
474 48154 49066 8 4425
475 48425 50201 77 63024
476 48458 50630 56 28382
477 48526 53815 68 612253
478 48546 49786 74 24163
479 48605 49345 6 2412
480 48623 49361 138 271674
481 48717 48861 9 1258
482 48881 50628 28 22861
483 48923 50551 41 9816
484 48928 50920 50 34426
485 49215 49672 106 33181
486 49229 51373 27 37521
487 49367 51798 13 31152
488 49375 51155 7 2067
489 49444 50595 127 137664
490 49537 50934 7 3108
491 49550 49896 109 23152
492 49583 49895 138 45715
493 49667 50092 15 4115
494 49721 52501 98 181191
495 49835 50510 24 11014
496 49919 49989 6 214
497 49964 51264 78 68156
498 50111 50603 5 1501
499 50144 55767 97 201266
500 50147 50609 22 2584
501 50157 52810 77 65022
502 50173 50442 82 7820
503 50274 55233 13 25683
504 50317 52000 14 5908
505 50519 51534 124 60110
506 50589 54348 110 361739
507 50933 52184 110 131795
508 51294 51639 136 21702
509 51404 54973 10 12097
510 51429 53736 78 74986
511 51530 53730 87 104244
512 51531 53814 31 27273
513 51560 52954 6 2651
514 51819 52245 26 8771
515 52022 54494 50 72422
516 52137 52263 16 1550
517 52223 52546 40 10547
518 52280 56985 123 239664
519 52369 53846 50 7143
520 52662 53799 39 38561
521 52753 54980 29 8500
522 52800 53790 61 23545
523 52908 56592 52 37759
524 53111 54312 22 24574
525 53133 54811 91 79363
526 53204 53756 95 30451
527 53239 53533 16 2106
528 53281 53593 101 11593
529 53406 53688 104 51419
530 53435 53591 87 14506
531 53552 55545 116 44292
532 53571 54369 4 1398
533 53599 55923 25 48881
534 53631 56324 9 11744
535 53641 57951 10 14240
536 53648 54413 114 33837
537 53652 55157 22 19204
538 53824 57110 42 52032
539 53861 54473 148 73682
540 54115 55901 149 104524
541 54195 56862 16 18262
542 54359 56443 7 16082
543 54368 56657 53 70227
544 54373 54590 48 3749
545 54409 54495 89 5033
546 54577 56767 46 125920
547 54656 55561 106 86376
548 54823 55781 99 37520
549 54832 55058 11 2246
550 55045 55437 50 11814
551 55085 55672 10 5458
552 55267 58260 64 47716
553 55361 57326 64 92299
554 55513 57013 35 14212
555 55703 57668 49 77395
556 55853 57191 7 6775
557 55960 58023 69 220537
558 56046 61845 9 20488
559 56241 64446 46 223634
560 56325 61868 111 218638
561 56379 58980 10 5866
562 56478 59544 48 45098
563 56486 58825 140 275025
564 56559 57903 55 44973
565 56789 57794 10 2915
566 56857 57025 25 1783
567 56880 58874 5 2707
568 56912 58722 16 26239
569 56967 60615 44 92260
570 57050 57819 6 2247
571 57111 57616 37 8797
572 57138 60408 6 5929
573 57147 60696 4 8626
574 57174 61083 38 47939
575 57350 59689 14 17974
576 57358 57361 47 181
577 57376 57942 19 4120
578 57494 59681 58 152346
579 57705 58202 27 6259
580 57722 61565 71 95766
581 57790 59315 82 41108
582 57944 64696 116 386883
583 58066 60877 18 18095
584 58166 67041 59 192031
585 58239 60791 17 14792
586 58293 59762 149 89269
587 58372 58578 137 11748
588 58429 60444 8 5162
589 58484 62534 5 6336
590 58630 61754 73 68029
591 58793 59822 12 6394
592 58818 60300 46 44907
593 58940 63458 61 113552
594 59007 61796 19 26263
595 59250 60879 43 32156
596 59292 60755 32 72979
597 59628 61918 20 42168
598 59660 60496 7 2973
599 59841 64933 9 19385
600 59922 60476 7 793
601 59971 62843 70 170564
602 59972 64259 60 71718
603 60089 60236 18 2390
604 60090 68758 38 75355
605 60112 67022 29 67290
606 60157 61308 14 6349
607 60218 62203 15 14069
608 60566 64347 5 11821
609 61005 63298 138 111125
610 61034 67023 32 51771
611 61152 63852 63 55161
612 61260 62115 24 7689
613 61318 62350 12 6332
614 61341 62903 26 9365
615 61421 63245 94 86096
616 61425 64492 74 148916
617 61524 63757 50 175125
618 61532 63064 106 136629
619 61852 64894 33 45319
620 61930 63119 26 10947
621 62033 66103 87 112278
622 62075 62697 140 20200
623 62178 62294 4 511
624 62411 72145 58 135413
625 62744 63825 99 86299
626 62809 64071 10 7644
627 62906 63431 74 19753
628 63215 65904 53 65402
629 63223 69386 125 382960
630 63271 63775 125 19179
631 63330 66497 29 33814
632 63354 66482 70 133859
633 63368 64122 46 20862
634 63461 63834 83 6296
635 63477 64067 26 7518
636 63620 63930 32 14578
637 63728 68322 10 29392
638 63840 66054 114 217091
639 63857 65407 7 9373
640 63954 67419 38 21276
641 64073 66775 84 94793
642 64218 67842 111 144571
643 64221 65050 16 18826
644 64262 66082 143 56008
645 64264 67612 8 8157
646 64441 65389 90 51014
647 64543 64558 108 1377
648 64674 64844 6 837
649 64703 66203 19 5326
650 64828 66516 73 164248
651 64839 71708 37 297442
652 64869 65313 53 11376
653 64899 65867 5 2246
654 64903 67748 81 154456
655 65035 66629 33 19432
656 65112 69638 36 148755
657 65216 68167 138 242233
658 65324 65526 102 21528
659 65382 65388 64 374
660 65384 68168 12 8692
661 65428 69964 66 213247
662 65429 68982 120 127339
663 65454 71942 93 172316
664 65462 66010 11 2021
665 65476 65860 94 22051
666 65556 67745 15 12051
667 65684 65800 34 2988
668 65702 72042 18 140662
669 65715 66057 104 26427
670 65807 66339 15 1400
671 65827 66220 107 20287
672 65895 66751 130 22335
673 66056 68580 84 265806
674 66208 74630 7 29703
675 66415 68553 78 32756
676 66573 66819 15 2184
677 66596 67523 112 41892
678 66615 69717 71 217981
679 66727 66734 123 536
680 66856 71377 22 14671
681 66888 73017 90 436249
682 67005 67020 56 1103
683 67025 67392 26 12679
684 67073 69043 33 36017
685 67240 68864 45 15810
686 67521 68154 30 8232
687 67628 72600 7 14668
688 67805 77064 69 171082
689 67851 70815 40 20977
690 67933 69212 52 61533
691 67988 71998 49 39873
692 68222 68597 86 9046
693 68228 69267 54 14311
694 68339 68889 66 18188
695 68444 69393 105 13952
696 68640 68669 144 2342
697 68681 70224 16 10307
698 68739 71476 63 50867
699 68796 70620 84 33306
700 68848 69255 85 19894
701 69009 69731 34 13571
702 69045 69312 67 8870
703 69065 73785 43 18625
704 69274 69608 14 798
705 69288 70069 17 9299
706 69323 70654 109 18593
707 69347 72355 13 10170
708 69399 72204 23 56889
709 69607 71182 115 169725
710 69772 69877 36 1223
711 69778 71791 47 22680
712 69902 71037 5 3893
713 70031 72674 10 5269
714 70240 70977 7 3651
715 70518 70982 98 40992
716 70607 74064 35 63344
717 70675 71623 24 3645
718 71014 71767 7 1101
719 71038 73213 19 9611
720 71239 77359 50 104007
721 71418 75489 26 37231
722 71435 73951 111 334314
723 71486 73716 76 89203
724 71518 73868 35 53153
725 71580 75270 13 16947
726 71734 71873 26 1034
727 71838 74775 86 83150
728 71898 73051 50 44371
729 71984 74645 71 54556
730 71995 73281 14 4167
731 72552 73578 4 2468
732 72638 72996 66 65789
733 72691 73616 7 2046
734 72795 72796 75 49
735 72835 77680 22 50367
736 72849 77689 100 134120
737 73086 74190 46 11073
738 73169 76165 34 67292
739 73431 77397 42 51482
740 73575 75600 130 105520
741 73795 74110 100 19685
742 73815 74233 20 5643
743 73840 77475 12 17034
744 73980 75811 149 104601
745 74186 74565 129 32609
746 74237 75647 17 24481
747 74317 76614 72 163830
748 74479 76436 6 1524
749 74562 74603 28 478
750 74684 77647 28 100965
751 74714 76061 19 14081
752 74763 76956 46 43790
753 74808 84995 8 27071
754 74898 77788 74 140995
755 75003 78919 50 80028
756 75148 77385 98 55399
757 75306 75687 132 59727
758 75307 76383 85 89568
759 75384 84541 66 430193
760 75507 75663 96 12188
761 75593 77036 12 10473
762 75613 76923 8 11438
763 75621 79135 115 404525
764 75630 79009 102 82347
765 75745 77702 44 138092
766 75753 77736 142 203280
767 75757 76153 40 14946
768 75899 75921 38 478
769 75950 77060 34 10398
770 76002 83127 17 15939
771 76021 80468 17 20580
772 76028 79571 102 86424
773 76049 77617 149 71793
774 76374 84153 71 592874
775 76394 87103 80 356721
776 76462 76615 35 3761
777 76554 77785 54 22281
778 76665 78217 97 72220
779 77052 80112 61 55996
780 77150 78623 101 27908
781 77195 79117 44 26633
782 77354 86124 29 211955
783 77404 79351 31 21593
784 77499 79277 83 79371
785 77529 78873 21 14786
786 77604 82303 113 245172
787 77755 77894 18 2603
788 77768 77812 139 1061
789 78102 80715 7 3469
790 78200 78459 7 507
791 78241 78373 5 264
792 78282 79027 15 4562
793 78357 87901 14 47254
794 78375 78462 20 1415
795 78532 81127 54 90254
796 78539 78689 55 4959
797 78575 78842 10 759
798 78703 80289 13 10494
799 78836 81423 127 82056
800 78960 80310 73 54910
801 79078 81315 6 7535
802 79174 79202 17 281
803 79227 82004 99 469745
804 79360 79380 23 501
805 79524 80439 62 13904
806 79739 80725 43 8759
807 79746 79772 16 168
808 79748 82349 66 39450
809 79900 83441 125 411328
810 79926 80679 48 16896
811 79963 80696 35 21792
812 80068 82837 100 118129
813 80133 82841 67 159056
814 80576 85360 52 172126
815 80579 80746 64 9164
816 80633 87675 148 580656
817 80700 80955 14 1801
818 80825 82192 94 79723
819 80928 84220 110 71252
820 80983 87579 16 31471
821 81100 81237 26 4065
822 81208 82329 110 151587
823 81209 82219 75 71879
824 81332 85399 30 37952
825 81362 82744 13 16651
826 81515 87908 79 204257
827 81753 83253 40 54361
828 81870 85516 58 96697
829 81939 91108 98 400871
830 82226 82845 35 11292
831 82456 83790 38 14229
832 82506 91022 114 780596
833 82560 84550 107 42612
834 82596 84601 7 3752
835 82641 84570 72 92451
836 82656 82777 89 6843
837 82737 84096 16 4173
838 82763 87001 12 46715
839 82938 86167 31 30812
840 83154 87824 83 198492
841 83331 84818 143 45641
842 83394 83704 45 8311
843 83402 83914 16 5787
844 83440 87997 99 100189
845 83444 85832 128 152313
846 83484 85022 58 37240
847 83733 84855 64 21192
848 83796 84223 112 22778
849 84264 91993 69 104937
850 84429 84851 145 29034
851 84453 85947 5 1281
852 85035 85514 26 7703
853 85062 91654 77 133068
854 85117 87241 8 7285
855 85134 87094 41 8541
856 85225 86852 58 96289
857 85400 89020 5 4232
858 85596 88657 22 79607
859 85789 86921 23 7692
860 85799 85970 149 6253
861 86037 88592 9 12863
862 86086 87149 37 12189
863 86232 88634 99 70402
864 86405 92458 12 125374
865 86481 91028 115 221264
866 86485 87282 40 28323
867 86659 87251 32 11347
868 86749 88328 97 94476
869 86787 88677 13 6758
870 86793 87891 12 6188
871 86896 88663 26 100168
872 87087 88092 143 79974
873 87129 89512 9 19063
874 87289 88685 94 60077
875 87384 87956 32 6251
876 87392 89238 35 55641
877 87538 88849 12 8698
878 87732 92018 96 529498
879 87822 92190 6 13681
880 87827 90167 48 83350
881 87977 92807 81 105233
882 88031 88862 131 30432
883 88052 89147 118 18254
884 88076 89224 20 18937
885 88237 89288 37 46963
886 88239 88785 83 10023
887 88263 88585 6 1440
888 88420 88732 12 1989
889 88464 90137 89 166550
890 88526 90116 11 11322
891 88626 89263 71 13932
892 88693 92380 98 319194
893 88707 90102 7 4474
894 88842 89130 43 14547
895 88939 91559 76 77049
896 89003 90950 5 4695
897 89148 89258 83 11762
898 89158 94066 53 70625
899 89182 90788 9 7185
900 89185 89453 34 8333
901 89285 90368 105 132719
902 89298 90470 98 56125
903 89418 92696 26 54407
904 89461 90004 38 6595
905 89462 91458 26 21589
906 89589 93081 36 60768
907 89639 93431 119 348629
908 89646 91551 77 84516
909 89792 95763 90 162749
910 89794 95024 59 107682
911 89825 90132 44 15386
912 89946 92530 83 43004
913 89989 90831 23 6308
914 90049 91408 146 39852
915 90131 91593 20 25470
916 90189 94019 114 128651
917 90691 91211 29 11098
918 90699 96530 8 17308
919 90946 94053 123 102166
920 90987 92641 49 24461
921 91288 94574 6 3752
922 91325 91693 9 1566
923 91440 94284 73 190726
924 91657 94170 123 402927
925 91744 92513 41 20643
926 91805 92872 6 1827
927 91984 95591 27 8457
928 92017 93050 144 67640
929 92047 92066 30 778
930 92116 92681 132 43065
931 92171 93130 125 55250
932 92235 92780 58 12016
933 92246 94623 146 474493
934 92315 93702 23 9706
935 92377 95971 20 32635
936 92420 95222 88 26532
937 92567 92913 45 38418
938 92631 93314 24 5601
939 92660 93185 38 22788
940 92750 94348 110 101877
941 92802 94864 57 42091
942 92827 95312 19 34340
943 92832 94296 99 146052
944 92993 93085 147 7302
945 93172 93945 120 52947
946 93290 94762 72 60098
947 93340 94141 17 7051
948 93372 93582 12 1139
949 93565 94572 16 9196
950 93596 96927 53 142279
951 93601 96087 43 88610
952 93719 93727 80 812
953 93788 99470 28 186953
954 93815 94028 33 4047
955 94014 96291 10 16854
956 94063 97097 17 73641
957 94102 94383 149 16336
958 94121 94256 68 4668
959 94276 97277 84 135385
960 94308 95723 47 34892
961 94309 94939 9 4136
962 94343 99176 22 24869
963 94444 97588 5 8411
964 94523 95123 8 2642
965 94643 99422 107 109713
966 94869 95457 94 11910
967 94874 95819 9 2344
968 94987 98883 72 141320
969 95268 99491 76 72285
970 95272 96846 138 49662
971 95332 96432 44 23238
972 95549 98624 104 92142
973 95558 97205 11 2118
974 95606 95959 24 8821
975 95626 97158 108 128638
976 95631 97971 45 30370
977 95766 97664 12 11269
978 95824 98542 74 33597
979 95872 96125 17 1864
980 95932 98722 102 42451
981 96086 96808 39 23530
982 96167 97594 66 27940
983 96477 98375 119 75341
984 96562 99410 129 98482
985 96769 97036 78 10812
986 96828 98209 133 76307
987 96850 97785 15 6583
988 96877 97512 105 75068
989 96882 96986 88 2802
990 97352 98318 48 59950
991 97364 99794 33 9136
992 97456 98832 11 4544
993 97605 99980 78 122507
994 97732 98689 47 24147
995 98262 99070 121 96922
996 98437 99304 5 6181
997 98607 98907 55 7241
998 98916 99512 51 9506
999 99178 99200 85 5018
