50 1000 0.074
..................................................
..................#...............................
...............####...............................
...............##.##..............................
................#.##..........##..................
..............................######..............
...............................####...............
..............................#####.##............
.....................#.........######.............
...................#.#...........####.............
................##.#.##..........###..............
................#######..............#............
...............###.###........#..#####............
...............####..........##.####..............
................##..........#####.#...............
............#................##...#...............
...###......##....................#...............
.####......###...................####.............
##.##.....####...................####.............
..###......###...................####.............
....#.......###...................###.............
....##............................................
..###.............................................
.##..........#..............##....................
.###.....##.###............###....................
###......#####...............##.......#..#........
###.......#..................##.......#####.#.....
......................................#######.....
.......................................###........
......................................####........
.......................................#.####.....
............#............................##.......
............#............................##.......
............#...........................###.......
............####..................................
............##....................................
............#####.................................
............#.....................................
...#..............................................
.#####.............#..............................
.##.##............###.............................
....#............####.............................
..................###.............................
................###.#.............................
.......................##.........................
.......................##.##...........###........
.......................#####.............####.....
.......................######...........####......
.......................###..............####......
.........................#.............####.......
0 31 16766 8 63634
1 49 3747 68 87808
2 254 15711 93 383424
3 319 9889 61 286729
4 609 6775 8 24717
5 657 8520 8 23114
6 797 1787 140 124422
7 890 6998 33 44928
8 1050 2632 94 68324
9 1057 8121 15 44772
10 1352 2724 102 24009
11 1524 3852 18 17636
12 1541 5894 8 11678
13 1641 33346 7 79191
14 1732 3585 4 1517
15 1756 7676 5 9684
16 1867 3942 44 38054
17 2060 21416 8 108554
18 2477 6946 34 68603
19 2491 9018 59 203503
20 2697 8679 54 120757
21 2843 10761 14 40173
22 2906 6154 15 38074
23 3280 5617 27 61645
24 3318 22573 73 366229
25 3344 6489 6 7438
26 3350 3571 24 4253
27 3423 21094 136 420356
28 3477 11795 5 11641
29 3536 5594 17 11760
30 3566 17568 88 281582
31 3721 6806 28 62004
32 3883 17706 19 41588
33 3898 4393 34 17819
34 3902 9337 15 64043
35 4096 6822 31 39085
36 4232 4418 25 10305
37 4321 6338 21 61598
38 4377 5518 30 14003
39 4433 4563 124 7672
40 4497 5204 9 2793
41 4874 6267 12 5836
42 4918 17222 141 534147
43 4946 5042 48 3686
44 4952 7035 5 4612
45 4982 16811 107 427513
46 4994 5256 25 1583
47 5016 5662 105 16932
48 5022 5727 126 63264
49 5085 11032 21 13600
50 5257 11974 38 52071
51 5294 17523 135 676017
52 5334 8815 17 27396
53 5344 7586 65 49532
54 5501 25725 61 407736
55 5658 14896 104 270403
56 5924 9872 135 147078
57 6059 7265 12 2311
58 6063 11178 16 27847
59 6177 18119 90 623969
60 6206 6736 93 41646
61 6244 20385 29 416613
62 6347 9430 135 182348
63 6429 6452 146 1381
64 6596 23331 14 143328
65 6815 15345 35 198825
66 6872 24372 47 258608
67 6906 7644 65 50247
68 6920 7888 102 42040
69 7028 8801 149 89038
70 7053 28479 15 213989
71 7099 14118 20 31390
72 7158 7804 82 15413
73 7468 12566 134 174437
74 7504 8455 30 28937
75 7512 19485 120 505491
76 7542 27893 57 297324
77 7712 10087 79 164946
78 7738 28280 35 664760
79 7741 18795 7 86148
80 7753 19541 58 183447
81 8015 9262 91 48381
82 8025 16229 19 55524
83 8040 19868 82 1136165
84 8269 15364 10 42076
85 8330 15479 41 262519
86 8346 10207 72 100779
87 8388 8896 11 3103
88 8436 15791 97 225427
89 8656 19331 21 125065
90 9092 22841 8 61102
91 9306 10765 42 17585
92 9398 18651 7 34616
93 9476 12749 69 117350
94 9637 21037 87 281237
95 9638 24012 41 286831
96 9791 11884 4 5094
97 9813 10363 113 47263
98 9873 10450 113 19771
99 9968 10700 83 41031
100 10161 13010 136 103512
101 10422 16293 141 550014
102 10438 14136 105 96150
103 10547 12449 87 193857
104 10770 17334 79 210737
105 10827 14031 75 46663
106 10949 12251 53 40244
107 11004 12436 119 74219
108 11060 11313 29 3913
109 11207 42414 67 332040
110 11229 20880 38 136408
111 11242 14156 70 71094
112 11258 11658 96 12439
113 11344 14790 56 58360
114 11567 18421 56 142229
115 11584 12582 15 3498
116 11744 13842 34 21859
117 11802 27509 7 39742
118 11893 16739 50 76449
119 11981 20186 11 36922
120 12046 23653 118 858278
121 12197 20418 11 26691
122 12213 33963 19 182208
123 12322 14719 4 2968
124 12462 16749 137 505453
125 12574 28344 59 274902
126 12632 15211 105 84695
127 12641 26672 35 183547
128 12770 12883 67 3204
129 12772 16451 97 119382
130 12869 13491 70 50500
131 12876 13693 148 52396
132 13037 14757 86 83482
133 13171 13442 12 3681
134 13237 14473 14 7994
135 13307 50430 35 262322
136 13612 17062 15 16916
137 13686 14957 124 111832
138 13733 24987 78 369364
139 13748 13930 20 1419
140 13762 15033 43 23897
141 13970 16414 142 79610
142 14201 16848 86 133733
143 14559 23367 132 599404
144 14695 24065 55 70016
145 14705 24213 148 408213
146 14918 16902 42 93994
147 14935 15808 64 17873
148 14966 19993 16 28256
149 15056 22254 33 77306
150 15099 24591 7 11822
151 15365 18223 128 925751
152 15475 18393 9 16679
153 15638 34521 86 828257
154 15777 19029 143 159114
155 15797 19034 108 273633
156 15836 26582 15 39947
157 15880 18514 42 180365
158 15897 34584 6 29326
159 16189 19480 129 316989
160 16334 19780 19 35984
161 16377 18639 87 53017
162 16402 20707 5 2714
163 16518 18812 142 575461
164 16594 23296 22 108202
165 16614 17882 14 4197
166 16633 19698 10 15310
167 16634 18315 92 117233
168 16934 21949 142 288260
169 16958 36087 102 727505
170 17004 19154 34 42707
171 17048 19128 144 206179
172 17113 40429 17 239369
173 17213 21431 81 108563
174 17281 23912 62 193856
175 17319 18162 19 5176
176 17415 19662 9 12066
177 17429 41265 5 24788
178 17494 27578 36 201217
179 17654 34046 13 56526
180 17926 19231 46 29355
181 17980 19911 82 33655
182 18252 18821 17 5000
183 18451 26509 78 321508
184 18458 35117 64 148866
185 18500 19010 12 2893
186 18520 23668 133 568376
187 18838 19614 36 48251
188 18899 30319 79 965682
189 18973 19027 121 3199
190 19184 20825 137 96715
191 19275 29648 21 106332
192 19305 26664 116 573180
193 19334 27268 13 76780
194 19347 20770 53 47729
195 19379 21483 10 2807
196 19482 24957 15 36409
197 19517 19627 143 16317
198 19843 20590 126 46503
199 19932 21065 80 107062
200 20543 20688 10 732
201 20595 29576 110 760163
202 20818 23612 83 137201
203 20837 25282 93 300671
204 20938 21903 82 83641
205 21117 22735 101 111565
206 21264 25874 127 296497
207 21642 25078 116 98854
208 21829 22089 61 11407
209 21859 22590 98 32289
210 21986 34569 19 28464
211 22015 30948 34 179372
212 22255 32119 55 82307
213 22276 26441 8 8109
214 22356 37827 13 110338
215 22369 25146 82 221902
216 22463 44795 50 607435
217 22524 26060 111 183322
218 22579 33981 116 237742
219 22580 24667 30 74489
220 22973 24776 5 2568
221 23016 26780 71 126113
222 23081 30118 97 195865
223 23140 28617 10 29376
224 23196 27424 13 15082
225 23199 24622 44 18735
226 23261 25758 65 140915
227 23450 26533 22 37257
228 23517 25819 29 27889
229 23563 32739 81 91831
230 23599 26680 4 3645
231 23608 31082 13 95285
232 23631 62528 15 138556
233 23686 27340 55 51675
234 23737 26422 4 4852
235 23794 29359 5 14115
236 24035 31202 46 121231
237 24115 26016 55 50443
238 24172 26930 75 51574
239 24317 36380 67 504008
240 24457 39723 57 577001
241 24594 25653 69 19583
242 24620 25327 14 4210
243 24641 26912 64 95813
244 24749 33044 127 702716
245 24926 43164 16 204710
246 25099 29511 125 334304
247 25123 25697 25 12516
248 25134 25424 149 32879
249 25232 60356 7 43227
250 25370 32979 141 801906
251 25426 27431 105 130729
252 25460 36598 138 693788
253 25513 32671 45 97581
254 25538 33465 58 133487
255 25619 35198 15 108836
256 25639 26201 7 2258
257 25655 28299 53 101975
258 25839 32396 147 537809
259 25903 37268 146 412735
260 25967 26535 148 73830
261 25992 30721 130 436211
262 26007 36791 9 49087
263 26159 30661 5 15683
264 26280 32071 42 76942
265 26295 35596 71 101735
266 26407 27120 9 4933
267 26439 40030 22 207806
268 26690 31390 14 75433
269 26711 32612 8 22459
270 26984 37581 57 479832
271 26997 35522 79 162338
272 27148 29636 14 10676
273 27498 33760 21 30887
274 27548 32969 17 81639
275 27577 68116 70 601446
276 27598 28532 13 10959
277 27696 36290 8 39206
278 27912 31629 85 61188
279 27939 28455 25 5635
280 27951 40328 79 399335
281 27987 34679 96 261730
282 28003 45530 94 661026
283 28036 38126 90 777854
284 28088 33443 12 23574
285 28125 36684 9 42544
286 28131 36284 76 286193
287 28170 29356 68 55669
288 28196 33380 41 92602
289 28237 35076 48 147719
290 28362 45269 109 342754
291 28439 31495 41 29858
292 28681 38524 71 275380
293 28844 40296 38 165486
294 28944 36882 61 475491
295 29020 48201 134 587465
296 29117 36162 4 8994
297 29127 34364 22 76640
298 29155 35803 61 509602
299 29176 32790 31 46950
300 29388 31754 70 19301
301 29482 30315 51 29441
302 29546 31626 116 96491
303 29583 41546 7 55747
304 29669 32716 121 273015
305 29745 32694 48 94420
306 29848 33591 23 16964
307 29856 33198 8 8302
308 29872 32776 17 20819
309 29919 30040 127 7607
310 30025 37519 43 96480
311 30073 32130 114 550747
312 30351 33618 11 11083
313 30437 31612 44 28265
314 30456 32997 47 43320
315 30502 73711 83 1458311
316 30632 32397 76 63374
317 30757 35308 6 21093
318 31094 36749 20 100263
319 31200 37558 123 369079
320 31318 55183 122 1278874
321 31360 33399 26 16301
322 31417 56392 14 156901
323 31447 32639 70 21216
324 31621 32900 20 19078
325 31623 34701 100 112895
326 31652 40807 47 133008
327 31758 38430 55 212743
328 31999 36606 22 51094
329 32241 37732 66 278437
330 32246 35911 21 30012
331 32357 34069 46 78673
332 32363 38432 42 69171
333 32532 39892 7 19897
334 32597 35092 59 48197
335 32633 36335 40 100058
336 32675 35865 141 355457
337 32687 36776 136 443008
338 33181 35926 59 107259
339 33241 34938 117 73306
340 33529 43341 128 836499
341 33597 36454 72 48957
342 33673 36409 59 177421
343 33692 36637 15 28796
344 33732 39534 19 35237
345 33949 37122 66 89153
346 34007 41289 81 213094
347 34051 39392 20 26485
348 34181 38220 10 9211
349 34218 41585 103 589064
350 34315 35709 61 47972
351 34450 41023 120 339901
352 34631 39645 17 9536
353 34793 35137 11 1774
354 34801 35765 35 22851
355 34864 42171 31 96587
356 34874 35607 47 53806
357 34885 52831 54 79276
358 34907 64650 19 144944
359 34919 35797 123 30110
360 34993 38404 114 145579
361 34995 39659 13 29603
362 35010 38528 109 198484
363 35462 36579 55 95644
364 35529 36588 7 7787
365 35560 36230 6 1778
366 35672 75278 132 1128813
367 35720 45153 38 140656
368 35740 39584 21 23201
369 35742 46635 50 275019
370 35902 42293 137 325036
371 35932 36994 70 12353
372 36033 39432 120 110916
373 36076 39060 101 550738
374 36527 37684 28 19696
375 36659 37691 12 10047
376 36780 58159 105 498565
377 36843 43825 129 355247
378 36926 43453 124 522543
379 36975 41830 36 52399
380 37178 37349 6 858
381 37214 42960 49 60057
382 37265 45147 13 51715
383 37398 40890 93 60489
384 37402 38203 21 10916
385 37604 40155 133 139031
386 37836 44425 20 48366
387 37887 40460 93 124956
388 37896 41280 72 123455
389 37982 38717 16 7130
390 38060 39120 40 23298
391 38312 49494 70 464404
392 38391 40622 13 4767
393 38407 56433 78 1408653
394 38506 45715 63 722254
395 38578 42936 11 37802
396 38653 39300 135 26472
397 38719 41213 72 76644
398 38798 43549 28 136877
399 38847 39322 9 2317
400 38915 56946 24 200792
401 38976 49720 64 232545
402 39011 40135 5 1731
403 39195 42525 53 47499
404 39326 41262 34 12223
405 39407 40156 142 57508
406 39570 43568 12 36185
407 39697 51866 78 470681
408 39915 44959 7 9362
409 39920 41337 105 179460
410 39933 51029 68 185818
411 40175 43709 31 40744
412 40407 40466 39 713
413 40431 56776 57 183028
414 40464 51114 38 188948
415 40488 49014 125 465224
416 40592 50232 112 1316169
417 40706 58665 94 514038
418 40818 43925 18 19538
419 40841 45557 27 56513
420 40913 51016 38 42594
421 40974 46116 104 245505
422 41073 43800 127 130391
423 41114 44395 5 8987
424 41249 48908 87 236697
425 41357 45291 25 60667
426 41600 45354 22 37924
427 41667 42237 63 15530
428 41985 50860 30 130975
429 42189 50930 11 38945
430 42718 54991 36 364302
431 42722 48695 35 178736
432 42865 48910 47 51976
433 42877 45416 77 170165
434 42925 69296 142 2182690
435 43204 49761 4 8467
436 43211 43394 121 11255
437 43390 49519 12 34753
438 43391 53450 6 11992
439 43487 46762 11 12961
440 43514 45029 38 35172
441 43591 47782 26 65070
442 43775 43995 72 7502
443 43827 46711 138 115648
444 43881 46443 48 128436
445 43886 54023 85 98265
446 43958 48102 7 7825
447 43962 67789 55 340915
448 44002 48583 90 231909
449 44117 48303 67 233167
450 44132 54172 29 148963
451 44148 52293 47 151627
452 44162 53847 114 346293
453 44335 48437 80 113758
454 44345 48360 126 282412
455 44359 44384 41 897
456 44431 53791 62 275222
457 44482 48816 84 104787
458 44498 45399 6 2641
459 44558 46437 7 2935
460 44785 46428 67 108827
461 44825 47336 35 63414
462 44900 52115 58 265531
463 45031 56892 103 768690
464 45118 55824 7 33096
465 45130 47581 10 4553
466 45438 53704 18 40694
467 45488 50114 41 27986
468 45512 47796 40 41408
469 45742 47131 54 25569
470 45814 53224 16 36778
471 45879 52172 40 77606
472 45902 52740 145 625362
473 45909 51150 74 158461
474 45927 48500 26 47180
475 46030 63559 125 742518
476 46056 57130 12 67725
477 46244 53783 27 50903
478 46265 51618 80 153651
479 46375 48689 62 46403
480 46449 47118 54 32627
481 46513 47632 6 2301
482 46640 61585 101 602838
483 46806 51157 86 83088
484 46820 57132 137 679805
485 46849 61937 113 953920
486 46864 48693 37 24303
487 47194 52014 35 34204
488 47249 49471 96 70504
489 47328 49098 27 27172
490 47392 54566 104 230488
491 47446 66404 33 180409
492 47680 49084 33 31129
493 47841 50968 8 6069
494 47852 48831 46 58834
495 48144 49739 90 91121
496 48547 67507 118 886585
497 48605 60127 106 572368
498 48728 53903 72 180242
499 48775 50344 53 119202
500 49347 49687 45 16650
501 49390 52421 35 81701
502 49644 56015 136 540661
503 49879 51502 79 47241
504 49974 66965 107 2098957
505 50107 54911 87 104735
506 50129 52978 58 37727
507 50178 54037 29 47229
508 50300 55111 23 25320
509 50305 54638 86 333237
510 50307 58310 133 490792
511 50464 52303 27 31286
512 50598 51828 117 36419
513 50635 54818 19 28981
514 50880 62300 13 26680
515 50962 53402 31 10948
516 51080 71263 28 748196
517 51145 57470 63 160491
518 51467 61845 40 229930
519 51581 56805 55 67269
520 51631 52070 16 9881
521 51721 52508 32 21759
522 51983 54333 111 155205
523 52061 61106 5 24338
524 52096 55316 65 93589
525 52267 53022 105 36531
526 52363 58291 17 43879
527 52396 52674 119 28812
528 52481 67200 66 126366
529 52582 67705 136 462992
530 52856 69621 77 191168
531 52885 57966 13 23899
532 52947 62761 37 320917
533 52977 60329 69 235984
534 53004 58132 75 133541
535 53088 55593 98 158498
536 53127 55092 46 40767
537 53259 58971 25 76105
538 53362 57152 121 352840
539 53369 55864 41 18906
540 53705 64944 77 263232
541 53851 77198 67 622879
542 53895 58280 30 104536
543 53974 59585 130 278030
544 54003 68356 119 1232240
545 54015 54052 21 535
546 54039 55786 41 50714
547 54168 54484 40 4605
548 54191 54982 116 155733
549 54214 76425 105 1476497
550 54222 59965 92 283352
551 54266 66201 149 688077
552 54306 58127 80 108705
553 54470 55391 5 9014
554 54520 55400 13 3680
555 54636 64718 110 580666
556 54671 63706 111 684988
557 54725 57676 6 11891
558 54898 55748 67 29074
559 55047 65986 26 145763
560 55176 61153 128 290752
561 55202 84591 8 53936
562 55240 66480 64 498761
563 55298 82327 5 36838
564 55370 61114 70 309120
565 55879 56208 90 11257
566 55949 56989 99 107025
567 55963 70974 8 52807
568 56006 81939 33 451319
569 56177 70761 79 139918
570 56206 65226 43 81414
571 56281 58533 81 69234
572 56285 58729 99 155325
573 56361 59530 13 43342
574 56549 60748 113 365063
575 56571 61495 59 110874
576 56604 57145 40 17085
577 56759 60531 146 481037
578 56882 82182 129 683570
579 57032 59102 32 53076
580 57083 57184 131 8715
581 57190 60333 142 102348
582 57285 58681 33 15541
583 57327 57879 42 8920
584 57422 57666 146 51524
585 57569 59812 51 88275
586 57641 59111 10 7988
587 57655 63647 25 22297
588 57783 68535 144 597888
589 57898 67830 114 305276
590 57931 69987 33 103298
591 57935 58902 5 3099
592 57994 61713 16 44614
593 58138 69484 97 945109
594 58222 62801 4 10145
595 58261 61710 5 4517
596 58289 64031 7 28186
597 58450 77946 119 965320
598 58461 61530 23 20560
599 58526 75908 6 61536
600 58547 59095 137 29609
601 58635 63046 12 75201
602 58908 71354 36 200967
603 59112 63696 116 172900
604 59260 81273 13 241636
605 59364 60446 83 46241
606 59408 67589 78 326444
607 59481 79396 32 419528
608 59598 60852 79 105065
609 59756 60877 9 2828
610 60054 63923 65 40443
611 60109 66353 52 228837
612 60180 74057 70 765432
613 60275 78853 142 510919
614 60343 62296 97 128036
615 60408 61568 63 20772
616 60437 61455 142 63801
617 60452 63550 149 58429
618 60537 70804 20 28521
619 60621 65002 81 428259
620 60674 63275 69 83098
621 60702 69829 20 191060
622 60721 64775 99 268289
623 60770 61668 9 3794
624 60801 64807 40 114723
625 60876 61689 24 20591
626 60936 61608 45 14660
627 60963 61677 88 24020
628 61038 80314 66 939608
629 61077 61943 144 82186
630 61238 66743 9 24647
631 61269 63406 46 29108
632 61312 74930 144 1773478
633 61327 69166 149 865617
634 61348 66990 90 611772
635 61680 64404 52 103618
636 61722 66661 136 304518
637 61817 78187 71 249231
638 61912 65179 59 51936
639 62381 77089 9 80152
640 62457 65124 128 150139
641 62474 66193 55 111709
642 62579 64216 5 1618
643 62580 73134 123 599136
644 62592 66913 8 18757
645 62602 63468 17 4393
646 62606 65969 30 27675
647 62639 65902 112 180086
648 62662 72497 150 583173
649 62677 65960 83 84925
650 62684 64276 13 9334
651 62779 69355 18 43039
652 62786 72842 17 60527
653 62812 82429 147 2590108
654 62835 63297 68 7513
655 62839 71271 49 308796
656 62853 66562 6 16625
657 62873 63871 63 104228
658 62922 67733 52 112772
659 63008 64445 39 9707
660 63113 65381 43 10535
661 63124 65919 5 6038
662 63214 63810 50 4797
663 63230 64294 10 2986
664 63231 63605 52 14969
665 63234 68143 99 104215
666 63338 68125 30 85718
667 63427 70899 26 109793
668 63573 70395 9 60948
669 63599 69207 23 99408
670 63981 66705 29 29412
671 64187 64844 133 51166
672 64261 69946 10 42800
673 64267 75208 39 226540
674 64296 67232 19 36852
675 64319 66939 61 31944
676 64339 72969 51 95397
677 64366 65121 61 16843
678 64535 76740 38 99883
679 64582 64585 5 28
680 64871 69960 94 70243
681 64872 69604 15 27353
682 64875 85679 97 1020784
683 64923 65623 93 9288
684 64986 80814 30 256938
685 65044 66920 21 24531
686 65111 75115 6 26221
687 65127 66746 94 68362
688 65523 71414 18 31518
689 65591 65870 60 6639
690 65643 66641 61 38566
691 65712 67520 71 37494
692 65763 70265 12 51864
693 65797 66143 25 5193
694 65832 66814 48 29512
695 65889 78593 10 55078
696 66043 70298 40 36233
697 66103 72965 85 233372
698 66202 68137 67 31496
699 66245 75313 35 117099
700 66290 67505 54 17346
701 66314 70433 56 197493
702 66355 67215 6 1145
703 66462 67036 65 23511
704 66467 72567 9 46414
705 66530 68263 60 70031
706 66566 72984 51 201589
707 66578 79515 113 1620340
708 66580 77789 4 8946
709 66600 71056 8 24543
710 66624 75408 98 152820
711 66680 68615 126 136344
712 66966 70508 13 16910
713 66981 70206 80 63395
714 66986 72854 119 263207
715 67077 77097 23 150021
716 67107 68696 58 40143
717 67295 68834 126 100133
718 67378 72564 9 34875
719 67432 72163 70 120788
720 67439 69883 7 14898
721 67448 81953 33 392860
722 67490 68525 105 30096
723 67567 67662 19 787
724 67623 69302 11 7030
725 67655 72143 21 17537
726 67682 69328 41 53974
727 67752 73935 109 189086
728 67803 73339 36 76106
729 67836 68057 32 3290
730 67883 69282 44 13034
731 68051 73676 21 31114
732 68266 69808 34 37478
733 68434 72518 90 170543
734 68436 75708 149 302527
735 68454 76649 63 237020
736 68528 71583 14 50553
737 68552 76113 66 177267
738 68737 74764 67 159331
739 68781 74814 14 44351
740 68803 71310 33 20626
741 68958 71713 14 4345
742 69021 81162 12 36494
743 69036 77692 108 491760
744 69220 70167 107 31187
745 69266 78662 5 38925
746 69347 70695 149 86580
747 69471 71498 24 9665
748 69509 77041 143 261705
749 69589 72256 17 15450
750 69635 70582 70 27037
751 70223 80239 61 409831
752 70498 72365 67 106927
753 70512 83555 10 81520
754 70602 72725 77 57288
755 70685 75385 54 50111
756 70784 70855 49 2160
757 70866 75489 146 698136
758 70868 73976 86 117209
759 70891 72988 75 33619
760 71064 74010 116 86628
761 71151 73672 5 6911
762 71432 89581 72 937339
763 71751 72475 91 39228
764 71818 73864 22 23997
765 71865 76963 127 299804
766 71878 89122 62 207105
767 71946 77255 37 76763
768 71964 87876 30 341772
769 72033 72411 29 7632
770 72116 76045 19 39095
771 72387 75725 150 570373
772 72391 75797 39 35901
773 72436 75994 11 6978
774 72561 93039 93 2014358
775 72596 73341 89 45011
776 72688 76372 5 4323
777 72717 95739 53 259670
778 72756 73370 20 3550
779 72833 79327 4 10370
780 73138 77902 127 300679
781 73176 89255 8 82005
782 73239 81618 36 189524
783 73267 88994 7 60745
784 73489 83153 5 14023
785 73499 73505 140 385
786 73526 75944 87 88887
787 73546 78320 23 44015
788 73555 74742 135 106141
789 73743 82293 94 354591
790 73763 80855 35 70802
791 73770 74202 28 4593
792 73831 81099 11 60147
793 73925 77325 90 195396
794 74091 83707 41 115539
795 74199 75700 78 33111
796 74254 74633 50 13177
797 74264 77202 72 151463
798 74275 81105 20 67790
799 74416 77790 132 246601
800 74513 80839 42 85807
801 74519 78993 140 231459
802 74543 79544 93 362249
803 74588 79638 35 63962
804 74630 80134 54 128250
805 74727 76634 8 9294
806 74789 78907 34 63889
807 74858 75721 53 53776
808 74868 81194 47 53979
809 75005 77547 110 82967
810 75106 89397 89 1001171
811 75214 89851 7 108781
812 75330 76747 108 69442
813 75338 88404 117 392452
814 75511 78151 110 96642
815 75554 76774 126 98039
816 75566 81133 25 39826
817 75600 76104 29 2850
818 75662 88084 109 401693
819 75696 82551 9 15730
820 76055 76316 38 2298
821 76169 82340 19 30176
822 76183 80068 16 46915
823 76241 78146 62 82682
824 76253 82373 53 234965
825 76285 80499 66 85562
826 76381 79190 43 98096
827 76445 79625 60 74627
828 76457 81797 19 33914
829 76484 94473 15 85243
830 76503 98393 83 435299
831 76517 81208 61 64899
832 76871 81854 31 70710
833 76933 78315 96 90255
834 77348 79657 145 58235
835 77422 83389 114 246245
836 77459 79571 27 34937
837 77565 80914 37 106250
838 77577 78114 66 11126
839 77774 79754 65 68875
840 77794 84875 28 80098
841 77879 84045 139 302377
842 77958 86764 44 157665
843 78025 79516 31 11195
844 78065 85261 44 315274
845 78109 81941 24 59104
846 78201 82023 79 166059
847 78262 80701 43 41828
848 78413 85351 73 147759
849 78474 81527 10 15559
850 78571 78637 5 289
851 78612 84274 69 173109
852 78689 97485 127 461001
853 78951 84339 19 22366
854 79088 83328 136 156586
855 79205 80577 116 30967
856 79335 83648 15 99408
857 79536 84525 122 201790
858 79608 81999 122 446058
859 79615 92729 95 297588
860 79632 85413 54 55313
861 79659 86495 55 451029
862 79821 83167 18 36150
863 79823 85451 13 78589
864 80117 80957 123 159925
865 80155 86349 5 17363
866 80293 81333 66 37199
867 80351 82702 147 98669
868 80537 92446 43 126085
869 80731 82944 15 15041
870 80749 83083 94 71233
871 80797 83736 145 207088
872 80826 89450 4 8277
873 81117 84177 60 73654
874 81206 88977 43 92070
875 81365 88536 55 212441
876 81436 97770 26 200179
877 81687 82628 14 3205
878 81818 82041 16 962
879 81944 87054 119 121592
880 82076 97458 122 1657128
881 82097 87525 118 356328
882 82149 87148 80 175706
883 82169 85514 77 262078
884 82191 85694 14 16330
885 82364 86258 120 236350
886 82858 83911 119 46587
887 82993 84360 60 87408
888 83018 84238 46 25621
889 83403 94911 109 1163346
890 83513 96838 61 244008
891 83522 92912 6 45765
892 83524 83576 75 1016
893 83554 86097 74 99063
894 83593 84491 40 26135
895 83782 86798 50 79573
896 83808 90209 114 295324
897 83838 86700 118 195883
898 83896 91031 106 303468
899 84003 85936 26 29666
900 84004 92178 11 35452
901 84128 88543 6 21890
902 84212 90555 29 70233
903 84679 86908 12 9406
904 84693 94557 80 228399
905 84824 86206 14 16781
906 84861 86514 123 101954
907 84912 87379 86 132495
908 85099 90796 106 322641
909 85145 99345 105 806120
910 85441 89728 6 25437
911 85466 89848 144 237810
912 85602 86898 8 6811
913 85619 93210 30 40698
914 85748 92427 9 27044
915 85835 90490 115 141309
916 86016 94354 86 688999
917 86163 86991 16 5378
918 86196 90877 96 71669
919 86310 87950 6 6641
920 86364 95831 21 58518
921 86418 88127 141 65973
922 86697 87926 47 10354
923 87052 98455 74 207279
924 87297 91705 51 54230
925 87327 93954 41 56819
926 87629 87961 87 28944
927 87685 93095 65 231358
928 87742 94469 132 270099
929 87808 87817 116 686
930 87860 88306 106 33535
931 88057 90084 109 149189
932 88345 89005 41 16851
933 88406 89008 26 9646
934 88533 89057 6 3450
935 88548 95117 8 70895
936 88658 90395 46 26338
937 88729 90672 35 19937
938 88823 89647 111 35439
939 88968 88970 68 135
940 88984 91557 10 17515
941 89170 92630 33 43760
942 89204 92625 55 57757
943 89315 91290 11 8821
944 89471 95228 63 206789
945 89734 92147 133 369754
946 89846 91468 52 74582
947 90033 95298 98 515975
948 90162 90389 7 859
949 90291 91311 130 98350
950 90582 92670 8 4278
951 90597 99029 19 47435
952 90632 90858 72 5278
953 90642 97710 38 266351
954 90758 94456 56 71378
955 90862 95885 19 38439
956 90938 94487 44 25038
957 90996 92578 40 39630
958 91000 95477 80 86612
959 91040 96451 24 46861
960 92006 92019 35 255
961 92012 97434 79 101505
962 92073 92259 123 23106
963 92170 96580 61 99089
964 92306 98620 27 44270
965 92455 93621 4 3298
966 92676 98485 110 376436
967 92748 97884 34 176879
968 92879 98285 9 15472
969 92929 97243 34 57761
970 93256 94408 98 142499
971 93274 93645 42 3366
972 93443 99613 46 57311
973 93575 95119 27 4895
974 93600 97403 43 57211
975 93671 99855 119 144524
976 93810 94462 140 157384
977 94470 94544 7 628
978 94519 95523 47 38530
979 94736 98980 127 90613
980 94807 95616 19 13462
981 94861 94963 38 1977
982 94895 97907 150 173852
983 94931 96718 34 25137
984 95077 97089 135 165681
985 95106 95664 50 6748
986 95336 95536 11 1450
987 95362 99994 128 163945
988 95606 98250 40 52571
989 95677 97008 66 44389
990 96065 96757 44 16840
991 96230 98110 123 68250
992 96342 97720 4 4650
993 96641 99496 24 14696
994 97211 98157 73 107184
995 97641 98376 19 4125
996 98002 99069 143 58813
997 98172 98414 62 20932
998 99204 99588 30 8885
999 99223 99521 19 2127
