50 1000 0.080
...#####.........................##...............
###.#.............................#...............
#.###..............####...........................
###.................##..........................##
##.................#####........................##
##.................#####........................##
#...................#.##.......................###
....................#...........................##
.........###........#...........................##
.........####.#.....#.............................
.........#######..................................
.......####.####..................................
........#.#######.................................
..........####....................................
.........####.....................................
.........#####.#..................................
..##....########..................................
...##########.....................................
...##.###.#.#.....................................
.######.##................##......................
.##.##...................###......................
.....##............##....####.............##..##..
................#####....#####.............####...
.................####.....###...............####..
.................####.....#.#...............###...
.................#.##........................###..
................##.###........................##..
................######..#.........................
................#.####..#.....#...................
..................#########.#.##..................
...............#...######.#####...................
...............#..############....................
..............###....#.###.###....................
.............##.#...##.##.###.....................
............##.##.........#.####......#...........
...........###..###.......###.###.....##..........
..........#####.#.##.....###...#.....#####........
...........##.#.........####..........###.........
..........................##............#.......#.
........................................#.##..####
...........................................#..####
.........................................#.##.####
.........................................#.####.##
................#........................#####..##
...............###.....###................##.#..##
................####...##.................#.......
..................######..........................
...................#...###........................
.##................##.####........................
####..................##..........................
0 15 2718 9 12241
1 193 6020 33 44434
2 202 821 8 1406
3 309 5108 12 26161
4 333 2539 144 420493
5 340 7488 13 26267
6 457 4317 10 31821
7 663 1486 149 39675
8 730 9323 61 362339
9 753 11326 123 831015
10 866 4337 77 169619
11 950 3455 12 16598
12 1010 29302 12 66749
13 1082 9932 34 70706
14 1193 3591 142 121696
15 1261 4628 8 7332
16 1649 9011 115 183808
17 1881 10861 37 164306
18 2003 2692 76 35357
19 2094 3842 53 150447
20 2284 3196 10 5826
21 2301 2609 117 31306
22 2399 13115 75 248760
23 2518 5326 23 27366
24 2551 4079 4 8944
25 2687 10798 135 616088
26 2693 6308 64 235188
27 2872 12758 100 684297
28 2933 16141 98 347432
29 2983 3926 116 18475
30 2989 11696 18 68613
31 3086 10539 9 52545
32 3139 3356 6 788
33 3245 7154 42 41955
34 3486 6973 85 87735
35 3608 7630 97 169084
36 3627 4119 24 2621
37 3669 4034 81 24960
38 3811 6923 37 79671
39 3970 9388 31 74993
40 4074 5512 132 62081
41 4101 14505 8 15872
42 4175 21987 39 118762
43 4208 14620 59 237108
44 4209 9165 84 104084
45 4332 5215 65 20131
46 4413 33884 6 116508
47 4547 4599 130 7208
48 4744 8342 6 10859
49 4854 7208 27 14854
50 5145 16440 41 210978
51 5205 5445 32 14514
52 5274 10522 98 389449
53 5298 15757 49 241570
54 5410 7056 144 105341
55 5527 7867 16 20539
56 5582 6574 88 50362
57 5719 5784 93 2791
58 5731 6411 15 3705
59 5884 6266 27 3850
60 5885 15638 6 26657
61 5936 8449 17 11150
62 6054 10625 24 61003
63 6055 8526 55 107218
64 6078 8624 105 193197
65 6225 11860 136 490832
66 6267 6512 9 1444
67 6437 19220 34 274337
68 6744 7975 142 104500
69 6897 12922 100 344933
70 6898 13472 119 222091
71 6942 9774 145 143844
72 6964 11835 21 19549
73 7028 7264 5 950
74 7052 11213 133 437921
75 7108 7686 34 16471
76 7120 9878 107 422472
77 7256 22130 87 1510777
78 7345 10483 15 23892
79 7563 7994 41 8939
80 7820 11086 93 154215
81 7964 13261 20 17060
82 8012 10935 70 39687
83 8097 9557 105 49638
84 8156 8280 80 6218
85 8231 9297 75 110689
86 8254 14874 150 264609
87 8277 12681 38 58073
88 8335 19519 101 517840
89 8537 10558 140 177652
90 8563 9410 126 27394
91 8601 9127 84 9411
92 8638 10252 98 120379
93 8663 9354 88 36072
94 8682 13747 33 77263
95 8697 9215 83 28200
96 8742 21647 20 210094
97 8839 13009 7 13695
98 8846 13156 28 64898
99 9159 26939 28 88372
100 9466 14328 10 24740
101 9549 12625 113 202463
102 9594 11823 20 18747
103 9678 25189 35 192479
104 9755 19650 75 271481
105 9925 10245 23 9078
106 10103 15393 19 35230
107 10139 10397 133 16393
108 10140 11215 127 124984
109 10218 11994 27 22948
110 10251 12279 6 4852
111 10523 16544 103 208014
112 10607 12767 37 33847
113 10622 12416 24 20727
114 10690 12170 141 213288
115 10736 12122 94 17991
116 10755 13506 129 106347
117 10887 29919 73 710438
118 10912 12337 111 97941
119 10998 13649 58 85292
120 11160 15696 69 172110
121 11169 14078 137 96348
122 11225 12308 99 56062
123 11288 13564 140 119219
124 11491 12033 75 14705
125 11603 15604 94 247106
126 11842 12329 72 16132
127 11848 13485 6 3109
128 11892 15358 25 39157
129 11949 12794 72 8880
130 11959 14068 23 25735
131 12013 19613 38 138257
132 12043 12655 14 3501
133 12057 14368 56 22102
134 12156 18856 14 38764
135 12194 19218 132 590675
136 12207 21300 77 246210
137 12515 20301 43 192608
138 12523 20811 132 306319
139 12545 13039 131 16669
140 12679 14660 81 47050
141 12822 12878 19 1065
142 12949 19298 50 202057
143 12978 13196 86 12022
144 13198 14668 73 75639
145 13211 19333 60 448817
146 13231 17906 29 75848
147 13329 18596 20 12457
148 13473 14887 73 42095
149 13500 14168 82 16694
150 13785 15734 11 6709
151 13791 14342 25 7083
152 14056 14327 91 6716
153 14190 23839 30 82756
154 14414 19602 24 30673
155 14559 17298 10 37601
156 14652 29309 20 130730
157 14815 21386 122 685796
158 14816 25981 56 313635
159 14925 15878 120 79223
160 14927 19753 23 184675
161 14970 15450 147 38256
162 15023 25885 119 439745
163 15451 16555 19 8728
164 15452 17898 150 167082
165 15516 17591 52 69322
166 15641 28418 12 50484
167 15667 21091 72 76578
168 15668 25633 114 336020
169 15850 21799 17 81117
170 15892 20912 7 19152
171 16089 16965 6 4663
172 16332 16802 143 41411
173 16350 19271 93 271613
174 16489 17423 87 35807
175 16500 16745 8 1210
176 16514 17722 55 13015
177 16627 18785 27 30065
178 16689 17556 5 1868
179 16797 19060 109 72892
180 16837 23149 11 29933
181 17100 26608 147 354124
182 17279 17612 4 681
183 17294 20321 51 49149
184 17335 19187 53 56252
185 17469 19051 54 36552
186 17516 22476 43 139616
187 17605 20946 4 9895
188 17759 20446 64 64496
189 17854 19248 71 21927
190 18414 21666 135 217583
191 18432 20279 146 90221
192 18566 19889 74 51912
193 18794 19175 145 22612
194 18799 19092 117 29654
195 18842 23866 25 32559
196 18949 23835 132 446536
197 19191 23174 127 205787
198 19226 22578 65 79633
199 19300 21106 55 32936
200 19368 24239 113 103806
201 19612 28698 5 17142
202 19708 26632 19 51556
203 19839 21195 99 47647
204 19950 22897 119 143072
205 20037 22815 130 241828
206 20074 22319 11 5228
207 20077 22386 148 245399
208 20107 24263 141 163325
209 20394 30188 47 181252
210 20420 21594 74 50604
211 20754 30314 45 114032
212 20797 21371 73 49372
213 20814 24478 29 24988
214 20830 24382 76 254425
215 20849 23658 25 19094
216 20854 21714 25 17239
217 21073 23808 149 321002
218 21149 38180 48 282561
219 21189 22023 78 59074
220 21229 21727 13 1621
221 21671 26811 112 430602
222 21723 25449 23 19379
223 21834 23044 14 5590
224 21993 29543 8 42349
225 22014 25021 54 64611
226 22026 22275 77 9435
227 22172 22224 98 4987
228 22177 25536 42 87287
229 22196 23257 92 189750
230 22235 22307 91 2581
231 22477 25858 129 298031
232 22482 25464 144 101738
233 22515 26784 110 170796
234 22530 32870 60 236021
235 22534 25523 103 232680
236 22623 23036 60 19070
237 22695 31225 16 43824
238 22769 26733 71 141679
239 22795 24116 24 5673
240 22821 29117 63 150209
241 22973 24576 35 49586
242 23084 25749 36 29985
243 23700 23848 17 1488
244 23723 28280 65 113026
245 23748 24578 105 54102
246 24006 28962 4 8314
247 24031 24724 89 52110
248 24070 33279 97 235566
249 24078 28661 74 99453
250 24166 32702 7 63039
251 24252 39960 72 481377
252 24321 24941 39 5217
253 24334 24532 19 2648
254 24425 28434 6 5931
255 24500 25282 7 1539
256 24754 26066 46 132730
257 24814 25142 90 12404
258 24931 26104 148 53153
259 24964 25480 64 10621
260 25362 28136 38 28316
261 25436 29214 104 181024
262 25443 33414 78 193790
263 25506 38928 82 548617
264 25508 30150 61 177913
265 25554 27773 104 121012
266 25629 27723 55 45797
267 25751 28139 30 32862
268 25979 28177 95 108256
269 25994 28536 96 158863
270 26019 33997 7 29763
271 26059 27303 122 69720
272 26124 29875 25 21367
273 26294 36002 134 692083
274 26595 26842 107 36690
275 26677 28860 44 117777
276 26719 30430 105 218861
277 26739 27741 130 164179
278 26792 29399 108 32187
279 26820 33161 7 29284
280 26935 34899 21 223304
281 27089 28106 30 9370
282 27113 28669 51 26257
283 27133 51051 134 929861
284 27147 37876 26 240338
285 27266 29099 85 281482
286 27308 28413 80 76564
287 27425 40979 9 47965
288 27496 28147 22 6015
289 27638 32144 22 20930
290 27672 39939 24 123482
291 27704 29802 96 190093
292 27712 39244 14 43838
293 27829 32424 108 91990
294 27834 34524 30 172901
295 27998 33509 39 39570
296 28098 39049 35 146447
297 28403 35669 53 154755
298 28630 31654 22 31741
299 28725 33072 73 56332
300 28894 31605 83 160254
301 29105 29106 14 24
302 29155 34175 7 48144
303 29291 30199 14 9187
304 29861 31089 33 43300
305 30260 38889 149 979557
306 30262 32884 43 115071
307 30289 35558 141 261434
308 30339 47035 51 796400
309 30456 43983 10 75364
310 30471 40047 137 470664
311 30523 36019 6 25300
312 30585 35085 15 22430
313 30819 31723 113 29522
314 31132 40269 9 46681
315 31264 37700 12 39028
316 31278 32558 65 27478
317 31309 35724 77 120976
318 31489 32389 50 36523
319 31500 32151 27 10874
320 31665 36799 22 51513
321 31937 44034 23 101019
322 31939 32170 22 5784
323 32026 34113 15 6562
324 32059 33829 53 25663
325 32065 32982 137 65295
326 32125 44840 94 341467
327 32169 39977 41 166210
328 32195 34834 31 58350
329 32202 33088 44 14640
330 32227 72396 11 110418
331 32324 37272 62 265329
332 32538 33754 10 7509
333 32859 33152 120 8247
334 32862 38377 8 56396
335 32908 43274 13 40032
336 33021 43197 137 1245744
337 33033 38066 16 30693
338 33064 45292 18 36148
339 33173 38375 22 30031
340 33229 33520 40 3803
341 33369 35832 86 45229
342 33566 36453 66 177311
343 33582 45449 12 85422
344 33875 37651 133 103254
345 33974 47347 146 1350087
346 33980 35902 54 31252
347 34004 35097 49 17769
348 34017 34442 55 15265
349 34023 40912 10 34718
350 34074 34779 29 18268
351 34078 36441 34 91967
352 34262 42936 31 91336
353 34516 39367 126 150743
354 34566 37174 17 19190
355 34689 37393 79 139117
356 34799 37010 66 148003
357 34840 36912 44 14659
358 34850 38658 9 18630
359 34889 35433 65 24603
360 34890 35734 133 40462
361 34901 36631 129 74888
362 34919 52893 140 752554
363 34939 35781 8 2671
364 34968 41495 5 12025
365 35024 37706 100 279358
366 35027 39703 12 21221
367 35051 43808 104 188843
368 35247 38019 54 88398
369 35353 38733 114 248044
370 35408 42248 67 195237
371 35577 51443 8 82992
372 35631 45753 18 94890
373 35744 39338 52 155935
374 35771 37800 70 50248
375 35792 40592 132 410044
376 36059 38008 11 15492
377 36100 39579 103 49586
378 36190 37964 49 45256
379 36241 40283 131 60130
380 36268 36399 127 6285
381 36304 40190 96 395972
382 36336 37496 77 19938
383 36637 45836 109 164534
384 36660 36891 28 1059
385 36673 37826 7 2615
386 36743 42891 56 251648
387 36779 40512 119 152024
388 36898 40371 122 110635
389 36937 45831 79 430424
390 36944 37370 4 1277
391 37127 40162 15 19727
392 37135 39028 27 14061
393 37145 40478 8 6868
394 37202 40687 6 5155
395 37342 45242 116 384391
396 37410 53411 27 346243
397 37469 37563 31 2741
398 37474 56145 71 114447
399 37666 42619 126 197240
400 37760 46594 70 270691
401 37838 41791 64 96026
402 37981 39101 15 8352
403 38004 45679 39 108603
404 38217 39519 149 143210
405 38219 44829 120 435172
406 38308 38386 39 2099
407 38394 47531 146 233379
408 38413 56349 67 222402
409 38490 42551 5 4741
410 38509 40721 26 27891
411 38597 45575 46 286189
412 38751 39370 139 89075
413 38752 45565 24 113030
414 38822 40827 77 67969
415 38969 42117 92 133710
416 39067 43070 116 286167
417 39133 40275 78 27736
418 39295 47205 95 518630
419 39335 39556 63 6585
420 39451 41018 32 31189
421 39600 44584 134 497814
422 39624 45888 58 146747
423 40033 43297 11 7712
424 40104 47458 90 343536
425 40108 49166 134 555087
426 40123 41712 75 83238
427 40249 55663 129 492028
428 40675 43230 141 37034
429 40869 42261 31 51298
430 40906 45270 26 123260
431 41004 42433 111 63099
432 41144 45215 14 28848
433 41204 47228 10 25339
434 41260 53555 8 62834
435 41413 43963 118 146283
436 41427 55448 58 735295
437 41542 60144 34 127125
438 41588 45697 122 334662
439 41601 56155 137 568179
440 41629 51251 18 140034
441 41635 44810 56 83695
442 42086 43748 55 111533
443 42118 49031 63 193219
444 42126 45340 41 34422
445 42275 46494 122 257564
446 42280 50606 63 312523
447 42303 49262 110 626562
448 42381 45038 44 58819
449 42408 43670 125 288022
450 42446 47212 87 478108
451 42488 43332 145 100807
452 42575 45505 58 69951
453 42779 43708 40 40680
454 42783 45970 49 85128
455 42875 46785 46 171614
456 43217 45680 61 39899
457 43290 46303 5 7589
458 43597 45840 16 15088
459 43810 48521 5 4507
460 43932 44005 36 946
461 43973 45707 27 14664
462 44006 49188 21 45424
463 44075 49187 89 108380
464 44118 52614 59 78328
465 44121 50322 86 501788
466 44241 47160 6 6936
467 44296 65796 6 68233
468 44376 53920 65 226036
469 44418 45002 7 1249
470 44525 44801 134 14557
471 44539 52055 13 44792
472 44633 48455 31 75651
473 44653 47666 130 120233
474 44872 47114 43 43994
475 44988 45171 94 5448
476 45017 62598 58 234604
477 45048 48118 6 8355
478 45087 56464 55 129472
479 45516 71971 16 136470
480 45637 50570 7 22246
481 45656 49676 16 38530
482 45663 49073 17 8022
483 45884 49888 119 99915
484 45930 46139 96 12767
485 46122 52648 100 228256
486 46138 46635 100 29711
487 46205 55103 19 88638
488 46272 56054 140 391048
489 46304 55690 146 261401
490 46364 59061 114 604125
491 46372 56987 130 1687847
492 46374 47681 58 23068
493 46536 50244 63 85608
494 46622 56316 145 572821
495 46670 49574 24 84197
496 46675 69696 86 442184
497 46708 61865 35 156094
498 46733 47108 26 4412
499 46740 48033 102 48627
500 46750 51674 50 156417
501 46796 47440 97 21674
502 46972 53863 74 174399
503 47056 60685 31 61256
504 47085 51326 8 17667
505 47107 57976 9 80752
506 47201 48869 58 16691
507 47412 49057 10 4243
508 47457 57382 15 17515
509 47462 77230 4 73032
510 47679 53630 71 460144
511 47810 50356 6 5169
512 47816 54790 115 316719
513 47976 48211 53 6896
514 48017 53581 63 173905
515 48140 48852 95 30347
516 48269 59410 106 725774
517 48281 48685 94 36693
518 48326 49700 24 16201
519 48392 58095 53 324479
520 48459 49558 20 11715
521 48625 51755 84 225454
522 48682 54760 8 23058
523 48988 52483 37 90130
524 49074 51488 131 70589
525 49086 52235 71 223738
526 49140 55852 35 67844
527 49186 50230 11 6417
528 49238 50328 72 46350
529 49287 55114 44 64126
530 49539 49909 60 18579
531 49679 57598 18 41837
532 49731 53408 13 60047
533 49806 51779 111 81621
534 49810 53453 109 252306
535 49833 57041 99 170616
536 49974 53303 90 188825
537 49991 51112 118 92978
538 50150 53611 9 26744
539 50153 51806 129 46128
540 50183 50402 97 16867
541 50376 51642 149 68327
542 50470 52732 31 16336
543 50763 60985 30 46579
544 50902 67217 143 663508
545 50959 56123 97 291464
546 51031 66326 10 162815
547 51033 52638 7 5119
548 51119 54162 7 2541
549 51157 55789 114 51411
550 51232 52930 13 11005
551 51245 52575 113 86589
552 51408 54470 100 135150
553 51426 53014 43 54289
554 51458 57363 130 198222
555 51470 60160 105 170529
556 51724 59622 92 380132
557 51965 59903 99 251331
558 52037 53588 86 43309
559 52070 52185 30 2361
560 52132 52840 108 24192
561 52135 57675 43 226247
562 52447 60900 47 294639
563 52455 56900 81 104145
564 52473 58185 90 307062
565 52716 54274 8 2847
566 52790 54336 24 9203
567 52791 57121 138 243894
568 52800 65190 135 893482
569 52827 62432 118 983218
570 52841 55392 67 111227
571 52981 62112 14 49049
572 53048 62899 44 142652
573 53277 55015 112 62416
574 53482 55665 60 40882
575 53495 53651 18 1363
576 53637 57985 118 133648
577 53667 54555 8 3935
578 53699 71449 90 1269203
579 53732 62879 81 363108
580 53903 54139 36 29486
581 54028 58138 26 57160
582 54100 57586 54 115535
583 54121 61701 41 81599
584 54221 58301 8 18641
585 54245 78351 132 694882
586 54327 58439 33 40733
587 54412 60872 33 153025
588 54675 58318 20 21178
589 54686 64066 5 8633
590 54773 56456 9 6094
591 54953 70133 8 141686
592 55123 57133 33 50264
593 55195 56198 91 69253
594 55249 64543 61 102868
595 55321 59330 7 6901
596 55378 71195 14 452951
597 55418 56710 114 40403
598 55436 56118 46 26251
599 55494 56616 60 56084
600 55575 56983 10 6594
601 55726 56943 22 6878
602 55794 56126 101 10642
603 55903 61115 4 13124
604 55926 72066 48 946156
605 56045 56191 33 2328
606 56232 60222 27 155307
607 56289 70643 90 743244
608 56478 60915 27 74356
609 56510 62210 83 241423
610 56688 70648 96 691518
611 56742 57161 85 30757
612 56808 57792 107 60853
613 56847 71043 65 197056
614 57029 57365 45 10435
615 57034 58402 22 10308
616 57069 61339 59 253991
617 57105 57350 26 4051
618 57269 58784 23 25081
619 57355 60023 22 40597
620 57399 62362 20 31538
621 57469 63588 77 152673
622 57487 59959 17 7495
623 57529 59692 11 9149
624 57550 64324 12 50002
625 57738 73163 36 252085
626 57886 58278 34 32372
627 57991 61152 147 135910
628 57995 74175 7 125845
629 58014 59771 5 3430
630 58040 59218 10 2693
631 58179 58326 113 14133
632 58195 61736 84 50828
633 58347 58499 35 3817
634 58384 62031 27 69534
635 58464 59513 32 13516
636 58527 61778 49 17055
637 58621 69789 14 46221
638 58642 68590 55 39929
639 58685 63343 20 30089
640 58718 61601 13 14820
641 58752 58762 144 1103
642 59027 59711 11 4651
643 59158 60310 13 8009
644 59235 59989 111 31776
645 59252 60519 139 301189
646 59263 59702 13 3049
647 59265 62417 5 14383
648 59270 66006 58 115151
649 59587 61520 132 39780
650 59821 62635 105 48755
651 59874 64602 23 46874
652 59953 64531 45 67085
653 60032 64737 35 102327
654 60056 62043 50 38238
655 60197 70134 119 1066131
656 60237 65139 90 121156
657 60292 60911 34 7197
658 60321 60659 7 1665
659 60363 64212 26 21878
660 60566 67389 29 46238
661 60650 62789 127 120975
662 60795 66574 41 40825
663 60816 67516 24 104332
664 60876 62893 35 32191
665 60889 65100 35 47565
666 60912 61308 12 2323
667 60972 61828 83 37439
668 61203 72948 45 93909
669 61309 62804 70 34770
670 61461 70259 23 103925
671 61486 78394 102 975434
672 61488 66325 80 130737
673 61532 61604 36 1957
674 61838 69747 22 54050
675 61856 74422 133 344067
676 61988 64683 129 411937
677 62004 65135 82 53360
678 62243 66412 111 63640
679 62334 68862 42 74818
680 62486 67724 47 84618
681 62577 71984 96 347897
682 62595 66780 9 17603
683 62703 63855 109 43401
684 62818 67253 13 14811
685 62982 66320 23 24712
686 63005 78799 10 101500
687 63109 64005 6 1380
688 63302 68231 11 26549
689 63582 66701 127 121461
690 63655 65514 8 11082
691 63676 65184 107 72077
692 63700 68002 147 213766
693 63906 63939 68 1794
694 63920 66218 46 47969
695 63960 65455 49 43835
696 64015 64152 10 754
697 64175 78733 108 1587884
698 64459 65240 139 54928
699 64599 68122 33 33431
700 64611 71308 81 173728
701 64676 65685 20 21311
702 64893 67902 17 37849
703 64908 71064 7 37051
704 64948 69066 12 26341
705 65078 72037 72 161892
706 65284 66039 51 14459
707 65609 66977 39 13829
708 65611 66625 6 2624
709 65667 66293 47 11428
710 65746 66532 86 29577
711 65785 84214 7 38508
712 65942 69816 20 28268
713 65965 67234 30 23856
714 66106 72430 135 324099
715 66162 70490 130 322327
716 66186 67964 123 125596
717 66264 66348 16 1361
718 66270 84692 144 542887
719 66306 73900 131 182164
720 66321 66710 17 3745
721 66331 66800 139 36145
722 66422 71591 59 119768
723 66449 70254 37 51526
724 66597 69509 28 58355
725 66667 68321 97 22902
726 66674 66704 43 945
727 66680 74756 23 105211
728 66705 70822 87 143216
729 66775 76003 11 24023
730 66925 70293 90 240542
731 66929 67179 112 15675
732 66959 70862 18 31898
733 67018 75382 11 33668
734 67393 71963 28 23508
735 67451 67485 63 1366
736 67738 68870 87 60444
737 67774 69503 10 4874
738 67818 70735 104 195293
739 67895 68679 103 77903
740 68029 69084 16 8427
741 68040 68727 69 17082
742 68065 69431 91 43265
743 68079 75733 123 220418
744 68143 71881 91 158410
745 68192 76993 4 16832
746 68205 69048 31 19192
747 68266 70770 82 116225
748 68463 74457 59 118766
749 68485 72625 149 693720
750 68597 70218 30 18757
751 68612 70207 23 14723
752 68652 71304 18 18057
753 68670 75031 20 79095
754 68692 72031 90 175649
755 68822 73527 18 23845
756 68838 69011 67 3345
757 68965 78830 128 572458
758 69153 81023 82 390555
759 69222 69826 59 29828
760 69479 72611 92 157422
761 69483 77259 6 19346
762 69499 70398 90 12160
763 69694 72238 136 128882
764 69994 77142 38 167729
765 70018 70688 5 1333
766 70052 70482 6 1313
767 70174 73191 78 68993
768 70277 70737 5 1286
769 70402 71623 45 55717
770 70434 78211 123 447171
771 70439 74455 16 39686
772 70468 70605 96 4961
773 70513 72557 37 24074
774 70909 72323 67 30450
775 71015 75518 139 109990
776 71028 73846 71 187436
777 71236 71926 56 34336
778 71382 74220 27 32631
779 71425 77080 58 676005
780 71472 79696 26 119430
781 71585 74612 85 79354
782 71690 72450 14 5033
783 71779 91070 124 1213714
784 71832 72247 18 2650
785 71969 82553 59 431266
786 72020 75070 72 56364
787 72194 73996 23 12305
788 72553 74932 33 67069
789 72616 77505 71 63153
790 72653 73120 95 37208
791 72934 80043 29 133894
792 72943 84603 53 292312
793 73069 83447 7 29688
794 73077 95197 21 172652
795 73112 78263 13 25985
796 73293 73637 75 15091
797 73479 74098 131 51898
798 73494 78301 98 133996
799 73628 77075 64 128971
800 73658 84051 22 162445
801 73769 80704 6 10968
802 73777 75954 107 14526
803 73804 74550 135 49423
804 73843 75889 105 62371
805 73890 88522 11 98281
806 74224 74804 115 30807
807 74307 75332 106 99007
808 74369 74886 15 2562
809 74387 81528 79 47418
810 74519 87730 101 751925
811 74538 76397 8 10875
812 74788 75593 124 39470
813 74816 80182 59 163181
814 74887 84336 43 127117
815 75216 84937 148 319112
816 75239 76496 63 71199
817 75300 89704 117 246104
818 75302 79999 34 21273
819 75650 77343 5 1434
820 75722 78647 116 91952
821 75740 78217 93 61558
822 75794 79589 83 149629
823 75871 78387 83 54691
824 75872 84535 7 11337
825 75935 78825 14 17981
826 76084 79255 39 142060
827 76102 91970 112 641870
828 76203 81240 35 63869
829 76236 82783 79 112324
830 76597 90945 107 902484
831 76633 76720 4 368
832 76733 80592 10 15951
833 76936 79897 37 45792
834 77076 79678 91 88012
835 77137 80599 117 132611
836 77184 83418 118 483639
837 77307 84116 142 995915
838 77314 83330 109 166046
839 77333 87239 120 789517
840 77383 83297 33 330032
841 77487 78420 75 38098
842 77557 85425 142 318843
843 77606 78378 45 22595
844 77649 78929 68 52103
845 77696 85524 22 111339
846 77872 78427 90 32311
847 77894 80134 86 106452
848 77922 79238 21 6797
849 77977 85285 70 305707
850 78019 82133 53 80110
851 78060 91436 64 379728
852 78064 82715 108 218564
853 78122 79919 31 22585
854 78173 81378 102 225878
855 78190 86561 70 339918
856 78271 79586 22 27205
857 78372 80355 14 22099
858 78385 83760 87 237952
859 78553 85102 33 96632
860 78662 79916 94 210133
861 78726 81703 46 53692
862 78764 88535 92 207431
863 78780 83890 63 260607
864 78958 89016 4 26087
865 78992 96283 15 95976
866 79198 79338 89 3322
867 79213 88607 13 7691
868 79348 87272 14 23465
869 79357 84162 106 105297
870 79455 87178 50 152494
871 79937 85040 94 130504
872 80144 86451 22 27187
873 80271 81125 28 15791
874 80284 81473 133 34846
875 80312 80389 125 4648
876 80385 80768 57 8486
877 80607 88557 133 894437
878 80956 81485 112 29106
879 81469 85260 55 179660
880 81513 86270 111 202158
881 81732 85830 16 17843
882 81815 91400 51 92072
883 81875 90664 11 48185
884 82217 82652 30 4456
885 82264 86386 40 44896
886 82317 85307 16 24376
887 82337 82415 83 7213
888 82519 87267 26 50977
889 83078 86041 29 49398
890 83364 86136 46 125834
891 83571 88754 47 42812
892 83622 87287 13 52160
893 83727 94233 30 161478
894 84420 88598 52 87293
895 84446 88452 25 61278
896 84759 89773 51 226428
897 84780 88398 28 15648
898 84980 98570 100 572168
899 85113 94467 4 40187
900 85128 90344 84 392331
901 85405 87826 121 89688
902 85478 97495 105 938203
903 85798 87296 74 158731
904 85819 86400 128 41826
905 85865 91488 91 421484
906 85975 89818 114 99728
907 85995 87481 42 21104
908 86024 86800 7 2020
909 86173 95331 118 466389
910 86178 97336 7 35423
911 86194 87210 55 29007
912 86200 89236 32 85665
913 86484 87419 32 19728
914 86517 86680 36 8020
915 86537 87644 44 36464
916 86579 93947 134 609754
917 86804 90848 136 290394
918 86837 89971 85 49882
919 86841 87739 48 21202
920 86843 89751 76 81783
921 86907 90559 32 44996
922 87014 89504 35 29465
923 87051 92239 5 17161
924 87291 92032 27 58897
925 87365 98092 8 46352
926 87474 91327 14 13579
927 87505 88961 83 34122
928 87606 92012 69 129299
929 87624 89603 37 36394
930 88304 89754 5 3625
931 88615 93081 143 176537
932 88666 90274 73 68582
933 88775 89114 113 12232
934 88877 94512 59 70118
935 88892 90698 81 34092
936 88894 91232 42 53636
937 88897 90375 85 318751
938 89018 89360 63 17028
939 89065 91684 32 23432
940 89148 93227 146 113650
941 89151 90183 121 94703
942 89622 91270 6 4919
943 89720 93537 38 139348
944 89781 90926 52 59936
945 89813 91899 17 11206
946 89830 90034 7 1190
947 89858 96393 59 109823
948 89912 90686 43 22816
949 89994 97979 45 60759
950 89998 90056 64 2788
951 90038 92913 30 55451
952 90050 91451 36 25554
953 90055 94322 27 49167
954 90228 90543 5 1380
955 90265 92829 32 38032
956 90369 96022 11 43142
957 90574 91272 85 22152
958 90650 95676 68 81749
959 90732 95705 102 152236
960 90733 93511 75 62703
961 90996 97270 96 465512
962 91074 91314 54 10152
963 91341 93714 6 5648
964 91397 98004 36 162083
965 91486 92461 19 12938
966 91758 97024 16 42544
967 91840 91843 21 76
968 91941 97989 136 287685
969 91949 94779 96 144083
970 92390 96764 41 52865
971 92643 99146 129 373675
972 92732 95954 17 29493
973 92952 93941 32 9661
974 93083 94423 135 72740
975 93175 95689 37 40494
976 93593 95139 25 30460
977 93613 95192 7 10616
978 94272 95861 30 20759
979 94730 97312 129 194637
980 95035 96016 72 59967
981 95056 96739 128 146319
982 95225 99292 10 23204
983 95812 98250 7 7224
984 95902 96714 6 3728
985 95975 97015 132 79020
986 96111 96399 47 13057
987 96426 98068 142 81134
988 96699 98090 7 2722
989 96713 98435 51 28098
990 97492 99015 63 82456
991 97541 98706 145 115133
992 97824 99199 21 8332
993 97849 99313 37 54319
994 98116 99011 5 1930
995 98419 98486 42 1076
996 98694 99346 82 54725
997 98758 99093 7 1391
998 99289 99601 55 8416
999 99369 99783 97 33117
