50 1000 0.032
........................#...###................##.
.......##...............##...#................###.
.......#...............................#..........
......................................##..........
.......................................#..........
..........##......................................
..............###.................................
...............#..................................
............####..................................
..................................................
..................................................
..................................................
.........................#........................
.......................##.........................
........................#.........................
...................................#...##.........
...................................#...##.........
.............................##........##.........
....................#####.........................
.....................#............................
..................................................
..................................................
..................................................
..................................................
...............................##.................
..........................#....##.................
.#........................##...#..................
........................#.##......................
.......................##.........................
..........................##......................
..........................##......................
...........#......................................
..........##..###.................................
..............###..................###............
..............#.........#.........###.............
..............#...................................
..............#...................................
..................................................
.......#............#.............................
.......#....###...................................
...#.........##...................................
..................................................
..................................................
..................................................
..................................................
..................................................
....##............................................
....#####.........................................
......#...........................................
...........................##............###......
0 46 2964 76 98356
1 102 5446 99 244358
2 163 611 49 7974
3 169 2322 33 14416
4 302 11038 79 786479
5 309 2692 22 101316
6 322 5856 32 142448
7 429 1934 6 7001
8 494 860 18 4298
9 495 3487 10 7927
10 580 6649 32 50748
11 723 1772 122 84972
12 786 12507 36 185945
13 822 2543 81 31861
14 885 3007 89 109100
15 960 6494 26 35725
16 1037 2042 52 25468
17 1096 3534 5 11819
18 1142 12874 79 764413
19 1328 4410 33 15021
20 1567 3033 41 37327
21 1610 2095 110 17400
22 1886 8029 78 281733
23 1898 2648 25 6663
24 2300 8069 52 95632
25 2337 7320 45 259902
26 2459 13453 4 26483
27 2622 4958 70 37904
28 2817 9665 130 307846
29 2823 7167 119 96456
30 2872 3835 28 33483
31 3260 3880 47 16880
32 3281 3485 23 6516
33 3412 9200 12 12503
34 3451 8886 42 113741
35 3466 3618 27 3735
36 3526 8279 106 242882
37 3703 5113 93 67648
38 3885 14730 36 441900
39 4007 5498 13 16809
40 4059 5296 116 35841
41 4182 10660 106 128282
42 4289 5382 36 14558
43 4303 10366 34 194802
44 4505 12990 21 44387
45 4544 7351 23 60877
46 4591 5259 94 19631
47 4617 9721 45 121675
48 4702 10850 61 53072
49 4791 5853 38 28232
50 4972 8696 22 38273
51 4988 6924 127 77342
52 4994 12706 41 176538
53 5099 11719 94 309875
54 5371 16460 32 130027
55 5374 5993 6 1931
56 5466 6257 145 39593
57 5562 14318 144 854394
58 5604 12547 51 101003
59 5750 10004 50 35848
60 6050 8792 28 39293
61 6197 7583 44 65651
62 6200 16176 63 162769
63 6219 8188 22 30126
64 6378 9289 14 29529
65 6385 7823 76 59524
66 6412 6500 123 8863
67 6422 7720 77 20993
68 6480 7159 140 54172
69 6590 6865 4 600
70 6624 19451 68 579174
71 6637 10461 5 9232
72 6766 9487 60 70337
73 6887 8179 41 57789
74 6958 11885 37 96344
75 7124 8056 16 7906
76 7250 11949 86 430793
77 7275 8183 37 8138
78 7289 11116 135 221260
79 7314 23194 140 1084506
80 7628 18907 116 155397
81 7669 10768 8 11191
82 7670 7961 24 9117
83 8041 17000 27 171673
84 8143 15873 128 497742
85 8315 11654 50 30004
86 8325 16270 77 345345
87 8840 11580 45 57842
88 9308 16685 42 177843
89 9328 9415 10 476
90 9499 9860 148 31318
91 9660 13043 83 121198
92 9727 17857 64 128592
93 9762 12323 49 49493
94 9836 10096 83 15036
95 9986 17274 8 7905
96 10100 14524 7 12913
97 10103 12577 9 40602
98 10309 11072 4 1389
99 10371 13819 9 22155
100 10451 13708 71 145732
101 10875 13905 32 65851
102 10878 11809 33 30227
103 11004 16032 8 11040
104 11158 13845 100 61009
105 11244 18954 6 15926
106 11287 14099 10 9517
107 11386 13041 104 65521
108 11558 28774 105 1612580
109 11606 15270 56 109318
110 11754 14382 30 34045
111 11883 12398 114 34319
112 11907 13513 59 71903
113 11911 15661 9 46058
114 11935 15074 147 204789
115 12324 16737 140 128218
116 12361 15635 59 113699
117 12372 14621 91 85462
118 12374 18655 67 553065
119 12425 13221 98 73377
120 12711 29313 137 505725
121 12917 14741 39 15956
122 13196 16497 98 166779
123 13353 20478 27 75877
124 13365 15454 25 12730
125 13742 15734 115 110021
126 13825 18544 98 260468
127 13876 15234 45 11457
128 13916 17796 8 5557
129 13981 14960 11 3283
130 14007 20979 48 154094
131 14036 14798 87 65106
132 14273 19601 39 59864
133 14350 16444 60 77088
134 14519 14824 14 2543
135 14555 16636 42 41335
136 14595 36681 63 1498984
137 14715 28159 6 28284
138 14785 24751 68 134577
139 14845 16049 11 3687
140 14929 20215 139 417596
141 15170 16446 5 3921
142 15196 17146 70 63251
143 15198 21606 66 245413
144 15385 16031 124 17469
145 15452 22363 92 583341
146 15461 17163 93 24307
147 15848 19317 20 55065
148 16070 18098 109 73106
149 16102 18541 107 186862
150 16211 18597 17 12664
151 16254 19018 81 83488
152 16414 25159 48 140515
153 16681 17337 62 20348
154 16711 17255 139 40440
155 16739 17468 80 66749
156 16863 19446 149 156275
157 16897 22769 25 82649
158 16931 19766 44 33808
159 16946 21353 7 9259
160 17100 19259 115 102117
161 17268 18002 9 1757
162 17272 21117 135 427225
163 17311 17967 132 40057
164 17322 20267 21 21632
165 17409 20419 54 77576
166 17420 22455 49 150150
167 17684 18245 150 41068
168 17750 20029 95 168775
169 17866 18662 26 9745
170 18194 19437 82 26845
171 18203 24405 30 103365
172 18295 25847 40 162297
173 18387 20522 30 21222
174 18574 19872 129 56612
175 18577 23144 64 94347
176 18605 20252 123 145565
177 18611 28881 4 16977
178 19016 22058 72 141349
179 19131 23840 62 175648
180 19139 27084 115 245952
181 19262 23882 74 368678
182 19395 21072 63 20720
183 19631 23384 106 122958
184 19657 23996 35 38287
185 19730 24140 132 401744
186 19810 20598 101 25105
187 19916 20746 67 18054
188 20128 21026 15 3989
189 20330 21874 69 28421
190 20368 28913 101 164730
191 20396 22103 40 92425
192 20421 43063 92 608908
193 20442 21020 5 2448
194 20508 29058 102 728217
195 20527 24750 61 132459
196 20539 33160 64 154265
197 20548 24155 65 45364
198 20569 25397 31 178679
199 20637 21825 29 9168
200 20681 22974 43 14719
201 20803 23815 86 225261
202 20881 29371 42 68739
203 20945 25343 108 124964
204 21180 25387 18 30655
205 21385 22573 115 56810
206 21429 26570 56 61722
207 21479 22924 23 9839
208 21536 22258 14 5875
209 21683 31112 125 741326
210 21894 26159 5 11342
211 21919 24801 11 13536
212 21951 24870 142 234153
213 22126 30826 40 138469
214 22208 22229 142 503
215 22217 23310 10 9712
216 22226 22900 7 2706
217 22289 23082 73 25061
218 22329 24930 12 29187
219 22477 26550 73 51569
220 22516 27015 122 572933
221 22750 23768 74 78515
222 23196 25734 126 67793
223 23218 24204 94 74844
224 23245 25525 23 21136
225 23357 24880 112 63157
226 23404 26853 10 11591
227 23538 24396 25 3157
228 23612 26452 9 14942
229 23698 28009 114 170869
230 23731 28433 136 265359
231 23761 27829 128 173434
232 23883 24613 105 81154
233 23904 24328 5 1250
234 24053 24459 24 8112
235 24078 24403 32 8936
236 24105 27059 41 85926
237 24110 25206 8 7599
238 24132 24687 29 5509
239 24142 32644 94 501586
240 24145 31193 16 106712
241 24362 26270 8 2856
242 24442 25364 5 2091
243 24587 33584 45 96350
244 24594 29460 87 93035
245 24787 26861 32 21707
246 24943 28702 34 132989
247 25042 28374 75 55774
248 25073 26986 10 10569
249 25259 25957 103 23399
250 25263 28979 57 170253
251 25313 27231 139 500378
252 25599 32191 104 300508
253 25717 28139 5 2694
254 25745 31961 44 51075
255 25784 31921 30 56799
256 25812 36897 11 80151
257 25831 26672 124 77346
258 25868 26113 16 1486
259 26172 39299 13 64683
260 26238 29689 13 17656
261 26308 27470 110 97518
262 26524 26551 21 534
263 26559 27406 37 34193
264 26592 30619 41 90783
265 26621 27693 14 1551
266 26826 36896 89 617169
267 26859 29738 74 266783
268 27097 28843 36 19355
269 27352 38804 116 392995
270 27388 32475 62 61599
271 27513 29568 116 181243
272 27545 29629 13 7921
273 27559 27749 101 5961
274 27565 28350 85 27254
275 27568 32941 19 29372
276 27680 34389 19 33014
277 27688 34426 86 127974
278 27800 29025 46 30931
279 27877 33735 46 114176
280 27881 35905 95 411018
281 28016 28577 56 6275
282 28077 34549 21 78455
283 28145 37680 53 113238
284 28307 29833 7 4949
285 28331 39232 22 34618
286 28368 28831 79 20277
287 28452 37246 102 394396
288 28483 29960 101 44197
289 28527 41433 48 220418
290 28743 35880 103 234761
291 28747 38716 113 228044
292 28924 31892 75 68272
293 29059 32450 31 115440
294 29087 31308 136 217422
295 29269 30815 32 15559
296 29319 31430 87 123937
297 29447 29479 74 4196
298 29458 35133 6 9381
299 29462 29666 134 7897
300 29723 31062 88 81805
301 29773 30535 17 13389
302 30219 37537 116 266831
303 30224 38194 14 29783
304 30238 48504 52 483406
305 30255 33861 77 40453
306 30335 42181 123 495942
307 30461 30615 71 5519
308 30529 37030 83 200766
309 30951 43128 85 252149
310 31132 31848 74 47267
311 31188 32463 122 36038
312 31205 36454 8 19816
313 31298 35015 11 15682
314 31458 36788 21 44724
315 31808 42516 36 118615
316 31847 33135 116 65556
317 31869 32133 10 807
318 31919 35152 15 18745
319 31979 32405 133 62453
320 32056 36448 14 36275
321 32218 34500 144 176771
322 32241 32975 51 11948
323 32296 37315 81 96904
324 32347 33196 27 9359
325 32394 34576 44 54687
326 32452 33895 27 31244
327 32500 36893 10 23724
328 32535 34938 68 90814
329 32628 33673 22 2574
330 32716 39773 14 32659
331 32869 36489 18 27477
332 33155 35173 113 51831
333 33405 47205 138 456363
334 33424 34491 61 26004
335 33643 36902 82 215880
336 33846 37902 31 25284
337 33923 34350 23 6058
338 33971 39371 69 129296
339 34071 35847 4 1252
340 34079 38624 76 247163
341 34292 39133 88 294717
342 34366 35075 29 8407
343 34400 34638 81 22100
344 34461 36004 52 32305
345 34677 37197 70 130997
346 34726 52052 21 155863
347 34926 35193 8 2203
348 35009 36506 53 32612
349 35135 38747 127 187963
350 35521 36750 46 42618
351 35744 40124 6 10709
352 35754 40577 128 1091304
353 35811 35988 85 15182
354 35812 38179 140 337354
355 36023 36557 132 42014
356 36042 40746 15 25020
357 36230 43113 88 681784
358 36286 36605 100 14197
359 36513 37328 39 4987
360 36561 38477 74 64222
361 36618 41855 111 342450
362 36646 50681 77 120778
363 36685 40425 59 30392
364 36691 44763 88 190074
365 36741 38072 17 10971
366 36743 38266 29 10590
367 36837 49189 15 107243
368 36922 41542 44 46930
369 36981 38739 46 10921
370 37157 41011 73 58405
371 37178 39346 5 4126
372 37183 38489 24 15256
373 37195 44115 83 301224
374 37241 38211 22 13852
375 37272 42062 114 180694
376 37842 49323 13 70298
377 37962 46758 5 19536
378 37970 40863 21 48058
379 38242 53694 30 101232
380 38405 44442 41 148506
381 38465 48685 30 117666
382 38539 41064 77 106885
383 38554 39966 10 4065
384 38734 40610 8 3881
385 38780 40329 31 13284
386 38795 44597 110 240690
387 38930 48810 18 66047
388 38940 40062 50 11065
389 39000 40287 21 20905
390 39004 40653 66 42139
391 39082 40642 143 145737
392 39093 41428 7 6761
393 39187 44163 105 414324
394 39217 44758 88 308845
395 39228 48424 35 89375
396 39384 42214 4 5295
397 39446 39468 45 695
398 39856 44045 58 46002
399 39900 40188 149 28775
400 39916 40106 13 2760
401 39923 42059 18 20736
402 40116 40724 32 14490
403 40206 47484 10 16613
404 40218 47322 7 34277
405 40258 41727 73 27550
406 40322 44723 21 27296
407 40530 41952 17 27799
408 40587 45459 18 14116
409 40658 43109 63 64949
410 40675 45926 95 646070
411 40779 65804 14 280432
412 40805 65586 74 445489
413 40848 48844 94 508670
414 40870 44125 20 24838
415 40884 46357 66 260255
416 41018 41990 14 6756
417 41111 47765 134 559580
418 41180 41798 15 2430
419 41219 48734 52 149821
420 41300 41760 117 49399
421 41340 46693 4 14135
422 41800 44025 33 14371
423 41896 43050 102 66692
424 41959 44847 79 132173
425 42028 45688 6 14524
426 42079 43528 51 33491
427 42259 49424 105 495275
428 42307 47120 65 192804
429 42401 47109 7 12787
430 42506 45200 8 8890
431 42514 44060 133 96557
432 42703 43512 102 33358
433 42712 46323 128 177471
434 42727 44817 23 16303
435 42857 46040 125 133469
436 42907 43491 137 55277
437 43066 47934 12 39937
438 43146 49944 140 339800
439 43186 43430 22 8745
440 43307 43632 118 7263
441 43333 43802 52 30942
442 43463 49910 73 240844
443 43590 46592 65 104451
444 43652 47919 12 9802
445 43726 45898 88 66055
446 43741 43910 149 15428
447 43816 49771 124 308444
448 43919 52629 55 618289
449 43921 50599 88 273097
450 44134 49995 148 847638
451 44157 45197 9 5938
452 44238 44921 40 17887
453 44340 47790 104 180605
454 44347 45406 33 19651
455 44370 48261 67 91316
456 44408 46717 14 10181
457 44476 50020 94 97885
458 44731 46538 71 145741
459 44926 45555 48 10131
460 45009 47383 51 52334
461 45048 48045 52 40099
462 45153 46750 117 108013
463 45496 52735 118 419438
464 45592 49881 45 78861
465 45606 46524 15 2169
466 45631 49431 5 8820
467 45672 52731 145 487027
468 45694 50497 117 542117
469 45721 46690 17 12839
470 45733 47782 83 152912
471 45881 49138 34 24068
472 45935 49575 9 11213
473 46046 48100 128 234067
474 46135 59138 56 360987
475 46248 48415 59 45212
476 46270 46889 21 7709
477 46428 61071 20 59135
478 46453 53944 8 20599
479 46583 49131 29 34939
480 46675 78175 104 1002649
481 46725 46947 105 14747
482 46790 47239 5 903
483 46804 49295 105 117026
484 46843 52539 122 206952
485 46850 50799 106 130948
486 47083 47248 24 3003
487 47085 47427 8 1125
488 47091 52288 5 12902
489 47103 55098 59 152667
490 47126 55109 125 167703
491 47287 49673 7 5699
492 47298 60639 4 5578
493 47315 48948 92 93652
494 47352 48316 96 162134
495 47438 62604 128 679585
496 47496 53153 39 84854
497 47747 51114 117 117412
498 48196 62166 149 784649
499 48241 59961 73 129347
500 48275 48906 70 25476
501 48446 54703 53 184387
502 48461 57491 90 131038
503 48486 55476 13 30091
504 48741 52754 14 43765
505 48745 57517 139 595637
506 48977 50236 21 9422
507 49104 54036 149 773377
508 49177 55995 10 67668
509 49195 50254 115 47691
510 49426 50774 87 57246
511 49566 52533 74 74327
512 49596 51546 27 54901
513 49600 54863 74 212761
514 49672 50106 64 14784
515 49765 50321 13 8399
516 49846 53093 8 10913
517 49872 52614 48 23069
518 49933 56123 76 121842
519 50040 50777 101 16805
520 50110 53025 138 232876
521 50365 53413 11 8756
522 50416 50716 6 672
523 50427 51236 10 5544
524 50460 55349 88 848887
525 50549 51972 22 26378
526 51089 51487 100 26379
527 51122 51197 13 380
528 51139 56891 52 219007
529 51211 51532 6 1793
530 51230 60215 72 257871
531 51246 59364 77 180428
532 51469 55823 16 34986
533 51504 63380 52 313245
534 51550 55088 41 32524
535 51630 53724 130 219390
536 51785 55343 26 18270
537 51793 59107 101 318915
538 51803 61381 61 422699
539 52057 57842 150 336590
540 52098 55857 72 108370
541 52132 59269 75 120703
542 52164 68383 39 235662
543 52501 53185 6 1814
544 52636 54775 92 66543
545 52658 53094 10 1950
546 52736 54227 4 1550
547 52793 60161 120 384390
548 52840 55617 95 155982
549 52874 60768 5 14125
550 53009 53270 31 3711
551 53088 54422 130 55504
552 53302 64745 93 261443
553 53377 53820 92 68969
554 53404 56440 61 86877
555 53708 54766 74 25597
556 53795 56140 79 131602
557 53829 57826 30 76362
558 53904 57125 149 420085
559 53912 59123 23 37137
560 53924 57489 70 499588
561 53925 54594 75 33246
562 54058 54629 80 27104
563 54187 55500 21 9554
564 54229 67804 76 229834
565 54281 64462 26 34120
566 54307 59208 15 22141
567 54320 59737 38 104374
568 54341 54760 11 2337
569 54361 54650 87 34880
570 54616 55033 39 10618
571 54638 58223 136 214775
572 54649 71899 71 75251
573 54670 57437 65 58717
574 54811 67351 69 587671
575 54896 66415 79 398911
576 54948 55035 139 5882
577 54974 55501 72 36488
578 54984 60510 34 60580
579 55023 60754 135 385751
580 55064 56349 54 40468
581 55303 60075 12 9356
582 55361 63976 6 25265
583 55522 57178 99 57018
584 55693 67874 76 132651
585 55701 56670 16 2757
586 55778 56746 52 29467
587 55792 59543 136 243692
588 55818 55907 24 912
589 55896 56594 132 20272
590 55952 63651 12 30319
591 56012 58991 81 192853
592 56276 57743 135 61371
593 56320 57788 59 23544
594 56523 61031 4 4153
595 56895 58675 22 26015
596 57034 59259 137 90821
597 57185 58604 10 7936
598 57235 63058 44 82599
599 57315 70314 52 111768
600 57590 58167 29 6582
601 57595 58796 9 14107
602 57655 62509 94 324348
603 57706 60441 66 20426
604 57724 66705 64 569160
605 57793 57864 54 4392
606 57976 59442 16 9924
607 58090 58148 12 902
608 58299 58406 13 1262
609 58331 62476 31 73046
610 58350 58515 116 8773
611 58631 60499 39 68698
612 58702 59756 150 68496
613 58816 60223 84 74204
614 58897 60555 11 3312
615 59118 62008 127 190508
616 59126 67945 34 116534
617 59227 60241 7 5757
618 59325 59674 143 20712
619 59397 59903 95 59653
620 59483 59691 48 4944
621 59686 66796 35 132794
622 59708 68420 41 122366
623 59713 67042 5 18888
624 59783 66092 122 253137
625 59847 62986 54 66189
626 59953 68629 73 323715
627 60073 63969 38 186047
628 60188 60698 108 22183
629 60410 62759 61 174790
630 60517 62961 116 135990
631 60600 61128 35 6031
632 60714 63768 144 271739
633 60728 61243 85 15242
634 60761 72995 19 184857
635 60881 72212 5 49004
636 60882 62556 20 22220
637 60884 64046 20 20576
638 61133 64992 38 56372
639 61215 64858 149 122854
640 61242 68696 97 394672
641 61344 65794 140 292379
642 61390 62935 85 26845
643 61434 62186 94 27096
644 61451 61638 49 6182
645 61682 66548 93 94315
646 61806 63295 120 188226
647 61825 61851 49 1422
648 61844 62392 102 29907
649 61877 66069 63 98122
650 61932 65999 105 308680
651 62305 71436 131 1371272
652 62344 64983 103 165580
653 62460 62508 11 216
654 62565 68680 10 14779
655 62625 66293 123 227001
656 62696 75810 29 532816
657 62734 70589 30 127829
658 62768 63227 141 64178
659 62828 65106 6 8707
660 62949 64083 6 5083
661 62956 67388 33 164391
662 62974 78950 15 74622
663 63121 89642 101 1104891
664 63204 64090 41 6670
665 63444 66888 5 6150
666 63711 71238 20 153619
667 63733 64113 11 3188
668 63939 66721 84 55326
669 64212 65087 103 75000
670 64379 74450 74 273367
671 64632 65512 37 8330
672 64810 66911 67 36059
673 64893 69801 50 134287
674 64894 65564 52 29875
675 65024 65326 6 479
676 65077 65230 146 11398
677 65171 65673 50 22866
678 65560 67467 126 306870
679 65613 66581 64 21819
680 65747 76456 75 648799
681 65960 71729 109 330403
682 66085 75691 9 104155
683 66176 67743 42 37824
684 66179 66500 59 7854
685 66311 69388 65 116387
686 66384 75180 56 160163
687 66457 70163 119 245375
688 66605 69729 89 143469
689 66789 67943 147 117429
690 66805 69189 50 73826
691 66890 74381 31 115533
692 67064 71877 18 31519
693 67230 77735 14 96365
694 67387 69443 111 162247
695 67443 78854 31 132476
696 67452 67902 108 19969
697 67510 71749 9 42176
698 67584 70794 68 48133
699 67631 70150 63 142382
700 67955 70360 62 55800
701 68038 69821 113 53413
702 68322 75285 43 67314
703 68613 70628 88 63037
704 68668 69886 135 228089
705 68689 75198 16 53716
706 68787 86409 13 78600
707 68838 80105 27 226619
708 68859 71912 36 117433
709 68883 73714 40 71092
710 68962 69534 96 30468
711 69026 72089 5 6093
712 69062 79924 78 455517
713 69081 90666 88 1091863
714 69165 73804 131 181153
715 69207 70179 135 71003
716 69426 75103 148 442636
717 69477 72413 17 6062
718 69542 72345 8 8947
719 69611 71092 15 19587
720 69650 70631 81 61314
721 69697 72912 73 70897
722 69724 69953 5 446
723 69759 76911 18 31782
724 69778 77668 77 491489
725 70223 79102 142 387665
726 70325 74424 11 11796
727 70357 75975 31 50196
728 70519 73567 20 20977
729 70692 77444 4 8511
730 70962 74178 109 260689
731 71030 71344 69 21054
732 71336 73107 28 6540
733 71518 74582 35 131716
734 71571 72328 35 28419
735 71578 79952 59 109954
736 71599 73963 49 41839
737 71935 75152 49 59114
738 71986 73452 84 151721
739 72122 72598 4 706
740 72181 75168 129 263365
741 72196 84648 43 104932
742 72285 83715 67 122233
743 72471 75669 130 303327
744 72523 80683 73 360592
745 72540 74905 49 135796
746 72610 76868 5 5173
747 72875 94333 140 660463
748 72928 76475 6 20164
749 72967 77567 79 63224
750 73001 73286 128 21044
751 73248 75790 146 189996
752 73289 74988 140 69850
753 73589 80848 29 116461
754 73865 74867 31 18427
755 73896 81664 19 89334
756 74027 74485 26 2913
757 74113 75133 76 8114
758 74123 75073 127 73621
759 74285 76903 31 59408
760 74592 75245 87 41458
761 74732 75399 70 18706
762 74808 88669 32 160328
763 74841 74858 11 41
764 74865 77433 111 53480
765 75131 79104 11 14063
766 75218 75851 19 11376
767 75492 79464 12 15412
768 75551 76069 113 35369
769 75583 78555 65 54452
770 75653 75917 88 13720
771 75745 76145 143 21899
772 75765 76850 144 93403
773 75792 80266 36 328072
774 75982 79572 38 38023
775 75986 77404 132 191794
776 76013 81250 30 208597
777 76223 81838 93 536323
778 76594 80089 27 28806
779 76939 80813 10 27097
780 77194 83012 27 177686
781 77214 77949 56 10205
782 77277 78370 45 35572
783 77389 85608 99 259071
784 77493 89163 5 16782
785 77721 80422 63 89908
786 77854 84085 5 11667
787 77925 79812 50 20584
788 77993 81504 39 43909
789 78003 81601 49 52946
790 78005 79466 27 32760
791 78067 78196 23 1592
792 78103 78934 42 14259
793 78283 80399 6 7053
794 78301 80866 111 56275
795 78608 78943 115 44496
796 78738 79787 77 42210
797 78763 79451 9 2551
798 78961 92226 86 878577
799 78986 86470 136 496233
800 79112 85077 37 36079
801 79522 80292 142 52263
802 79552 83297 25 38778
803 79625 79786 146 10176
804 79642 81193 7 7934
805 79798 79976 52 4245
806 79808 80143 18 2427
807 79922 83347 30 76828
808 79935 80442 141 65031
809 79984 81590 36 45862
810 80022 85091 34 125163
811 80059 83510 22 30919
812 80072 81174 56 42652
813 80082 86654 75 138589
814 80218 84903 118 315236
815 80221 85728 105 298115
816 80256 95446 83 576671
817 80317 84614 66 108017
818 80345 83477 111 91900
819 80502 84033 129 172871
820 80516 84577 62 59608
821 80524 81482 12 9923
822 80593 85993 26 98468
823 80826 84351 94 149664
824 80939 83134 130 146281
825 81159 83495 5 4714
826 81216 85238 58 100391
827 81453 86857 6 21316
828 81486 83101 126 15752
829 81732 89182 77 750003
830 81739 92192 8 36782
831 81845 83761 98 57834
832 82139 87317 23 58091
833 82207 83740 67 37834
834 82224 83317 54 16079
835 82394 84860 11 8618
836 82440 83844 8 11481
837 82688 85904 28 31073
838 82708 83373 67 57489
839 82736 86818 5 4665
840 82823 85426 103 139989
841 82940 84567 20 33237
842 82988 91514 111 571536
843 83021 84905 82 75425
844 83120 87434 14 6992
845 83336 84191 101 31946
846 83374 83709 21 4301
847 83600 84894 149 167956
848 83836 85546 69 97911
849 83907 87258 149 255480
850 83912 89813 146 245824
851 83919 87199 8 8325
852 83952 89591 71 172219
853 84001 88131 27 36261
854 84047 92837 143 1305585
855 84128 86146 44 18951
856 84396 91318 15 88388
857 84559 90407 15 27633
858 84588 88048 12 11101
859 84832 90904 87 178758
860 84849 85877 99 26349
861 84950 86077 83 73361
862 84970 94953 22 163277
863 84975 86582 103 78611
864 85148 87156 116 66622
865 85314 88795 70 68421
866 85361 89077 85 182772
867 85442 88658 135 259264
868 85452 89701 14 20043
869 85484 86374 113 69310
870 85488 97778 63 191385
871 85499 93077 135 303181
872 85676 94253 44 121873
873 85681 91091 18 40825
874 85838 86358 84 27709
875 86027 87379 41 34325
876 86180 86360 6 491
877 86277 92245 5 6447
878 86361 89890 53 195291
879 86366 86993 40 4927
880 86867 88499 96 49218
881 86916 87875 33 11031
882 86945 99278 100 477147
883 86946 88151 132 107664
884 87037 95621 19 132443
885 87062 88907 5 2910
886 87152 94549 77 118387
887 87164 88717 29 9384
888 87447 91004 15 14125
889 87448 92721 54 58758
890 87514 91347 33 169561
891 87537 89037 65 55910
892 87542 96408 113 1071706
893 87686 92966 19 21852
894 87717 92141 19 40561
895 87759 89852 145 76925
896 87902 93215 27 46182
897 87936 92417 85 176449
898 87937 92536 13 80752
899 87947 93052 29 29048
900 87967 89075 73 24487
901 88033 92435 76 88932
902 88187 99539 116 783887
903 88200 89399 74 29705
904 88223 89751 102 128388
905 88235 90792 127 207030
906 88758 91194 94 123909
907 88804 91881 95 169337
908 88811 89786 4 1153
909 88826 93993 101 147906
910 88845 93560 41 39894
911 88865 94673 33 71441
912 88872 89717 11 2085
913 88934 88960 89 721
914 89057 90801 42 22589
915 89234 95272 10 21609
916 89243 92701 23 20177
917 89306 93371 38 86965
918 89375 91915 77 128469
919 89396 94479 19 25814
920 89493 89749 18 2193
921 89690 91084 125 49391
922 89750 95306 111 234307
923 89840 90154 28 5500
924 89868 94825 148 277750
925 89872 90822 41 41577
926 89873 90850 10 5267
927 89891 91230 70 31577
928 89892 94629 68 181460
929 89903 92569 109 136953
930 90097 90184 77 4112
931 90102 90556 141 11853
932 90120 90784 85 29456
933 90148 94905 39 34990
934 90149 91699 34 14328
935 90316 90511 10 1185
936 90317 90746 9 1995
937 90758 93056 14 20881
938 91056 92529 53 55468
939 91066 92681 16 9962
940 91180 94747 101 186526
941 91208 92906 12 9428
942 91398 93498 6 10343
943 91399 93999 31 58108
944 91415 94328 83 67210
945 91611 94732 9 9807
946 91614 92762 81 25114
947 91680 92944 40 19402
948 91709 98639 41 91501
949 91725 96265 18 16952
950 91802 94544 35 40035
951 91840 92100 101 10282
952 91963 96665 47 43662
953 92131 92402 36 4861
954 92354 92383 14 205
955 92565 93597 36 20684
956 92596 98089 111 267350
957 92647 93997 8 3792
958 92793 94770 4 7210
959 92868 92872 7 8
960 92912 96261 15 13549
961 93202 94152 23 5884
962 93222 94366 55 40414
963 93340 99096 18 53150
964 93450 94523 12 15464
965 93730 95247 6 7372
966 93758 96553 14 17447
967 93798 95827 46 22571
968 93839 95152 149 110940
969 93851 99099 30 74406
970 93881 95197 91 70746
971 94247 94385 139 8777
972 94256 97008 125 158811
973 94480 96724 67 27624
974 94539 95882 81 79928
975 94573 99068 53 280615
976 94637 94857 16 2956
977 94684 95214 120 70640
978 94775 96259 16 11213
979 94950 97667 90 43218
980 95043 99898 99 261879
981 95044 98487 19 16447
982 95440 99392 105 227763
983 95753 95930 75 5051
984 95964 99086 23 47379
985 96024 96291 112 28408
986 96150 96774 113 24957
987 96293 99318 62 99494
988 96345 97236 108 35205
989 96636 98615 136 47783
990 96773 98539 54 64047
991 97113 97605 91 15423
992 97142 98001 138 56126
993 97310 99988 125 121782
994 97543 98136 30 9631
995 97846 98800 94 39499
996 98481 98672 20 6568
997 99486 99658 52 7600
998 99551 99616 109 2606
999 99960 99972 26 76
