50 1000 0.055
..................................................
..................................................
..................................................
..................................................
..................................................
..................................................
..................................................
.....##...........................................
.....##...........................................
.....#............................................
....##............................................
...####...........................................
#.##.#............................................
######..###.......................................
##.#######........................................
###.########......................................
############......................................
.#######..##......................................
#.############....................................
###########..#........#.................#.........
##.##########.........##................##........
..#########..........##.................##........
..########.......#..#.#..........#.####.#####.....
.####.######.....#.#####.........##..###.###......
..########....##.###.####........###########......
.....##.#.....#..####.###.........############....
......####....#############.......###########.....
........#.......########.#........#.#############.
................##########........#.#########.###.
..................#########........############.##
.................#########..........##.##.##.####.
..................###.#..#..........#############.
................###.#.................#######..#..
.................##.......#..........########.....
.........................##.###...##..##..##......
.........................#####..###...#...##......
..........................########.#...#..........
.......................#.###############..........
......................##..#########...#...........
......................#.#########...##............
...................#####.############.............
.......................###############............
...................##.###.########.####...........
...................######.####.######.##..........
.....................##..############.............
......................#############...............
........................#########.................
..........................#######.#...............
..........................###########.............
..........................###.#.##.#..............
0 45 11991 15 28564
1 112 10933 147 898710
2 211 25189 88 881906
3 339 1493 18 12167
4 377 2240 54 83399
5 468 13928 74 374555
6 523 6423 37 199483
7 544 2170 117 134659
8 557 2289 51 56389
9 655 19624 77 868785
10 682 13582 14 95756
11 733 9191 44 276581
12 795 26573 58 389403
13 868 15316 101 1067526
14 888 5767 109 224333
15 902 12872 82 353473
16 1223 4326 25 28246
17 1242 3022 81 107792
18 1383 4735 12 43765
19 1468 5492 35 50345
20 1656 5046 18 14741
21 1710 14143 47 370563
22 1736 29585 17 125953
23 1897 3515 138 116395
24 2035 7307 119 299883
25 2079 7779 31 113037
26 2319 25216 31 336188
27 2390 6733 88 234919
28 2505 5729 110 193963
29 2661 3245 22 11926
30 2667 8508 145 272699
31 2743 3230 137 26265
32 2869 6642 32 81669
33 2877 6020 41 39504
34 2880 5120 123 73472
35 2890 10530 14 22719
36 2923 19890 19 102049
37 3055 12307 138 586147
38 3222 3362 50 4188
39 3663 13371 7 68233
40 3675 5819 64 21079
41 3908 49490 7 163895
42 3931 12486 75 148318
43 3947 7393 16 12525
44 4151 6493 56 92500
45 4283 54374 107 1690817
46 4354 17704 71 217423
47 4362 4947 71 17648
48 4542 5740 54 51311
49 4753 5794 31 18391
50 4828 39811 66 3517128
51 4904 15103 8 20538
52 4963 12198 28 110022
53 4988 18392 55 449773
54 5110 8622 30 85237
55 5269 6797 58 11807
56 5551 9837 124 457412
57 5647 37715 96 352804
58 5757 7702 47 44873
59 5795 6068 4 558
60 5895 25119 45 311874
61 5918 10804 104 177752
62 6005 24762 10 32528
63 6174 9148 14 9691
64 6252 12256 70 122223
65 6304 9032 8 6889
66 6310 7385 25 11051
67 6374 13436 96 194227
68 6391 10490 93 174471
69 6582 8845 26 12729
70 6661 7546 33 5014
71 6677 8901 100 77390
72 6698 35549 82 2592181
73 6702 11799 127 265094
74 6754 8824 116 427866
75 6983 8449 23 13993
76 7083 14406 113 384607
77 7189 17814 11 24328
78 7224 11783 61 54028
79 7318 14370 6 13303
80 7583 24793 122 1709042
81 7598 22515 43 392035
82 7659 17056 18 33130
83 7800 20995 76 397486
84 7937 22119 47 167369
85 8024 26966 17 66520
86 8083 16744 96 194412
87 8118 9818 13 3245
88 8160 21185 55 250575
89 8245 13333 27 87858
90 8281 9009 26 6283
91 8349 11857 69 92853
92 8405 9013 28 4272
93 8538 11399 149 129569
94 8603 9503 125 32133
95 8682 23683 21 128978
96 8728 28188 138 813894
97 8880 17452 5 27183
98 8962 25507 45 178073
99 9021 15643 140 447685
100 9161 10179 14 7664
101 9166 17143 17 42058
102 9170 37755 5 18963
103 9257 11437 15 14705
104 9293 22140 46 269255
105 9370 9839 55 16168
106 9441 9838 143 36753
107 9457 12684 7 26631
108 9505 15209 122 613950
109 9884 19144 140 400807
110 9900 22426 73 539024
111 10297 11864 19 18996
112 10311 17795 82 146016
113 10380 10967 122 12086
114 10383 11572 23 22021
115 10495 15563 30 104231
116 10500 17683 139 197771
117 10658 30147 126 707415
118 10944 27550 9 57035
119 10952 11160 11 2759
120 10992 48740 70 715612
121 11047 24437 26 114711
122 11088 15771 54 125281
123 11109 17059 9 20038
124 11184 29947 15 149840
125 11265 11828 98 9895
126 11394 20155 43 149728
127 11443 12453 77 56488
128 11536 16714 90 97074
129 11557 12993 22 6297
130 11792 19931 144 538446
131 11807 13733 103 86066
132 11845 21235 91 190371
133 11847 14729 5 3387
134 11874 25700 10 83084
135 11876 15332 71 100877
136 11956 16219 32 121527
137 11970 15224 45 60497
138 11989 19376 20 24094
139 12236 19213 10 26503
140 12491 45803 10 102286
141 12671 20796 75 481137
142 12688 18587 12 79059
143 12760 17832 100 690874
144 12825 32414 43 308449
145 12970 19072 52 210520
146 13047 21034 113 351524
147 13213 26878 131 683391
148 13298 16657 38 44401
149 13354 20135 81 147976
150 13602 20642 96 107798
151 13689 15409 21 17049
152 13718 26248 17 126252
153 13958 23966 115 778423
154 14180 20638 9 116861
155 14275 17071 43 24631
156 14422 23205 136 802859
157 14443 37451 33 236134
158 14561 16812 49 163754
159 14599 36355 27 141967
160 14732 36335 146 414119
161 14844 35586 111 203237
162 14887 17202 5 5575
163 15038 20535 105 46288
164 15045 17568 42 11991
165 15289 21055 105 451790
166 15297 20054 16 41271
167 15306 19058 32 64423
168 15308 16267 118 52585
169 15468 22073 149 400627
170 15503 20407 75 118769
171 15668 21937 4 8083
172 15684 21789 72 128740
173 15742 20203 112 161280
174 15763 34111 6 29810
175 15899 17105 95 52410
176 15977 31596 57 243837
177 16119 18497 73 75885
178 16144 18169 150 74727
179 16158 35425 58 330467
180 16171 19898 31 128640
181 16202 17498 51 42804
182 16722 32556 19 52372
183 16854 38172 33 162798
184 16934 43725 4 25302
185 16954 18766 38 28579
186 16955 19290 125 100552
187 16973 28151 142 423368
188 17017 51652 11 106046
189 17022 23080 24 43108
190 17133 38767 37 128888
191 17211 23796 70 112033
192 17289 20746 20 50767
193 17347 17703 97 19339
194 17428 49939 44 938759
195 17547 18082 39 26638
196 17852 20547 123 336971
197 17858 27199 34 40084
198 17916 20732 134 179291
199 17933 18150 146 39178
200 17977 23248 87 182718
201 18215 20575 12 14230
202 18307 24774 36 121129
203 18484 21815 100 186361
204 18685 22866 16 21082
205 18717 34667 101 762980
206 18902 23143 82 389578
207 19202 19586 17 16616
208 19346 20221 18 6757
209 19362 20440 13 3715
210 19397 46950 22 50904
211 19450 25043 126 610751
212 19514 20515 33 9138
213 19542 22606 35 17297
214 19544 39038 132 607377
215 19745 33429 57 312850
216 19777 27264 26 91989
217 19970 21823 14 26058
218 20012 25926 12 5441
219 20169 30925 43 112867
220 20367 28028 58 81548
221 20375 29045 16 110890
222 20454 33911 6 47722
223 20509 21376 22 14537
224 20594 24037 14 26657
225 20664 21695 44 11113
226 20792 23174 46 39922
227 20929 22440 135 170077
228 20975 24049 116 122004
229 20999 30809 11 41371
230 21067 23827 55 34986
231 21070 30786 28 146065
232 21111 26119 30 65922
233 21272 22557 43 14493
234 21301 21966 6 4682
235 21304 21514 83 12682
236 21360 23078 127 134712
237 21409 26435 8 29477
238 21480 34561 40 152217
239 21701 31100 8 22137
240 21714 28094 56 89370
241 21827 77237 17 673696
242 21903 22623 10 3755
243 21942 30619 89 269252
244 21946 25056 146 123966
245 21994 35667 80 657336
246 22040 30747 107 446362
247 22092 23370 52 64971
248 22205 38368 34 195595
249 22303 27485 120 160718
250 22511 25012 44 43187
251 22524 25897 43 60696
252 22573 33165 53 262238
253 22608 32680 49 383901
254 22775 30577 74 304469
255 22892 26490 147 160228
256 23055 24814 130 130545
257 23137 31834 11 13603
258 23219 28759 39 128107
259 23588 31338 14 79641
260 23636 26807 147 155610
261 23659 32409 34 86575
262 23705 67334 56 902230
263 23730 26193 19 11492
264 24252 32543 79 116682
265 24327 26171 89 64267
266 24475 28875 78 154093
267 24506 34121 49 184795
268 24635 27321 80 129676
269 24687 25542 23 12871
270 24780 34715 54 219403
271 24908 28471 110 152905
272 24987 35223 51 177916
273 25384 29102 73 198414
274 25448 52461 119 475319
275 25552 26175 6 907
276 25567 32603 47 143130
277 25572 42359 112 641551
278 25660 60647 31 241589
279 25689 26231 14 9436
280 25984 52539 27 112388
281 26049 29565 41 46771
282 26074 31302 148 432632
283 26136 33839 46 100664
284 26824 49309 102 509300
285 26922 28441 142 80212
286 26948 30774 33 28323
287 26988 30964 23 44982
288 27013 36365 22 47828
289 27041 43970 44 346440
290 27249 27803 21 11537
291 27309 40683 102 587829
292 27389 48088 65 372268
293 27476 39802 114 167180
294 27687 33187 36 98956
295 27758 36397 4 23977
296 27848 29380 58 24720
297 28145 31132 23 37042
298 28158 36375 20 73757
299 28172 31962 113 212179
300 28236 45838 17 129702
301 28388 28539 111 40107
302 28529 39014 116 203278
303 29033 30038 10 7565
304 29094 31279 4 5225
305 29116 31767 124 228550
306 29223 32097 88 42292
307 29224 35399 91 354768
308 29261 32235 10 9471
309 29332 35702 132 185789
310 29453 39119 21 134920
311 29660 31756 31 29483
312 29709 34085 13 29943
313 29718 34764 20 15728
314 29803 35942 10 29099
315 29830 38527 4 7554
316 29835 32005 73 179851
317 30107 32011 88 37921
318 30184 32390 67 65235
319 30452 31896 91 36403
320 30632 31859 58 81106
321 30814 31111 142 24608
322 30823 34556 104 282838
323 30836 40081 67 990744
324 30952 50293 137 536582
325 30965 40422 6 168528
326 30984 43168 108 284853
327 30992 34065 16 29513
328 31030 76434 9 111873
329 31198 41921 106 229605
330 31250 38944 141 988097
331 31299 53685 124 2610114
332 31476 34147 34 54798
333 31553 35572 129 109239
334 31633 36289 7 8448
335 31806 42266 50 79319
336 31826 46696 15 202837
337 31886 35498 84 124838
338 31968 72619 11 397905
339 31990 36424 139 311076
340 32028 44165 39 156700
341 32030 39262 13 29169
342 32146 32422 79 8336
343 32185 41112 26 71634
344 32241 40305 128 325511
345 32263 40143 53 162283
346 32322 44189 82 261842
347 32408 32933 30 3723
348 32437 32954 57 18063
349 32607 57145 4 44196
350 32641 50715 17 147933
351 32713 34520 9 8176
352 32727 36300 96 155435
353 32865 36223 122 357607
354 33049 34469 59 59160
355 33209 42840 100 180011
356 33364 35617 135 168197
357 33375 37930 113 481557
358 33436 35209 43 26587
359 33472 36453 33 18754
360 33505 38287 67 128372
361 33507 41342 40 113936
362 33511 43701 41 107049
363 33654 34919 140 89111
364 33774 38876 92 73571
365 33891 35785 13 13580
366 33909 50238 100 1653927
367 34138 49761 4 34740
368 34374 69893 77 3472870
369 34414 46736 49 201617
370 34493 55260 12 111828
371 34604 41507 26 96118
372 34609 34696 56 3350
373 34748 41654 132 159387
374 34802 38820 26 41757
375 34980 40554 42 114190
376 34989 36521 29 8984
377 35076 37038 18 26993
378 35277 39951 6 30829
379 35382 40704 23 114473
380 35444 37171 32 19428
381 35446 44239 58 126555
382 35609 68978 60 668421
383 35712 41578 97 323080
384 35927 37502 48 14475
385 36139 40770 137 349747
386 36323 55032 62 237498
387 36388 68451 55 367769
388 36409 42402 8 9116
389 36493 43220 12 61570
390 36542 37134 52 19818
391 36599 41029 22 37975
392 36681 40348 25 18797
393 36749 43545 103 852400
394 36846 37155 59 10658
395 36851 37006 88 6292
396 36921 56213 113 2207544
397 36953 60034 27 238231
398 37019 46146 12 61137
399 37087 40016 52 132026
400 37190 51387 38 126523
401 37333 39112 144 187164
402 37377 37903 11 3458
403 37476 42220 125 515847
404 37514 39357 132 51973
405 37539 41430 36 28441
406 37781 48481 18 41782
407 38307 45806 60 81797
408 38312 52228 131 544470
409 38474 41101 102 70147
410 38503 39449 47 13249
411 38596 70424 134 3088380
412 38886 43738 8 14567
413 39013 66584 118 2773675
414 39033 45499 61 350099
415 39218 42228 25 20918
416 39279 44500 114 197420
417 39349 51805 14 80630
418 39498 42522 57 89695
419 39540 42782 51 101253
420 39561 46130 19 71451
421 39582 43180 20 43047
422 39620 41111 30 15126
423 39718 51842 108 607731
424 39815 42602 16 28989
425 39825 47250 7 6761
426 39847 50299 52 322679
427 39894 42207 23 15655
428 39906 42816 7 11457
429 40045 50394 83 197519
430 40185 41930 47 30966
431 40198 41529 141 73207
432 40282 46151 66 715195
433 40325 51596 124 945167
434 40486 59698 136 894524
435 40552 41199 71 33672
436 40656 45461 141 310466
437 41028 59322 80 1073151
438 41037 45095 35 140589
439 41398 77500 21 370623
440 41435 46244 9 31292
441 41626 79363 64 575668
442 41702 41764 73 6312
443 41826 54902 25 122386
444 41882 48146 8 22150
445 41965 52356 88 387986
446 42027 48061 135 180243
447 42083 63877 25 85109
448 42086 43079 87 85826
449 42351 50261 20 67794
450 42465 48144 76 398439
451 42471 51097 6 42778
452 42476 66089 62 596760
453 42511 49206 99 214856
454 42552 48483 80 356753
455 42596 43654 90 20997
456 42684 55352 38 83933
457 42725 44777 18 10666
458 42873 47601 16 12447
459 42890 49355 36 42813
460 42935 54468 105 1180329
461 42936 53725 122 426604
462 43242 47368 20 39250
463 43254 48569 59 215983
464 43270 47511 7 11268
465 43366 51432 53 127579
466 43385 43866 31 11623
467 43494 63432 4 42718
468 43612 51659 61 88985
469 43671 46825 39 44560
470 43790 52348 19 137901
471 43860 45825 39 40185
472 43908 46116 30 19893
473 43942 46686 87 78019
474 44086 45196 116 55023
475 44100 68302 28 149247
476 44184 44194 133 177
477 44190 51282 35 183046
478 44264 82781 15 111327
479 44286 48250 107 158124
480 44366 54600 89 2194803
481 44553 47556 28 18848
482 44583 47577 57 93348
483 44689 52827 17 43979
484 44703 59928 5 25328
485 44763 47924 33 42356
486 44857 46803 28 38429
487 44922 45769 24 10492
488 44993 61434 8 32262
489 45037 45604 93 6877
490 45093 54269 92 219336
491 45138 49348 71 103322
492 45360 45460 143 12521
493 45503 46887 31 41980
494 45717 52897 50 93947
495 45774 49164 17 36797
496 46307 49271 18 41960
497 46353 50048 104 201438
498 46379 51047 33 30324
499 46396 48107 90 48434
500 46485 74792 21 203489
501 46493 64200 131 1029309
502 46692 54924 41 147923
503 46738 55211 129 809189
504 46742 47554 117 94561
505 46811 66424 4 30461
506 46861 52691 47 53012
507 46957 67446 119 923066
508 47013 49714 50 37845
509 47034 49753 116 132472
510 47075 56639 57 208519
511 47084 52046 56 136515
512 47089 57663 15 21931
513 47218 90143 11 158269
514 47345 49007 41 43263
515 47423 48777 123 55210
516 47566 81950 90 1137934
517 47612 51838 18 94564
518 47698 55742 91 147278
519 47832 51462 83 99550
520 47849 49153 74 39868
521 47872 53198 144 212564
522 47929 54333 31 111931
523 48033 49872 6 4603
524 48065 48784 34 8813
525 48321 50980 50 58068
526 48383 48494 5 506
527 48406 59295 13 43532
528 48419 60293 109 1751621
529 48444 59553 33 83736
530 48498 52417 18 34198
531 48550 49530 69 13201
532 48559 65059 76 295925
533 48564 85603 15 242390
534 48627 50223 111 84363
535 48844 49795 120 196227
536 48894 56330 19 54767
537 48897 55937 48 225057
538 49011 56272 149 2406430
539 49240 51197 113 61853
540 49245 74532 135 1227644
541 49379 61630 54 151950
542 49383 53415 13 38945
543 49455 65980 73 407529
544 49693 56826 29 60577
545 49699 54178 19 117507
546 49756 57752 10 20986
547 49803 68589 104 983578
548 49821 53269 55 53959
549 49834 54381 64 100273
550 49863 51770 23 17244
551 49888 55139 97 365469
552 50129 54343 10 41917
553 50218 60504 134 328756
554 50296 53812 12 13893
555 50540 50701 51 7702
556 50573 53943 43 93486
557 50632 56377 43 131646
558 50717 58807 7 10098
559 50812 54105 102 188912
560 50897 58700 131 386896
561 50912 54425 137 170358
562 50967 65188 34 209826
563 51126 55242 80 315993
564 51181 61476 20 151804
565 51225 72456 43 797710
566 51288 54435 7 14355
567 51317 54651 112 74554
568 51587 52098 56 8703
569 51653 68669 83 1148662
570 51691 54674 92 98664
571 51750 51918 129 10590
572 51881 52236 63 34773
573 51938 52866 129 62765
574 52168 66725 126 235972
575 52199 55756 62 54800
576 52245 58924 12 16767
577 52314 58193 38 78925
578 52320 56117 33 45634
579 52400 61229 5 25282
580 52519 75872 96 476604
581 52720 59100 22 53465
582 52899 60454 128 619545
583 52975 52985 82 531
584 53002 53765 9 10277
585 53440 56717 73 50182
586 53513 57787 22 21450
587 54176 54521 115 12456
588 54216 58093 136 356502
589 54462 60394 91 280878
590 54970 56409 49 21235
591 55124 59646 149 348506
592 55132 58951 106 116779
593 55259 60624 106 169253
594 55367 68431 15 65511
595 55438 77746 18 148800
596 55537 60873 51 71705
597 55545 70378 120 542397
598 55588 73450 5 18445
599 55614 61877 4 18299
600 55631 63080 74 459980
601 55653 58955 114 126525
602 55783 56293 142 43446
603 55842 56481 66 12698
604 55863 65659 29 168605
605 56029 79164 10 125210
606 56053 76218 19 138982
607 56153 58926 130 298309
608 56160 59632 39 62056
609 56210 70315 69 294874
610 56318 60239 37 17179
611 56335 61327 6 10895
612 56337 59722 119 96889
613 56486 67400 5 47854
614 56688 59636 35 39859
615 56712 57844 35 25856
616 56861 62259 19 68856
617 56942 74859 119 1348018
618 57104 60378 76 63376
619 57135 58255 126 88163
620 57148 73430 49 161949
621 57150 59350 21 26851
622 57292 60463 25 20192
623 57356 67097 25 67673
624 57416 68313 82 912942
625 57603 61164 5 11380
626 57693 69058 7 22328
627 57734 62054 64 105353
628 57793 66001 46 84215
629 57913 63408 24 160584
630 58030 63820 103 138824
631 58254 59229 47 21083
632 58319 62550 49 73758
633 58365 72082 49 214701
634 58722 62074 10 32600
635 58881 73929 108 451680
636 58944 77046 46 475717
637 58962 66490 126 667505
638 59031 64093 69 94334
639 59163 72579 5 29538
640 59383 60878 86 28879
641 59426 61215 64 161500
642 59534 68432 120 150631
643 59712 70635 121 486076
644 59713 70905 39 103260
645 59723 66368 92 202024
646 59804 61638 13 23998
647 59965 60433 11 2071
648 60005 65406 138 217212
649 60076 66179 47 84068
650 60099 73182 24 100919
651 60104 62520 110 108488
652 60136 70733 80 323947
653 60160 63760 74 122982
654 60174 63214 91 167585
655 60303 61526 33 11505
656 60588 63266 19 21510
657 60659 63355 93 96163
658 60825 86966 29 328934
659 61040 67438 60 217609
660 61102 62708 8 4142
661 61125 66052 149 444743
662 61162 71203 12 8727
663 61200 61605 34 3427
664 61256 74856 61 677353
665 61425 62608 34 16763
666 61607 64983 110 94754
667 61659 62615 105 104225
668 61989 64016 38 54142
669 62029 62166 103 15917
670 62063 81540 96 882665
671 62100 63064 110 101830
672 62137 63423 35 10142
673 62156 67223 37 76507
674 62193 67133 133 835972
675 62389 87017 94 412637
676 62861 62887 78 2227
677 62867 71597 11 68973
678 62876 73145 25 69015
679 62934 70418 142 418250
680 62952 76778 11 30464
681 63014 70166 8 10836
682 63157 66616 148 579469
683 63167 65266 52 25292
684 63193 68606 141 340636
685 63489 64573 8 12303
686 63819 64442 77 29732
687 63912 64379 71 9069
688 64007 73226 15 46092
689 64011 77605 99 587545
690 64091 66294 14 14970
691 64191 68231 35 26870
692 64204 64310 145 17750
693 64209 73637 118 1157924
694 64358 73866 78 330757
695 64527 65719 56 115133
696 64693 65251 40 6527
697 65279 66010 108 75288
698 65300 99801 34 132118
699 65405 73381 23 144439
700 65416 70553 56 60930
701 65509 73455 36 112641
702 65679 69594 40 86686
703 65712 67670 9 20317
704 65761 69793 123 151166
705 65986 67072 9 8028
706 66056 82981 38 730312
707 66066 72810 47 113491
708 66108 72032 106 513274
709 66160 66930 78 52316
710 66164 70392 61 153081
711 66201 73958 46 118968
712 66209 71734 126 254727
713 66410 72327 21 49721
714 66660 66783 127 16142
715 66809 86093 70 1109267
716 66923 69123 148 108467
717 66950 67892 145 72979
718 67063 79125 39 336572
719 67109 72731 132 286486
720 67110 76460 25 199082
721 67159 75794 36 84425
722 67195 73251 86 198455
723 67572 86460 5 112136
724 67590 79693 23 69125
725 67662 68266 75 25003
726 67673 72033 19 10824
727 67696 71791 94 146778
728 67741 69995 14 12341
729 67745 67898 60 11909
730 67768 70348 7 5966
731 67801 87363 54 228798
732 67880 72777 141 207684
733 68279 69732 29 45158
734 68512 71774 33 32657
735 68556 69399 116 57948
736 68656 75149 70 93917
737 68726 81781 106 284382
738 68736 87619 83 512924
739 68808 77161 122 319070
740 69011 78684 24 228511
741 69227 81284 32 198066
742 69409 79443 42 373953
743 69484 95182 21 139544
744 69548 74596 28 28105
745 69581 77530 36 134364
746 69600 71850 106 78693
747 69650 76747 61 223801
748 69843 73601 100 60497
749 69928 81821 34 310842
750 70120 88751 133 579255
751 70133 84949 141 898005
752 70291 79151 130 350819
753 70364 81582 147 877738
754 70460 86437 107 589635
755 70523 70856 90 12271
756 70629 91255 33 125300
757 70722 76683 136 740793
758 70723 82614 16 48834
759 70821 77425 86 254611
760 70869 77176 20 65804
761 70964 76856 99 223055
762 70976 73855 88 75532
763 71218 71909 10 6975
764 71348 96876 127 1549558
765 71371 71687 21 8875
766 71458 87993 55 346069
767 71521 75126 5 5214
768 71613 85309 61 432620
769 71680 78110 61 190295
770 71790 73530 53 103503
771 71816 89285 39 549101
772 72014 77568 64 298368
773 72019 76479 97 136864
774 72031 73878 80 34838
775 72136 72816 117 38070
776 72218 80709 36 174001
777 72261 72642 26 5454
778 72339 81617 103 260088
779 72372 80881 109 686209
780 72497 75007 8 7783
781 72585 80044 120 348724
782 72743 76063 64 92518
783 72937 79875 8 13074
784 73071 74463 28 14303
785 73159 91993 30 272738
786 73166 75590 23 17038
787 73215 76909 52 184935
788 73259 78834 12 16133
789 73315 73698 10 2291
790 73318 74057 6 2179
791 73454 78043 47 35039
792 73558 83321 121 205758
793 73621 83216 5 12160
794 74268 79902 21 55820
795 74324 79800 58 67079
796 74347 83459 9 14966
797 74385 88651 46 89707
798 74451 74839 78 7762
799 74538 85204 8 20510
800 74545 81227 137 271190
801 74799 78175 57 132963
802 74955 77373 16 32611
803 74968 86547 125 611723
804 75131 80524 13 16250
805 75156 78214 97 149537
806 75231 79020 117 221788
807 75391 80529 84 339939
808 75529 79862 74 137313
809 75787 76180 119 22054
810 75924 83448 85 496542
811 76034 83381 11 66661
812 76093 77000 47 22784
813 76466 77886 8 3786
814 76546 83481 137 229771
815 76600 79633 137 127345
816 76609 84517 74 319697
817 76655 80142 47 73972
818 76658 81040 41 50097
819 76777 95672 101 729840
820 76824 84879 46 145989
821 76858 81175 73 45953
822 76910 84393 40 90689
823 76972 79824 8 24016
824 77154 92725 32 359652
825 77644 93292 93 511905
826 77686 79911 116 58868
827 77766 83413 150 255418
828 77888 80486 130 100589
829 77948 97856 126 583249
830 78057 79535 105 88389
831 78155 83544 146 231932
832 78213 80602 5 7382
833 78398 85343 84 389455
834 78404 87804 92 81221
835 78405 80472 11 24551
836 78583 83032 13 10343
837 78727 99233 66 344123
838 78902 99934 40 781992
839 79066 99284 40 427204
840 79155 84201 39 59263
841 79166 82671 56 75661
842 79291 84598 80 86332
843 79375 92121 99 310152
844 79451 92063 14 109905
845 79670 81330 9 4057
846 79925 96960 5 11396
847 79993 83328 129 446905
848 80011 91175 14 78425
849 80105 82991 30 64476
850 80130 80487 10 2150
851 80131 84657 44 62910
852 80155 85146 9 22091
853 80170 86413 16 60790
854 80253 86110 149 536124
855 80305 81495 53 20780
856 80328 83714 14 19813
857 80365 83514 21 40646
858 80370 91863 6 21964
859 80411 83273 94 28644
860 80456 90792 29 176118
861 80514 91915 91 1425132
862 80589 91888 11 15119
863 80871 95980 52 470333
864 80902 95916 24 422277
865 81037 94626 82 686278
866 81136 89854 102 96189
867 81238 87146 146 254752
868 81406 91047 138 131554
869 81441 81502 89 1891
870 81520 98348 57 496662
871 81688 87406 149 431288
872 81918 92075 91 508066
873 82003 82377 21 4826
874 82023 85325 58 141332
875 82089 83550 104 137892
876 82093 82725 63 25307
877 82128 82163 78 1711
878 82149 91601 149 955659
879 82178 87088 96 498561
880 82189 83207 90 78177
881 82333 83287 15 6203
882 82380 86073 54 50492
883 82406 90033 82 187711
884 82595 95705 100 429702
885 82758 91090 9 17845
886 82904 97041 5 39780
887 82923 82984 33 1135
888 82966 83374 33 5240
889 83048 84658 42 22150
890 83058 98599 9 64526
891 83368 98985 138 729282
892 83464 91099 6 14573
893 83467 89455 129 84336
894 83511 84413 20 6333
895 83527 83899 78 13836
896 83564 85004 102 130191
897 83902 85386 59 39313
898 84233 91821 89 232763
899 84234 98510 61 408434
900 84464 99917 127 1136331
901 84540 86406 15 33267
902 84556 96254 150 514572
903 84605 87097 82 135775
904 84619 85184 107 23001
905 84699 87371 21 77649
906 84924 85899 8 2619
907 84939 94863 60 390022
908 84996 96774 5 24119
909 85186 88610 49 97076
910 85455 96730 13 56537
911 85488 86961 94 129981
912 85577 99191 61 184901
913 85671 90091 120 344612
914 85773 96185 19 80137
915 85819 90167 5 17569
916 85889 90665 114 237672
917 85950 86650 15 3035
918 86200 86984 26 11356
919 86249 86800 9 4382
920 86325 90900 40 93663
921 86526 87042 126 23003
922 86531 86639 122 9976
923 86572 87262 22 16923
924 86718 92283 17 36614
925 86730 95784 85 502614
926 86761 88425 63 66390
927 86826 87759 96 60376
928 86833 87286 10 3140
929 86872 88520 11 4011
930 87266 97830 16 93804
931 87408 90247 122 192366
932 87417 93825 62 177395
933 87832 99064 7 34749
934 88185 90752 40 35082
935 88401 98193 10 104836
936 88571 96047 65 136861
937 88913 89008 78 5914
938 88964 92282 21 30245
939 89054 89764 51 33161
940 89121 91223 19 27433
941 89593 90437 83 50419
942 89633 99154 40 310076
943 89637 96798 119 448371
944 89713 95645 91 123384
945 89844 99776 71 188665
946 89929 91935 147 115772
947 89979 90520 136 51382
948 90068 98165 48 302546
949 90112 90629 114 28390
950 90379 93004 34 97934
951 90659 97033 29 81500
952 90669 95662 47 107665
953 90789 96846 57 48723
954 90814 93739 81 219761
955 90882 97371 52 88919
956 90994 92775 38 29758
957 91033 92652 29 20124
958 91147 95197 110 108374
959 91199 92543 77 68973
960 91318 99539 88 462278
961 91351 92406 50 13230
962 91886 99961 76 171401
963 92170 95959 7 17620
964 92369 95833 38 86337
965 92507 93103 144 24450
966 92704 94418 5 5141
967 92711 96003 7 9486
968 92715 96601 46 81981
969 92884 96050 24 15679
970 92969 95640 20 14361
971 93356 95340 36 40454
972 93414 96313 61 140184
973 93426 93529 38 2693
974 93839 94325 5 767
975 94491 97586 122 78414
976 94529 96498 6 4447
977 94570 97560 63 136592
978 94705 99291 28 58134
979 95076 95818 132 55767
980 95107 99063 94 307345
981 95136 99864 119 277019
982 95699 96874 59 15731
983 95829 96570 18 5739
984 95844 98471 63 94085
985 96240 97687 31 21300
986 96321 96667 68 14424
987 96336 99122 110 212021
988 96421 99280 9 9321
989 97005 99761 87 158601
990 97076 98832 5 4598
991 97334 98179 49 39990
992 97416 97744 101 22388
993 98091 98353 61 9473
994 98106 99260 22 8330
995 98252 99626 57 19979
996 98271 99995 9 10169
997 98318 99536 112 89755
998 98436 99281 58 24560
999 98875 99078 80 5000
