50 1000 0.010
..................................................
..................................................
..................................................
..................................................
..................................................
..................................................
..................................................
.................#................................
...............###.#..............................
...............#####..............................
..............######..#..#........................
..............#######.#..#........................
..........#...#############.......................
..........##..############........................
.........##############.##........................
.........##.############..........................
.........#################........................
.......###################.#.##...................
..........#####.############.##...................
............###################...................
............#...####.############.................
.............#######.#.##.##.##...................
................###.###.##.###....................
.................#..#......#......................
...........................##.....................
..................................................
..................................................
..................................................
..................................................
.........#........................................
.#......##........................................
#####....##.......................................
###.#.#######.....................................
############..##...#..............................
.###########.#.#...#..............................
###########.########.##...........................
#######################...........................
.####################.............................
.##########.########..............................
..#.#####.########................................
....#############...#.............................
....###.##############............................
.....#################............................
....###.############..............................
.......#########.#####............................
.......############.#.............................
........############.#............................
........#.##.#########............................
...........###..##.####...........................
............##..###.#.............................
0 101 5016 11 43218
1 302 18102 4 30141
2 332 30042 41 760346
3 387 9284 48 126861
4 565 1638 36 17741
5 789 4611 78 269102
6 879 1027 56 5047
7 1060 5405 29 71384
8 1140 6487 138 204071
9 1251 2959 110 68266
10 1354 6002 8 22578
11 1398 2321 112 69320
12 1428 6833 130 166765
13 1650 1799 103 11684
14 1774 2401 9 680
15 2119 10428 78 121335
16 2141 2946 105 46352
17 2343 10620 105 325209
18 2438 11125 89 297567
19 2629 10392 65 93642
20 2811 8476 79 478628
21 2829 11991 15 89626
22 3063 4218 99 109720
23 3112 10488 10 27072
24 3223 3734 12 8995
25 3325 4716 105 122031
26 3640 11090 121 395123
27 4027 6246 16 7135
28 4097 11942 134 572025
29 4184 13299 90 567265
30 4187 4224 85 2617
31 4251 9137 66 70958
32 4374 10070 129 218277
33 4429 5613 92 29868
34 4635 8917 79 155713
35 4670 7492 100 71935
36 4673 5268 19 3148
37 4773 5267 108 21076
38 5038 5639 84 14068
39 5070 9134 91 109786
40 5113 7946 18 20622
41 5187 11437 9 12025
42 5247 8212 44 56064
43 5458 12992 147 747177
44 5570 8292 66 90173
45 5672 5974 20 2081
46 5673 16919 55 260591
47 5735 8134 46 30095
48 5778 12449 12 67086
49 5849 8519 76 212450
50 6180 14859 145 422982
51 6263 12119 7 18594
52 6322 6957 72 13646
53 6363 12925 5 12811
54 6531 12201 110 261285
55 6536 11301 87 370310
56 6730 9286 8 9519
57 6899 8827 30 19358
58 6902 8184 42 63588
59 7373 13255 76 401603
60 7468 8618 78 27968
61 7547 12315 89 87681
62 7561 30317 16 262784
63 7684 7872 13 1848
64 7903 8745 26 11821
65 7982 20577 44 176797
66 8115 20301 55 160144
67 8128 16944 108 305830
68 8680 19759 51 256518
69 8815 9108 87 29594
70 9055 10523 118 75027
71 9092 17585 99 606520
72 9152 28090 46 310291
73 9213 11910 107 82308
74 9344 9409 22 563
75 9401 19296 122 811414
76 9457 14190 125 257749
77 9507 11147 24 9665
78 9652 10685 20 19360
79 9675 13166 5 27799
80 9692 10126 63 17800
81 9810 15617 19 122701
82 9822 17829 6 15049
83 9946 12317 141 336892
84 9963 11561 8 13300
85 9990 24260 17 228098
86 10184 14576 38 131804
87 10402 18843 100 362911
88 10664 17276 23 12906
89 10711 11307 135 124381
90 10721 23708 23 58470
91 10786 12454 58 23368
92 10818 15755 7 9956
93 10851 18978 5 29627
94 10857 27213 12 68600
95 10894 15691 9 34939
96 10896 14774 149 251686
97 10907 20945 124 350794
98 11139 13037 28 13148
99 11156 11512 83 17811
100 11281 15998 120 96792
101 11588 12834 43 52604
102 11857 16772 141 465297
103 11865 15895 51 145622
104 11873 20135 73 524244
105 11926 22425 45 90877
106 11935 18662 91 117514
107 11985 31412 20 229340
108 12037 17099 122 988474
109 12043 12362 9 1409
110 12066 19559 32 97487
111 12096 12968 20 8221
112 12220 13262 24 10233
113 12440 23230 122 365022
114 12664 18929 101 197036
115 12721 29764 34 199437
116 12737 12840 57 807
117 12783 29461 80 1246438
118 12827 14387 29 52652
119 12837 14019 112 47297
120 13003 15707 55 88739
121 13041 20384 71 387204
122 13197 14336 43 64844
123 13198 20015 52 254446
124 13342 17370 143 148573
125 13460 20386 5 43371
126 13513 18916 5 10836
127 13603 22646 54 226946
128 13698 14405 71 15149
129 13757 13802 105 3196
130 13770 17794 7 3974
131 13847 27287 30 180678
132 13863 37191 28 137963
133 14035 17814 27 34329
134 14294 20590 60 152787
135 14487 15402 133 118527
136 14490 25125 42 130380
137 14927 28431 27 200890
138 14944 22771 111 205672
139 14956 22560 64 127720
140 14995 27916 11 77420
141 14998 18087 72 46548
142 15031 15563 17 13647
143 15165 31781 60 411455
144 15172 18603 6 14705
145 15234 18557 38 130989
146 15248 15746 56 14845
147 15697 18942 42 198402
148 15698 23208 144 312137
149 15801 17615 134 185236
150 15825 26553 44 131732
151 15849 19014 37 59823
152 15913 23583 29 77686
153 16217 16306 5 128
154 16259 16435 20 3544
155 16268 17443 63 99536
156 16318 27114 21 71206
157 16338 20747 5 4913
158 16341 18099 101 114672
159 16412 35936 115 2071276
160 16526 20878 57 159822
161 16658 20729 85 422052
162 16664 20085 25 36885
163 16711 21820 132 202847
164 16720 20924 8 38816
165 16925 34139 21 462051
166 16939 18847 122 83703
167 16945 20785 40 87194
168 17022 17633 68 12715
169 17156 18758 35 19923
170 17325 20949 4 20752
171 17358 28460 109 537646
172 17501 18669 11 6916
173 17502 17969 14 3455
174 17555 21700 36 81382
175 17571 22773 127 145024
176 17718 19717 11 6119
177 17766 38769 52 77370
178 17965 20049 9 6834
179 17967 19628 133 76594
180 18056 18445 81 37754
181 18194 22043 80 199618
182 18220 22636 142 321649
183 18242 24320 126 376674
184 18265 25270 50 100035
185 18289 19860 117 181955
186 18294 25820 35 81288
187 18307 19749 133 89326
188 18342 27539 12 48919
189 18368 22798 84 326853
190 18412 20967 66 64677
191 18421 25853 77 142037
192 18487 20584 64 58122
193 18785 22192 18 12976
194 18809 26296 6 25942
195 18818 23149 55 534371
196 18911 19514 12 8090
197 18950 18952 36 86
198 19008 26892 44 272998
199 19066 33809 73 577474
200 19169 21218 82 191599
201 19257 30663 129 1635623
202 19525 28775 32 177016
203 19581 24338 96 337190
204 19655 20723 63 42553
205 19688 27440 46 101543
206 19810 21635 81 105191
207 19886 27881 123 246157
208 19952 30860 84 267448
209 20212 27617 18 45606
210 20312 36148 142 325298
211 20443 20524 118 12250
212 20519 41262 5 16728
213 20594 22532 118 75653
214 20713 20822 26 1736
215 21244 22862 26 35357
216 21345 25416 110 171899
217 21402 29001 77 202251
218 21570 30184 23 101055
219 21632 24224 57 43761
220 21668 27837 12 9995
221 21689 25758 86 227955
222 21710 28751 36 35705
223 21739 32700 39 192151
224 21910 22120 73 11276
225 21977 23025 13 3160
226 21997 24102 15 4809
227 22006 24246 55 46974
228 22037 26270 29 60575
229 22108 30323 77 162567
230 22201 32554 4 17739
231 22280 26275 54 47326
232 22288 34200 52 328964
233 22343 36191 39 217795
234 22357 30250 9 37379
235 22477 26522 83 159626
236 22485 22619 25 1450
237 22644 30636 58 92454
238 22742 25236 15 8696
239 22815 26805 12 21086
240 22840 27329 43 54789
241 22925 30915 111 751800
242 22973 27766 7 22836
243 23040 24197 26 16225
244 23484 26763 22 49838
245 23698 24715 38 35804
246 23749 35404 56 708895
247 23791 27164 103 308272
248 23886 26575 132 390058
249 24031 29730 41 189844
250 24072 24679 138 15670
251 24108 28443 80 176804
252 24190 28789 20 55566
253 24429 26674 44 36150
254 24576 25597 5 3369
255 24615 29998 4 4450
256 24638 34959 20 66543
257 24897 25644 98 75036
258 25001 42424 108 281507
259 25038 34018 41 140383
260 25071 25930 13 4853
261 25117 27694 5 2570
262 25139 27293 27 64405
263 25326 25818 108 65779
264 25374 26997 106 61994
265 25427 32539 122 640345
266 25495 27878 78 94406
267 25500 29858 10 21992
268 25815 43184 41 341014
269 25971 30101 50 133114
270 26097 39465 44 242669
271 26149 32766 119 532670
272 26280 29924 7 19703
273 26330 30518 67 183031
274 26417 32546 60 127350
275 26465 41679 36 184413
276 26548 30206 122 358851
277 26618 37095 8 17399
278 26899 27672 20 3384
279 27044 35336 4 19277
280 27119 27263 76 8314
281 27223 28950 38 15022
282 27228 27852 41 20141
283 27448 34115 36 105792
284 27457 39659 85 165979
285 27522 32210 5 10065
286 27590 31547 136 240192
287 27767 28478 46 36804
288 27795 29064 14 21568
289 28215 33652 29 37076
290 28515 38305 9 52414
291 28553 30189 12 7836
292 28602 30013 29 20970
293 28669 28878 17 1578
294 28827 31300 9 15624
295 28830 33070 16 27635
296 28909 32839 80 117648
297 28910 32355 59 224656
298 28930 36763 16 68582
299 29049 38432 122 663311
300 29134 35346 105 319250
301 29179 43374 92 565183
302 29284 33303 34 47865
303 29387 35153 73 132928
304 29458 29463 143 239
305 29660 32047 108 167971
306 30162 37173 149 416188
307 30171 42727 34 165301
308 30201 33301 7 17749
309 30332 38153 60 301956
310 30513 45592 46 464272
311 30746 31810 5 2984
312 30853 33656 101 162958
313 30859 45774 113 228710
314 30968 35796 40 124629
315 31273 31357 9 204
316 31292 35067 77 63385
317 31313 36228 35 73590
318 31435 36848 146 162694
319 31524 37454 29 62787
320 31575 32602 103 25086
321 31606 46685 19 112272
322 31608 46027 99 267746
323 31610 38954 38 51063
324 31919 37861 13 48024
325 32094 39709 53 43346
326 32143 34282 38 53379
327 32202 33651 8 5166
328 32242 40275 86 373363
329 32259 33596 25 4382
330 32278 44744 34 238546
331 32288 43155 131 396879
332 32433 54284 114 2615969
333 32454 34898 87 89325
334 32597 38393 124 723973
335 32615 42053 127 746209
336 32632 36919 95 120283
337 32729 36004 121 145490
338 32739 34063 124 35492
339 32748 34940 70 89995
340 32853 34146 27 11269
341 32869 45757 29 179166
342 33068 40077 121 402363
343 33082 38468 7 33217
344 33203 33595 70 8239
345 33225 33628 79 22607
346 33227 34731 58 43510
347 33228 35183 87 158084
348 33259 37389 18 54421
349 33332 37594 133 148093
350 33383 36199 5 7528
351 33570 36972 8 9948
352 33598 47845 50 124133
353 33868 42178 38 164218
354 33877 37199 113 214149
355 33882 44346 70 363180
356 34069 45704 61 231245
357 34099 34931 89 46206
358 34167 34172 84 435
359 34372 34925 21 4649
360 34443 38105 24 33784
361 34578 35618 104 41408
362 34591 35289 102 38926
363 34624 39359 102 160587
364 34631 43858 48 380856
365 34715 44006 98 302780
366 34772 34970 6 508
367 34868 40274 28 50328
368 34874 39051 146 559326
369 35021 35706 44 9423
370 35090 39097 24 44593
371 35220 40003 6 19969
372 35284 37824 140 44751
373 35328 45235 46 194497
374 35387 35605 17 2073
375 35460 40080 104 414217
376 35461 40327 112 113907
377 35610 43137 110 1833104
378 35743 40257 148 521100
379 35767 38070 16 11836
380 35819 36349 46 14015
381 35942 36169 68 5392
382 35993 38509 102 44294
383 36084 44087 149 212723
384 36258 39228 81 188146
385 36325 37012 7 7915
386 36344 50252 29 136974
387 36490 38391 27 24529
388 36591 40030 27 68556
389 36604 53061 43 495988
390 36641 37906 132 101169
391 36659 36726 44 1417
392 36747 39397 11 7314
393 36825 60053 77 432082
394 36852 39123 12 11660
395 36988 38510 6 3454
396 37345 40539 104 119177
397 37627 50441 40 65612
398 37669 39087 18 80043
399 37844 41724 7 9890
400 37877 44361 22 107251
401 38058 42290 71 71348
402 38187 39561 132 172096
403 38329 53308 38 348822
404 38485 39584 77 46758
405 38596 42035 68 105873
406 38667 46676 45 222977
407 38672 44591 15 36977
408 38883 39959 60 34422
409 38928 42011 34 44693
410 39015 47536 4 12788
411 39132 42412 28 47320
412 39287 53566 15 33614
413 39342 56939 48 210018
414 39381 39476 87 1758
415 39565 42528 86 93186
416 39591 47310 35 136307
417 39791 41522 16 13856
418 40029 42152 33 44120
419 40032 40701 26 13478
420 40128 43560 75 145404
421 40376 46583 76 161596
422 40451 41059 36 12773
423 40488 60115 64 735892
424 40541 41195 87 26179
425 40682 49057 143 496341
426 40738 46671 21 69800
427 40740 44325 108 87109
428 40902 55257 15 110396
429 41010 48068 88 415966
430 41102 41735 109 33716
431 41123 48160 43 98572
432 41266 41767 66 60126
433 41303 43110 127 66625
434 41309 49673 25 81613
435 41330 42347 87 63129
436 41359 56509 61 307427
437 41443 43255 16 32885
438 41527 44353 98 147797
439 41583 47372 57 349020
440 41628 42698 90 109581
441 41722 48050 122 499100
442 41756 46827 11 23365
443 41835 47184 140 288285
444 41904 50320 14 20975
445 41908 60024 29 324009
446 41954 50206 55 304079
447 41971 45100 142 157161
448 42006 44710 121 242476
449 42058 55923 88 361616
450 42080 48075 125 587766
451 42084 47772 133 253816
452 42223 44050 116 221943
453 42244 43039 9 2553
454 42312 45341 13 15686
455 42626 57281 62 343214
456 42799 48002 18 17406
457 42931 45017 90 59665
458 42952 43786 127 53373
459 42988 49667 47 282806
460 43257 46918 112 225141
461 43290 44691 19 18165
462 43324 48387 50 36949
463 43346 47235 145 231188
464 43455 49061 144 556452
465 43474 59807 38 409435
466 43529 46288 145 155341
467 43640 43817 111 12155
468 43654 48064 23 24278
469 43980 52101 10 58238
470 44070 53859 17 125474
471 44088 45027 130 106452
472 44095 44248 105 21587
473 44199 47319 29 51892
474 44278 57010 74 318210
475 44338 48400 53 50765
476 44455 56898 32 160345
477 44555 50605 36 198608
478 44697 46075 119 66956
479 44743 45712 88 91761
480 44941 62225 37 164383
481 44992 56460 7 40402
482 45033 50448 101 116408
483 45156 47362 47 88890
484 45289 48642 143 139993
485 45326 47704 33 66067
486 45333 47924 67 109933
487 45347 47621 43 74586
488 45394 47126 85 84646
489 45450 50627 13 18538
490 45469 46902 94 71178
491 45475 53763 26 146345
492 45680 55828 11 27923
493 45759 46974 29 20212
494 45983 52378 45 204144
495 46167 47323 13 8886
496 46185 51932 41 69849
497 46213 57512 119 610457
498 46357 48199 52 42228
499 46420 58277 49 242299
500 46426 49924 26 53913
501 46432 52173 119 409596
502 46514 49180 40 77476
503 46534 56397 148 932529
504 46648 53700 21 71431
505 47011 53136 121 346358
506 47064 49719 21 11377
507 47191 48162 17 18179
508 47436 53707 133 958911
509 47445 49823 46 32185
510 47480 48528 34 7882
511 47552 50344 47 57527
512 47564 48722 36 12400
513 47757 47914 116 30327
514 48092 48648 97 19268
515 48135 53101 8 14783
516 48151 56501 60 181693
517 48194 57391 106 706488
518 48376 60881 146 502942
519 48438 54249 37 79490
520 48680 51761 126 133721
521 48720 54310 6 24850
522 48827 65264 117 656330
523 48951 57225 27 329460
524 49016 51491 48 28991
525 49113 53166 6 6064
526 49171 51825 82 145247
527 49230 64234 102 671974
528 49322 57997 12 47703
529 49590 57166 28 38963
530 49614 51540 65 47468
531 50152 56462 10 16409
532 50260 65819 63 841765
533 50269 56866 10 25433
534 50301 50526 65 6753
535 50400 52229 142 153166
536 50630 52573 5 3941
537 50680 52218 103 67035
538 50758 57507 7 10039
539 50906 51563 56 10193
540 50985 53604 27 41291
541 50987 56626 126 372167
542 51064 55264 28 47190
543 51081 52669 53 32705
544 51110 53098 7 8145
545 51510 53996 147 112257
546 51567 52166 74 32592
547 51687 52744 124 50498
548 51920 58308 51 76653
549 52016 52200 46 1445
550 52095 61465 4 10695
551 52211 60739 35 107287
552 52256 62818 116 668344
553 52285 58215 129 576025
554 52290 54107 148 80105
555 52296 57357 48 162647
556 52430 54809 119 100710
557 52445 52941 95 15750
558 52491 60410 46 65405
559 52643 54088 114 70866
560 52645 55897 101 40815
561 52732 65865 150 739154
562 52851 67956 129 485972
563 52962 57118 9 8381
564 52977 60970 85 581978
565 53064 55101 8 1627
566 53150 59127 146 371804
567 53193 53620 34 5572
568 53195 56874 123 143659
569 53268 57579 113 157365
570 53327 57551 132 96493
571 53435 54744 138 38630
572 53485 57153 23 14686
573 53658 54475 92 20428
574 53690 54913 139 101225
575 53717 57375 4 12676
576 53877 53930 63 1558
577 53972 57701 68 282632
578 54113 79209 46 439652
579 54145 61950 52 304396
580 54223 55397 56 30958
581 54453 56858 82 130115
582 54599 59058 98 149046
583 54745 59376 115 434962
584 54940 60815 43 109369
585 55040 65422 64 712434
586 55239 55640 114 51812
587 55288 55844 28 10260
588 55380 55865 10 4252
589 55476 57463 145 79278
590 55502 62891 28 29424
591 55510 58109 70 48796
592 55525 57429 25 18301
593 55768 59653 39 53284
594 55876 59964 26 34010
595 55947 63647 14 34822
596 56050 65113 14 40412
597 56129 72886 113 593551
598 56161 56350 60 11220
599 56287 56567 121 28970
600 56373 57253 45 24041
601 56565 63070 23 104716
602 56648 57444 45 20583
603 56824 60847 91 127412
604 56852 59447 78 107925
605 57029 63855 35 95817
606 57117 61948 6 33272
607 57172 63062 106 177298
608 57200 78031 131 1830789
609 57398 61811 42 66073
610 57473 59373 7 6548
611 57598 61735 16 68577
612 57669 81662 32 394611
613 58004 62275 4 7361
614 58011 63380 7 9486
615 58041 60322 121 37078
616 58511 59865 83 61052
617 58655 65327 45 56289
618 58734 63736 77 130832
619 58871 59771 29 26795
620 58902 60374 25 33750
621 59053 64161 55 94019
622 59121 61703 62 44856
623 59374 61805 12 13909
624 59439 60562 11 6168
625 59468 71522 14 36776
626 59670 73199 19 90308
627 59672 60933 72 31133
628 59825 62788 71 129521
629 60235 60343 138 5011
630 60252 66093 128 365115
631 60279 75296 115 426443
632 60407 62228 22 27225
633 60526 66594 21 29226
634 60856 66463 48 76297
635 60907 61225 28 2746
636 61154 62220 72 37636
637 61158 62120 5 3549
638 61191 77267 65 958766
639 61207 61576 6 818
640 61582 92495 74 626724
641 61675 62352 57 26746
642 61803 63651 103 234146
643 61833 70266 51 72286
644 61868 78288 14 71427
645 61886 69790 67 341072
646 61965 66485 54 118823
647 62022 65171 24 31684
648 62273 63579 93 208674
649 62460 88706 63 399360
650 62674 70140 132 409857
651 62936 67167 33 25658
652 62956 64543 6 9877
653 63187 72968 57 772522
654 63196 68985 47 353889
655 63437 64737 41 14744
656 63463 63926 15 2927
657 63509 70947 141 363796
658 63531 67429 134 290818
659 63538 78023 12 30052
660 63586 71155 101 230172
661 63624 68785 36 123480
662 63707 64484 88 25482
663 63791 68981 82 191002
664 63793 68025 30 58460
665 63832 64796 25 15986
666 64077 70281 45 259923
667 64115 76177 28 52665
668 64137 65302 14 6489
669 64151 66689 17 72689
670 64229 74034 137 722832
671 64327 66466 113 181959
672 64389 65978 49 31179
673 64463 82918 16 257776
674 64816 69980 20 101750
675 65071 79228 140 850866
676 65079 74131 37 136650
677 65450 67082 35 49247
678 65483 74147 4 18352
679 65631 65739 91 3324
680 65660 74138 28 106145
681 65697 65875 111 17868
682 65747 68103 103 265289
683 65813 72483 136 611088
684 65822 66158 49 6071
685 65842 67087 88 37423
686 65883 66217 7 1072
687 65999 66104 22 1142
688 66331 71284 148 215229
689 66357 79829 6 11447
690 66768 68807 139 146530
691 66965 67603 7 6178
692 67066 70208 45 63049
693 67081 68199 7 6136
694 67131 69079 4 4599
695 67373 75240 14 45583
696 67414 69718 102 117409
697 67589 86908 80 372294
698 67634 71248 11 9465
699 67727 75630 117 291954
700 67759 69708 89 48810
701 67849 68049 73 7459
702 67913 74707 6 5966
703 67929 86628 27 230800
704 67967 80290 149 398350
705 68022 68413 53 14490
706 68027 68778 102 14783
707 68180 68830 127 27963
708 68281 73501 40 312568
709 68461 70126 41 16529
710 68485 77363 5 14253
711 68551 70225 9 5456
712 68574 83597 71 457893
713 68735 81271 15 159989
714 68784 69443 13 1925
715 68818 75233 23 104577
716 68822 69807 95 50238
717 68824 72755 6 8064
718 68881 70326 13 5863
719 68882 75214 17 55529
720 69040 71932 147 87016
721 69173 71391 129 165574
722 69217 70957 23 14230
723 69265 77340 122 268976
724 69361 73860 130 393145
725 69554 70171 8 3822
726 69858 79521 33 72061
727 69933 70653 4 1153
728 70058 83981 122 761489
729 70074 70094 88 916
730 70185 76065 59 60257
731 70207 71838 69 64483
732 70396 70446 137 6908
733 70400 78677 81 252608
734 70540 71750 107 123671
735 70612 75081 33 114862
736 70757 73692 4 8543
737 70825 71558 7 3624
738 70952 71752 120 48612
739 71065 72428 78 42492
740 71153 74982 26 12870
741 71239 78102 10 66722
742 71261 72456 116 41748
743 71303 74175 17 48522
744 71613 79921 57 165557
745 71788 73465 45 25093
746 71834 80918 28 55844
747 71849 71883 138 3084
748 72135 82915 64 308917
749 72156 79346 4 13596
750 72397 82262 99 189344
751 72551 73250 135 36639
752 72569 77771 8 26392
753 72606 76291 52 115727
754 72797 75027 49 100559
755 73003 82954 21 134099
756 73021 77833 120 554405
757 73040 75709 4 4083
758 73088 81114 66 330430
759 73095 76208 4 6506
760 73200 73740 71 51346
761 73245 77553 114 270328
762 73383 75400 68 27041
763 73676 84680 8 40815
764 73678 75464 74 75271
765 73716 92963 59 339611
766 73784 85302 44 134086
767 73822 74475 50 9488
768 73909 74212 75 19684
769 73911 77107 55 59879
770 74000 98623 109 1262952
771 74145 77088 9 4602
772 74288 83444 81 660600
773 74342 85057 14 79755
774 74416 85572 114 330520
775 74451 83317 10 36198
776 74489 79888 139 115983
777 75152 84849 8 10603
778 75330 79224 97 143843
779 75347 80836 148 170613
780 75488 77308 143 137753
781 75548 81392 38 122864
782 75692 91667 42 185561
783 76037 81757 92 449390
784 76057 80122 84 72922
785 76311 77121 128 74337
786 76380 85080 101 475815
787 76657 91184 30 380112
788 76955 80112 140 160076
789 77137 79210 36 34663
790 77142 81230 12 17449
791 77182 82822 26 33040
792 77412 96234 29 475472
793 77531 87529 144 255737
794 77619 82524 23 42900
795 77660 78047 7 1576
796 77741 81692 43 38036
797 77892 85472 24 82441
798 77893 88944 14 53174
799 78013 85922 72 83714
800 78259 82927 73 113646
801 78265 79496 82 51848
802 78284 82837 50 126361
803 78309 80916 4 1887
804 78354 91009 20 43683
805 78411 82722 64 91145
806 78429 82355 108 132805
807 78520 78813 51 5662
808 78535 80394 44 18995
809 78574 80870 16 24549
810 79063 93064 15 86468
811 79270 85262 25 62969
812 79297 83385 15 43532
813 79554 89481 73 500727
814 79571 85102 7 22937
815 79595 82874 75 200676
816 79681 86393 145 167532
817 79732 86493 97 341603
818 79770 82002 29 61840
819 79797 91269 136 426253
820 79842 80390 119 28482
821 80041 82584 6 11708
822 80238 96595 106 739652
823 80261 83486 19 41439
824 80344 82946 50 61575
825 80408 82067 133 229897
826 80424 87728 5 10277
827 80438 80521 15 219
828 80468 86421 17 52986
829 80542 85340 127 117085
830 80647 82186 7 4296
831 80705 84115 25 60969
832 80742 84479 23 32507
833 80757 81141 95 20052
834 80847 88119 112 167210
835 80857 88187 14 50192
836 80861 82486 6 4444
837 80958 82065 42 76517
838 81041 84989 20 61542
839 81070 89326 117 358907
840 81112 82681 57 129856
841 81291 83351 79 152216
842 81475 81591 71 4672
843 81504 82059 9 7368
844 81528 81915 6 516
845 81863 96395 57 179769
846 81910 84335 44 97027
847 81923 84330 28 18950
848 81972 88031 47 60776
849 82091 84975 112 110632
850 82211 89284 74 418488
851 82217 86174 45 98418
852 82294 85842 30 40286
853 82301 85161 6 2693
854 82446 84351 50 67253
855 82550 89929 39 46419
856 82647 84567 11 5597
857 82891 83956 110 12617
858 83020 86196 62 36345
859 83021 84639 70 62608
860 83345 84423 10 4619
861 83409 98977 48 254118
862 83429 85283 56 29073
863 83432 92292 111 570018
864 83622 98020 64 367555
865 83652 83979 117 31958
866 83722 92028 85 297166
867 83752 86523 28 53743
868 83840 83962 18 969
869 83883 86979 8 24383
870 83963 84498 55 12239
871 84286 89931 8 7781
872 84294 87831 17 49617
873 84348 85278 129 38925
874 84401 90003 18 69205
875 84453 91265 12 41060
876 84495 87008 7 1997
877 84521 87442 116 173805
878 84670 99740 71 393816
879 84739 95355 27 168394
880 84825 89000 128 207980
881 85098 92684 9 32435
882 85249 93057 37 97407
883 85251 87605 22 44216
884 85292 91354 30 73651
885 85337 90094 27 65478
886 85341 85902 114 93500
887 85360 89574 14 64366
888 85429 89061 58 146874
889 85458 94110 17 23091
890 85519 88962 84 55527
891 85875 94214 142 625265
892 86243 88564 25 28748
893 86306 87561 107 47193
894 86311 87549 65 50286
895 86399 88387 74 122050
896 86464 90053 100 254663
897 86564 95594 80 184460
898 86636 88153 8 16157
899 86662 88999 126 79421
900 86674 93275 86 144660
901 86944 87855 43 8605
902 86965 91260 43 147733
903 87049 93158 123 931209
904 87075 98819 17 117807
905 87211 90023 139 144080
906 87213 95334 15 29216
907 87386 94723 6 18536
908 87428 91957 6 20020
909 87499 87962 27 4389
910 87565 90339 28 34537
911 87593 91030 11 28434
912 87679 88246 65 12017
913 87699 91225 40 36042
914 87705 87790 32 2681
915 87778 95408 90 193138
916 87921 89027 114 42028
917 88011 99311 6 23025
918 88037 92635 123 188508
919 88086 90009 20 10859
920 88163 90530 22 27674
921 88316 94165 34 102319
922 88326 89239 54 14537
923 88345 98618 10 43656
924 88415 90732 46 309686
925 88455 90797 58 136666
926 88478 92699 35 92066
927 88488 88984 131 41630
928 88509 90550 98 113943
929 88525 93387 71 104122
930 88583 89955 17 11666
931 88800 89307 110 13267
932 89110 90415 15 14324
933 89314 97188 22 97928
934 89340 99841 19 120397
935 89372 99199 98 502593
936 89473 94210 53 137136
937 89751 90594 70 11873
938 89778 94034 23 23855
939 89793 99621 8 70947
940 89845 90051 54 9313
941 89924 92416 55 116248
942 90001 97385 7 15108
943 90173 96862 105 104383
944 90453 91115 75 79756
945 90518 91378 116 67657
946 90520 93594 29 51616
947 90551 92816 80 35602
948 90651 92141 81 65789
949 90827 92166 140 113628
950 91074 91242 45 7849
951 91126 94341 136 225490
952 91308 92283 140 158294
953 91433 91651 92 5632
954 91438 99912 36 122439
955 91545 99346 7 21312
956 91559 94698 121 110742
957 91562 91624 5 345
958 91689 97959 106 328764
959 91764 97437 70 591734
960 91979 92783 111 67135
961 92044 94842 37 39321
962 92219 93133 64 18273
963 92240 96299 52 209023
964 92298 93961 77 36988
965 92475 92554 32 4555
966 92533 93775 40 28572
967 92583 98110 10 37348
968 92915 93977 11 10619
969 93013 99356 16 57085
970 93041 94900 27 17594
971 93054 96227 16 12578
972 93236 97298 147 345130
973 93446 97190 4 7298
974 93511 98837 45 165696
975 94023 96444 44 31921
976 94178 97972 28 58913
977 94443 99681 97 485933
978 94569 95039 126 57556
979 94586 96128 16 7639
980 94766 94997 12 3923
981 95212 95329 101 3857
982 95282 95942 77 32078
983 95577 98866 138 161401
984 95664 96602 18 3729
985 96165 97734 141 57050
986 96305 97456 44 25663
987 96608 99499 73 109135
988 96648 96992 30 7737
989 96948 98373 34 31943
990 96962 99848 63 36684
991 97184 97288 92 1793
992 97261 99657 137 137552
993 97341 97704 76 11687
994 97672 98754 12 9573
995 97832 98661 134 68532
996 98078 98458 73 16925
997 98084 99268 8 4943
998 98226 99136 54 27752
999 99059 99208 143 7355
