50 1000 0.059
............###...........###.......##............
..........######..........#........###............
..............#.....................###...........
........#.....................##..#######.........
.......###...................###...##.##.###......
........##.....................#.......###.#......
.......##...............#.........................
........#..............##.........................
........###............##....#....................
#.##.##...#............##....##...................
####.###.##............##....##...................
###..##..##..................#.###....#.#.........
.######..##....................###....###.........
..#...#..#.....................##......##.#.......
......#........................##......#.####.....
......................#.........#......#..........
.....................###..........####.##.........
........#...#........##............######......#.#
........##..####.....###..##.......####........#.#
.........##.####....##.....##..##....##........###
.#####.#.##..###...........###.##....###........##
######.####.###............#....###..##........###
.##......####.##..........###....#....#........#.#
.#........#.##............#....................#.#
..........#######.................................
...........####...................................
.............##...................................
.............#....................................
..................................................
..................................................
..................................................
..........##.....###..............................
.........#####.....#..............................
.....#..#.####..#.....#......#....................
.....####..##..##.......##..###...................
.....##.......##......#####.#####.................
...#.##......#.###.....#.#...#............#.......
..#####......#####.......................###......
..##..##.......##........................####.....
....####.......#..........................##......
.......................................#####......
...........................#..............###.....
.................#........##..........###..##.....
.##..............#.......####.......###...##......
..#.............#####.....####......######.#......
.###.............#.........#..........##..##......
##................#.......................##......
................###.......................#.......
...............##........................##.......
...............##.................................
0 80 731 67 31732
1 99 5898 47 117595
2 560 5623 135 455609
3 605 7374 99 169866
4 850 3865 85 58541
5 1063 5864 128 314672
6 1159 4650 103 154433
7 1215 21835 111 738953
8 1223 2542 24 13986
9 1315 11434 78 565396
10 1366 4308 84 70599
11 1381 3469 127 205665
12 1509 2672 33 5145
13 1553 5844 6 21787
14 1592 13475 126 462410
15 1608 14705 25 333802
16 2011 17610 145 886237
17 2037 27972 12 82608
18 2094 8711 69 623085
19 2157 4656 7 6889
20 2277 5945 52 76543
21 2292 6170 94 255640
22 2438 12770 51 431364
23 2489 3430 42 19355
24 2507 3495 61 18423
25 2756 8339 35 104636
26 2807 26697 62 267797
27 2941 10360 114 350012
28 2953 6143 96 432492
29 2954 8317 72 313777
30 3166 7824 48 40482
31 3241 5843 10 9342
32 3251 10173 79 370208
33 3318 17400 83 377124
34 3335 7652 24 28253
35 3342 4628 10 8522
36 3379 5358 29 19968
37 3400 17394 21 95389
38 3530 10296 16 45598
39 3700 24636 133 899929
40 3701 10807 7 30954
41 3782 11770 83 168044
42 3844 13392 150 315524
43 3860 15423 72 385716
44 3960 5722 96 37574
45 3963 9971 14 193547
46 4007 14835 26 194500
47 4286 6364 16 8919
48 4318 4392 17 1611
49 4344 15780 121 360364
50 4525 6308 107 61136
51 4530 41941 26 673790
52 4539 9651 6 11760
53 4677 9670 129 195561
54 4757 4989 89 5226
55 4767 23507 42 351584
56 4781 22717 17 90114
57 4889 26816 9 163787
58 4974 39510 10 97790
59 5012 12459 59 149536
60 5082 10217 105 272204
61 5114 12479 77 400116
62 5166 7616 68 79845
63 5229 40909 119 1211194
64 5234 12707 40 118525
65 5310 8791 8 4627
66 5716 5808 142 5386
67 5850 6229 123 29777
68 5861 17555 27 97560
69 5952 7545 18 16012
70 5953 16060 85 857415
71 6107 28799 113 386468
72 6134 19959 35 155823
73 6201 17415 21 63730
74 6343 7700 69 32480
75 6363 8748 14 22752
76 6556 12524 86 259156
77 6635 10047 32 48079
78 6698 7446 5 2868
79 6816 16229 10 24735
80 6857 10436 7 4421
81 6879 22074 143 668309
82 6944 10052 8 13492
83 6959 7329 43 7583
84 6976 8840 24 40872
85 7000 7657 33 18182
86 7027 20190 75 219279
87 7059 9058 87 86776
88 7190 11685 110 546341
89 7267 21480 39 663610
90 7455 15926 121 170957
91 7481 15252 134 906630
92 7542 12158 119 144369
93 7601 14922 147 675983
94 7767 34975 14 87745
95 7880 8493 9 4401
96 7886 8090 123 27085
97 7897 20551 61 223944
98 7926 9381 14 10716
99 7970 26187 6 57437
100 8001 24917 5 65058
101 8045 24374 54 229810
102 8176 10922 34 41261
103 8299 12643 104 201541
104 8568 19126 26 84136
105 8745 22999 99 468479
106 8804 54750 61 724082
107 8816 22743 30 173163
108 8899 23598 108 586581
109 8910 15594 102 328764
110 9152 29573 123 499969
111 9248 51101 88 2739855
112 9350 15876 10 18341
113 9484 20820 132 678806
114 9517 12274 75 66719
115 9645 16246 33 117043
116 9669 25727 129 984057
117 9681 10994 72 18273
118 9726 18259 138 762735
119 9730 30920 52 506973
120 9755 18237 5 19112
121 9820 13393 14 36721
122 9838 10415 79 28216
123 9898 30297 44 402586
124 9974 11923 105 153832
125 10028 10220 8 1248
126 10080 16591 131 451508
127 10109 13200 16 44926
128 10299 19400 21 217004
129 10354 24137 77 465187
130 10520 21522 48 222448
131 10595 21308 40 424047
132 10641 13872 108 92128
133 10729 16031 6 17989
134 11003 12249 31 13620
135 11118 11274 25 2365
136 11388 34903 61 161535
137 11526 14465 126 101401
138 11581 17975 85 407980
139 11610 16492 42 84945
140 11769 17087 107 79939
141 11779 14445 41 44801
142 12145 14260 24 51940
143 12295 13268 55 33391
144 12442 12905 122 31407
145 12554 17053 75 73869
146 12584 22030 17 88672
147 12623 20398 95 464645
148 12739 19801 116 755446
149 12830 14332 124 73810
150 12872 16016 91 202023
151 12955 25510 67 746326
152 12967 20989 74 480877
153 13032 23246 102 810427
154 13054 20673 116 259141
155 13072 20983 105 344893
156 13249 25552 40 378734
157 13274 29173 84 370673
158 13511 30191 12 55403
159 13519 14052 142 74140
160 13529 17784 57 200417
161 13562 19077 150 127791
162 13783 19651 9 28938
163 13835 14074 57 11067
164 14094 16407 57 86170
165 14109 29623 141 311933
166 14170 15192 34 17039
167 14211 17551 75 35697
168 14711 22715 64 172973
169 14766 26877 9 66166
170 14883 15336 6 6495
171 15097 21820 8 48882
172 15207 21023 7 22483
173 15210 30365 42 413185
174 15293 23282 67 113381
175 15331 25487 6 8419
176 15694 19345 52 81350
177 15713 24874 114 196578
178 15771 77997 125 1760678
179 15922 19992 43 103860
180 15923 24118 115 320749
181 16004 40111 43 343051
182 16059 34651 31 88085
183 16067 16868 54 12248
184 16071 19083 6 2510
185 16073 17689 71 111972
186 16092 20481 136 172234
187 16107 25447 4 30169
188 16307 26289 120 413594
189 16435 24748 17 38148
190 16505 37237 102 1149284
191 16510 27780 53 127822
192 16830 21224 84 173187
193 16880 18311 20 13587
194 17219 18261 61 30661
195 17289 19840 145 77461
196 17384 21167 16 50220
197 17413 32808 47 189552
198 17435 26907 79 412599
199 17444 20284 49 38976
200 17747 26510 5 34635
201 17827 31014 17 58331
202 17983 29911 112 1435537
203 18240 19954 87 55470
204 18331 19519 5 10554
205 18368 22175 51 180359
206 18420 19302 35 6190
207 18445 18623 58 5311
208 18515 21641 14 13445
209 18639 23022 21 85032
210 18673 23838 78 52345
211 18691 19952 8 1508
212 18780 34678 15 157423
213 18855 28221 115 356432
214 18865 26558 37 244539
215 18877 28402 84 138469
216 18911 28275 60 212766
217 18953 22455 110 154004
218 19049 35416 5 44090
219 19165 20126 91 96851
220 19197 24706 26 85459
221 19365 20784 12 4018
222 19661 32723 19 159496
223 19760 25928 30 40277
224 19892 23048 84 134522
225 19960 29541 41 164724
226 20210 22797 39 51562
227 20258 31220 35 88378
228 20378 21202 52 12572
229 20531 30730 75 70798
230 20543 25504 16 27247
231 20600 23832 84 233790
232 20621 20875 62 9367
233 20838 22700 8 7100
234 21008 24680 122 245499
235 21065 36950 58 220589
236 21134 30551 149 220543
237 21136 37838 142 1407076
238 21169 37213 60 311315
239 21262 26616 81 168795
240 21356 26817 63 213121
241 21484 44684 135 372744
242 21511 35263 19 62592
243 21519 35251 10 114322
244 21633 24699 108 103841
245 21966 26307 11 56570
246 21997 33130 80 395502
247 22181 32255 21 160361
248 22206 27289 5 11255
249 22353 34718 7 70360
250 22619 24913 25 48637
251 22670 24552 10 3906
252 22689 30204 105 274932
253 22827 24339 76 71467
254 22857 35633 49 56217
255 22892 28121 29 125793
256 22894 38060 13 54773
257 22941 23276 51 3409
258 22957 23372 62 13967
259 23118 23625 23 9762
260 23208 25340 60 103385
261 23371 32433 138 571608
262 23499 25151 41 40066
263 23523 25665 10 7642
264 23804 24812 15 8625
265 23956 25400 65 75562
266 24075 81360 63 1074949
267 24079 62803 105 4995332
268 24302 25113 21 3717
269 24485 55919 19 85329
270 24491 27166 56 29001
271 24542 26651 22 30398
272 24622 30867 50 80335
273 24713 27765 87 65468
274 24862 28903 8 5089
275 24864 27234 57 89958
276 24880 28289 8 6066
277 24924 27974 76 67038
278 24968 27245 12 30574
279 24996 25050 52 1262
280 25167 26386 5 2187
281 25288 40007 20 204080
282 25491 31106 83 445012
283 25524 27504 29 18423
284 25550 26166 8 4853
285 25629 56086 56 935994
286 25662 35644 7 28723
287 25809 29487 34 71299
288 25858 26005 89 7975
289 25909 29389 28 100045
290 25911 37661 36 181623
291 25920 27629 40 42268
292 26022 26171 136 8221
293 26046 26847 50 28415
294 26121 36455 47 268920
295 26159 34206 37 132001
296 26208 32314 146 391841
297 26299 32598 10 29782
298 26340 33712 40 129616
299 26453 33260 87 313642
300 26601 53249 26 425550
301 26610 30970 131 272506
302 26620 28581 20 15320
303 26719 26754 121 4961
304 26759 58176 43 334088
305 26986 37140 119 401640
306 27127 29322 101 204570
307 27253 30051 5 9488
308 27351 38764 7 19617
309 27518 32534 141 157448
310 27568 31261 106 249563
311 27581 29480 7 5233
312 27616 27945 78 4531
313 27682 32447 67 60072
314 27709 32809 30 84449
315 27828 44425 19 65617
316 27958 34972 5 12098
317 28018 33851 8 70815
318 28153 37126 89 374587
319 28220 28853 7 3333
320 28249 32317 40 56214
321 28253 28771 59 7303
322 28261 30159 76 71117
323 28463 29019 7 1876
324 28487 33804 124 292492
325 28637 29638 31 38469
326 28651 32202 68 101174
327 28713 59845 119 1726606
328 28911 30361 85 71427
329 28984 43383 92 341328
330 29018 32233 144 188721
331 29032 43003 84 575162
332 29056 31944 29 132765
333 29121 29788 27 7436
334 29169 34207 14 39826
335 29202 31344 113 266087
336 29331 40029 21 49315
337 29348 31825 129 203098
338 29353 29491 21 3241
339 29652 36535 126 418519
340 29789 40083 69 339744
341 29815 37790 76 184267
342 29847 39789 18 66031
343 30302 43740 21 116467
344 30341 44660 104 644990
345 30576 34494 56 195072
346 30577 43850 11 41574
347 30704 37490 39 161775
348 30817 36720 25 122840
349 30841 31018 36 2805
350 30927 41544 71 452927
351 31046 39576 9 43162
352 31187 39078 99 383292
353 31411 31671 62 4162
354 31415 71917 28 500023
355 31422 35961 92 257555
356 31647 53808 41 1077837
357 31734 39513 103 795154
358 32172 36292 90 157788
359 32203 64056 5 102929
360 32285 39681 10 75108
361 32361 38545 18 54035
362 32500 38220 7 24752
363 32537 46420 130 1043700
364 32629 33016 103 7500
365 32724 43496 61 114623
366 32744 47217 6 59627
367 32842 45989 70 364514
368 32856 48413 68 401011
369 32898 37048 99 146878
370 33234 44181 126 443737
371 33256 49981 9 69851
372 33674 44154 5 11794
373 33765 35144 59 74310
374 33783 35755 95 62596
375 33921 35397 126 34429
376 34008 37383 32 40543
377 34108 45425 99 885888
378 34122 69936 46 604780
379 34198 35191 9 2233
380 34220 44727 81 186344
381 34223 39359 20 63193
382 34289 37887 14 24025
383 34315 49179 30 143205
384 34317 34536 76 7648
385 34352 38961 124 365426
386 34360 34372 76 532
387 34435 38731 150 307610
388 34503 35262 5 3052
389 34538 34757 12 2079
390 34565 41263 141 1070260
391 35006 54100 11 109553
392 35120 36344 51 30546
393 35126 35861 64 6547
394 35232 46017 18 47643
395 35414 43862 7 29282
396 35463 36096 144 51433
397 35482 38356 138 149469
398 35565 39106 22 11059
399 35634 36560 29 6534
400 35737 43300 92 132683
401 35738 47611 108 202825
402 35800 38027 89 114435
403 35929 41187 133 383325
404 36054 38468 95 95585
405 36255 42938 7 18471
406 36357 40358 116 346332
407 36425 52183 111 523496
408 36805 50501 91 311672
409 36832 44071 33 222356
410 36864 38570 13 16095
411 36884 37386 124 56109
412 37000 68831 19 139057
413 37026 44881 6 38743
414 37117 37233 53 5667
415 37341 40982 47 70047
416 37367 42620 52 70790
417 37443 39050 76 42889
418 37682 39124 11 9396
419 37716 41228 52 107809
420 37721 43452 17 14557
421 37848 40065 130 106607
422 37855 39750 72 42737
423 37868 45661 13 89564
424 37890 41259 25 19953
425 37929 52876 57 516269
426 38004 44659 15 61006
427 38069 47060 144 233536
428 38186 43651 49 55646
429 38233 38711 135 40985
430 38452 48875 30 140793
431 38523 57913 17 83294
432 38588 74867 52 607173
433 38854 39698 5 4089
434 39004 41497 68 69644
435 39666 52921 36 250168
436 39764 45880 54 101104
437 39791 45664 61 361470
438 39798 40767 148 40470
439 39800 40030 73 7833
440 39886 41467 7 3357
441 40136 46865 17 50342
442 40391 54197 5 35759
443 40405 52376 9 55672
444 40578 66223 31 296769
445 40642 53189 35 377372
446 40939 48678 139 397789
447 40965 47063 63 67849
448 41033 43351 41 22765
449 41117 53871 26 263685
450 41175 71864 21 269706
451 41371 52255 10 32217
452 41482 44840 19 40973
453 41770 45080 27 43105
454 41821 51110 43 112027
455 41954 42298 12 4192
456 42124 53798 77 380307
457 42143 53634 34 355793
458 42157 49289 5 10244
459 42158 64966 15 151049
460 42439 46551 64 98006
461 42592 51899 4 8740
462 42601 44909 95 159977
463 42782 43161 17 4505
464 42861 50279 14 40244
465 42947 46880 104 585821
466 42956 48774 54 95987
467 42982 44037 19 7688
468 43061 44596 127 79420
469 43176 48343 8 29493
470 43207 62974 36 220945
471 43490 51396 39 104463
472 43513 43522 93 1068
473 43618 53678 144 500445
474 43685 56934 51 158984
475 43723 46312 48 93016
476 43895 46424 8 8259
477 43902 58668 94 1173424
478 43981 46999 55 64539
479 44077 44855 89 37731
480 44199 51199 8 25795
481 44231 54036 129 428896
482 44233 58998 7 18227
483 44430 44925 12 5480
484 44515 50778 118 722330
485 44590 49176 24 52846
486 44664 52495 70 487885
487 44734 56971 12 94799
488 44737 45870 47 18016
489 44748 45180 145 29163
490 44830 45416 6 1654
491 44967 55366 140 765640
492 45115 69597 71 426278
493 45237 52125 39 131329
494 45253 49287 111 92579
495 45427 55828 116 539311
496 45555 47104 63 54772
497 45563 46722 9 3917
498 45601 49971 86 139099
499 45676 49809 9 9769
500 45705 48704 38 45660
501 45908 48964 28 17019
502 45914 57163 5 58804
503 45918 50688 54 105419
504 46269 61315 118 514632
505 46476 46610 58 3975
506 46704 48934 68 47550
507 46898 57380 31 222914
508 46916 69441 85 1560667
509 46974 55078 84 452050
510 47006 49592 42 57223
511 47142 47354 22 3301
512 47261 48044 91 31663
513 47348 56830 16 109820
514 47385 49460 32 56229
515 47402 52385 106 240237
516 47454 49852 11 12827
517 47894 55548 143 477057
518 48108 54255 49 267714
519 48165 54954 13 14724
520 48235 50067 37 62689
521 48239 66542 23 189679
522 48290 50171 8 11058
523 48500 53140 18 31633
524 48564 55424 69 114662
525 48565 53782 60 60079
526 48837 61079 55 226749
527 48853 50811 60 47290
528 48854 62378 32 217830
529 48906 49220 10 1821
530 49076 52587 121 342113
531 49101 50988 68 109801
532 49181 54601 17 31534
533 49194 60779 52 91074
534 49295 57258 21 42646
535 49452 61116 16 44705
536 49459 82472 82 719997
537 49504 62481 19 61177
538 49589 50827 74 79579
539 49717 53955 103 193696
540 49747 55635 26 46309
541 49897 52093 148 194953
542 49918 85206 144 2519094
543 49926 53059 28 29719
544 50115 59641 39 119117
545 50119 54217 68 66336
546 50294 53873 74 130236
547 50353 60282 142 382697
548 50358 53529 42 80263
549 50401 57110 33 50446
550 50496 55809 41 126550
551 50759 52857 115 97449
552 50781 62390 53 338271
553 50985 59064 127 236197
554 51028 66159 25 172696
555 51173 54580 50 46437
556 51178 59780 94 380929
557 51196 58367 27 235793
558 51344 78651 74 1245932
559 51389 67617 14 114348
560 51457 78301 138 1118511
561 51495 74853 132 966757
562 51508 53163 109 56694
563 51696 65036 8 70286
564 51726 54015 10 5982
565 51756 65267 113 339884
566 51784 63790 30 93612
567 51819 66733 38 253195
568 52069 56754 21 112539
569 52144 53531 91 27691
570 52555 55749 108 87741
571 52934 54546 118 466965
572 52946 58408 13 26687
573 53045 62515 92 266073
574 53170 60783 52 162889
575 53192 54522 36 10919
576 53214 64467 106 471061
577 53251 71031 47 180379
578 53321 63863 22 40137
579 53736 61133 91 270430
580 53812 55697 25 14859
581 53831 54864 145 31729
582 53881 76669 10 68088
583 53887 55768 62 69489
584 53902 60263 97 174824
585 53920 55371 21 30564
586 53981 68475 82 202914
587 54245 55879 10 5236
588 54293 66485 139 582748
589 54460 63744 124 380663
590 54527 72779 116 665296
591 54528 56690 6 4094
592 54563 84362 140 821105
593 54807 89388 36 1712743
594 54866 59734 142 501534
595 55038 61392 21 46228
596 55072 70418 46 673307
597 55179 55225 32 1006
598 55267 55819 26 3775
599 55324 59034 136 338193
600 55597 56337 10 1788
601 55896 58217 36 25763
602 55945 62610 67 189157
603 55962 57073 21 9924
604 56270 67896 9 77635
605 56354 71182 48 313196
606 56362 56455 36 3060
607 56406 60815 4 7067
608 56432 58721 22 15484
609 56487 66347 53 69496
610 56489 66671 12 28642
611 56566 56913 98 18265
612 56568 58694 24 14861
613 56664 61165 9 16956
614 56721 57094 132 50731
615 56771 58550 9 4788
616 56791 63775 60 68984
617 56812 60793 74 305820
618 56910 59317 39 56043
619 57080 61966 17 15587
620 57174 57941 31 5199
621 57256 59484 140 313654
622 57296 65748 19 51771
623 57305 76707 66 552143
624 57341 57462 33 6054
625 57362 58870 140 77539
626 57518 71660 10 50470
627 57565 57914 33 4515
628 57763 66227 115 363302
629 57884 69226 52 480157
630 57900 61912 73 89789
631 57934 59960 37 28826
632 58028 59829 8 9077
633 58084 59504 14 9995
634 58091 64419 86 409341
635 58144 61366 73 172831
636 58197 66693 36 231963
637 58221 71555 5 62144
638 58292 63699 5 6992
639 58541 65746 20 30291
640 58642 60620 111 87394
641 58770 70482 40 216911
642 58879 58910 117 4677
643 58937 64865 5 8443
644 58960 63017 35 57095
645 59111 64240 19 66936
646 59153 66049 68 116065
647 59214 63275 115 180653
648 59280 62234 55 97226
649 59406 62990 125 330175
650 59425 78318 14 198680
651 59644 65472 78 209538
652 59679 71151 40 130083
653 59861 62425 5 3302
654 59897 82837 8 105117
655 59977 61305 32 27709
656 60228 64449 50 146375
657 60314 63486 119 276892
658 60377 88468 26 418009
659 60416 64498 89 83805
660 60450 67979 35 157610
661 60657 72640 7 30156
662 60660 62041 24 20210
663 60734 61049 19 3622
664 60758 71380 104 597986
665 60768 77865 55 612210
666 60879 66293 137 336341
667 61072 79879 112 618301
668 61082 63386 109 46385
669 61179 71714 92 670430
670 61182 75159 21 152184
671 61244 67822 131 242496
672 61277 61902 73 17501
673 61350 69600 6 20726
674 61476 66627 31 120844
675 61631 72303 22 95216
676 61637 61754 50 5737
677 61645 68254 138 601535
678 61761 62836 57 46709
679 61767 62887 99 21052
680 61859 63458 108 51465
681 61896 67839 74 361629
682 61977 67467 112 277629
683 62160 75373 12 73692
684 62237 71192 59 165989
685 62243 80153 50 98479
686 62293 79543 126 1482221
687 62305 63130 7 2058
688 62313 75643 77 702400
689 62477 78433 42 83527
690 62660 68062 44 87889
691 62901 80315 115 514168
692 62955 68991 38 173847
693 62987 71205 49 164096
694 63019 72736 31 155065
695 63081 67720 27 45657
696 63111 65742 128 165541
697 63143 64343 15 10385
698 63284 68787 57 118388
699 63292 65200 118 147388
700 63300 68237 31 73033
701 63308 65649 7 12717
702 63374 77386 8 79551
703 63579 94649 110 420381
704 63729 75513 6 21768
705 63750 65611 59 64778
706 63751 64944 39 11823
707 63769 67082 124 126508
708 63901 64212 19 3506
709 64023 76071 13 61604
710 64028 64291 103 4805
711 64062 83466 38 203757
712 64264 87365 26 288139
713 64309 68125 50 64100
714 64323 66172 109 153278
715 64336 70520 38 208227
716 64416 86413 4 59306
717 64431 68988 23 31195
718 64442 69907 75 123496
719 64743 76690 46 221439
720 64850 72481 71 151693
721 64927 68767 18 23616
722 64936 66546 66 27773
723 65012 73346 10 90050
724 65024 68214 26 27392
725 65064 67853 68 75544
726 65096 77652 8 31502
727 65105 69135 24 47997
728 65359 76820 34 157049
729 65459 70642 115 221328
730 65751 71893 27 42063
731 65965 69066 149 184090
732 65967 90826 38 548311
733 65980 70360 141 233454
734 66023 69272 94 93977
735 66087 73198 27 115564
736 66095 69395 28 43292
737 66131 75144 144 816368
738 66206 69371 60 77971
739 66292 72798 10 31427
740 66363 67088 22 6532
741 66470 74940 29 126379
742 66475 72394 23 42978
743 66510 91071 59 409445
744 66539 69699 13 15512
745 66588 75309 8 67200
746 66613 74409 49 376888
747 66737 67416 61 44407
748 66841 75769 101 320118
749 67049 72721 93 110921
750 67133 68943 6 3785
751 67288 71441 12 13530
752 67396 81767 130 470278
753 67412 74846 9 33482
754 67414 70826 143 169611
755 67426 69242 22 24559
756 67556 77926 125 773589
757 67763 68335 35 7385
758 67854 92132 42 329537
759 67972 74499 28 55026
760 67981 70260 7 4656
761 68184 82259 24 73108
762 68239 74982 96 232027
763 68292 92576 28 654924
764 68438 78056 5 19308
765 68661 78456 21 132969
766 68743 71643 68 52705
767 68748 73137 132 298855
768 68857 90048 119 1820291
769 68956 89115 4 23443
770 69019 69788 16 19588
771 69033 77790 12 73970
772 69050 71494 41 31353
773 69061 70810 20 11220
774 69412 71532 62 45668
775 69495 96332 71 977287
776 69643 75510 91 161730
777 69774 79193 125 106501
778 69870 72618 30 105024
779 69884 70380 23 5032
780 69918 75995 17 25520
781 69963 70542 35 6961
782 70110 71589 5 5580
783 70145 81324 141 754025
784 70258 79156 40 162494
785 70368 75072 53 80016
786 70454 71091 25 6566
787 70545 72611 4 4045
788 70573 86105 46 151484
789 70574 81495 65 208115
790 70629 71386 121 31564
791 70898 76588 75 86655
792 70995 73453 76 85077
793 71169 72986 22 33691
794 71197 71882 29 13438
795 71534 82580 91 870964
796 71580 86930 55 411605
797 71728 83050 118 229559
798 71839 86027 27 214273
799 71885 78796 34 107073
800 72227 79141 11 51436
801 72293 79563 85 223771
802 72405 76589 62 86869
803 72409 75997 149 272859
804 72882 80059 125 397054
805 72961 80800 12 11157
806 72970 73744 112 31727
807 73043 77642 94 153428
808 73117 77020 94 559434
809 73125 73322 7 1308
810 73360 76336 105 112505
811 73451 77591 4 13605
812 73526 74586 33 31749
813 73529 77429 11 48369
814 73868 80931 134 266282
815 73950 77373 68 38933
816 74014 94748 95 1292163
817 74284 79222 70 196970
818 74351 84231 10 37423
819 74470 85322 118 824607
820 74491 86241 32 140285
821 74510 77526 115 248926
822 74771 78724 105 140173
823 74829 78732 85 268737
824 74866 81962 41 161278
825 74946 77151 14 15348
826 74980 80643 23 40251
827 75115 75207 100 6139
828 75243 75926 86 28510
829 75497 84644 115 778130
830 75796 80894 90 207976
831 75901 99571 37 362962
832 75937 82611 63 78471
833 75969 94344 109 342741
834 75998 87745 85 887048
835 76350 83495 120 675872
836 76401 94141 34 293288
837 76410 92655 135 500491
838 76413 77144 22 5146
839 76469 94583 5 90346
840 76540 80057 121 226860
841 76991 79515 80 187071
842 77091 81486 100 191719
843 77200 78365 15 6534
844 77309 77685 66 23455
845 77456 79286 5 2832
846 77518 78484 6 5284
847 77559 78458 53 44070
848 77580 83927 54 139947
849 77729 91231 16 131355
850 77771 78510 65 26709
851 77817 94696 5 53486
852 77868 79086 131 45203
853 77975 90966 117 405593
854 78066 81566 22 42742
855 78071 80654 63 49626
856 78122 81443 99 103235
857 78272 83604 10 37274
858 78359 85761 15 50707
859 78565 85717 40 143015
860 78588 82013 119 263392
861 78620 87713 27 146102
862 78626 79406 136 53052
863 78640 99439 69 560476
864 78671 81554 18 24314
865 78778 83078 20 24452
866 78818 85197 29 100762
867 78825 89042 5 23404
868 78860 84526 128 309668
869 78929 82705 12 9012
870 78954 86258 92 353634
871 79273 80115 6 981
872 79310 85333 67 275581
873 79451 90243 44 121409
874 79630 91020 27 152589
875 79709 91173 7 30318
876 79784 90300 72 438743
877 79898 84031 85 107888
878 79927 82899 109 236352
879 80062 82839 5 6205
880 80130 83178 56 50212
881 80472 90711 15 33002
882 80621 83540 61 160161
883 80823 83670 15 33280
884 80935 92431 6 45357
885 81064 87438 47 71297
886 81109 95663 9 56115
887 81265 93050 14 76552
888 81558 86992 86 194782
889 81667 85445 4 14382
890 81789 91404 16 61100
891 81877 96895 42 235303
892 82037 90001 85 725567
893 82337 84874 116 101891
894 82416 87943 30 61741
895 82602 85277 5 3544
896 82680 83520 76 50487
897 82718 87378 105 140675
898 82795 89119 5 15332
899 82816 84989 11 10346
900 82919 87615 11 15360
901 82932 83950 52 16742
902 82973 85243 56 307926
903 83039 83325 50 18883
904 83206 88052 128 330514
905 83330 84058 41 18479
906 83377 95705 46 239083
907 83419 91290 83 437511
908 83530 83627 12 977
909 83555 87885 6 5375
910 83574 87047 117 208153
911 83826 86776 33 50598
912 83958 89634 4 6023
913 83988 91941 131 545250
914 84060 91160 23 43982
915 84061 89377 41 140113
916 84115 87504 21 158148
917 84302 89490 140 148898
918 84428 90448 19 40999
919 84547 88101 136 155208
920 84799 99258 106 1722733
921 84836 93770 57 153693
922 85084 92539 22 115181
923 85261 91210 74 186398
924 85477 90740 103 256158
925 85520 95146 21 31821
926 85736 97609 82 351756
927 85932 89124 112 100195
928 86041 87518 148 127417
929 86053 86457 60 5192
930 86277 90028 62 154028
931 86286 93520 41 124318
932 86334 86360 45 1015
933 86601 98454 80 592856
934 86629 91329 38 144929
935 86830 87678 129 87821
936 87110 88666 4 1692
937 87134 89495 57 59744
938 87141 95445 17 40341
939 87312 87636 33 4739
940 87452 88380 62 36592
941 87463 97978 8 25476
942 87613 95525 121 335311
943 88097 96932 129 205416
944 88204 90011 9 17028
945 88315 89899 31 16332
946 88705 92057 101 262887
947 88838 98143 10 20103
948 89032 99940 36 121006
949 89040 92138 11 9257
950 89114 91491 40 25669
951 89235 92604 35 33550
952 89676 98421 98 151574
953 89910 92532 39 54804
954 89943 96502 34 74965
955 89976 91098 24 21262
956 90041 95769 11 6079
957 90302 91154 143 124615
958 90330 94131 40 72251
959 90456 92341 12 8149
960 90649 95807 8 36059
961 90795 99351 78 181789
962 90845 91487 85 37903
963 91043 91871 11 11801
964 91466 95019 25 56436
965 91505 99308 16 66879
966 91681 91768 132 7041
967 92323 93978 46 12558
968 92388 93046 12 3549
969 92612 95067 105 156378
970 92981 93427 90 52194
971 93394 93733 4 667
972 93557 96368 144 145878
973 93665 98414 64 98305
974 93869 95097 140 82641
975 94022 95295 146 95769
976 94240 95186 4 2761
977 94662 98317 17 46407
978 94742 96644 67 44056
979 94787 98202 150 273719
980 94824 94916 16 1257
981 95221 96017 11 3300
982 95267 98776 131 126770
983 95318 95336 6 61
984 95490 96311 18 9719
985 95491 97734 33 14473
986 95498 95953 122 28751
987 95662 96211 39 9005
988 95719 96344 53 17496
989 95927 99950 15 14935
990 96135 97302 14 3083
991 96370 97451 50 46459
992 96465 98025 26 25138
993 96605 97823 84 163297
994 97086 98346 37 26915
995 97171 97489 124 39080
996 97503 99579 59 71573
997 97529 97881 142 40679
998 98038 99233 6 4088
999 98794 98925 47 1865
