50 1000 0.003
..#.....####...#######....................#####.#.
.##.....#####...#.#####.................####.#..#.
.##........#...####.###.#..............####..####.
..##............####.####..#............###...##..
.............#....#....##.##.#.........####.#####.
..##.....#######.......#...###..........####.##.#.
..##......######...........#####........#....####.
...##......................#.####............#####
...###...........#..........#####...........##..#.
..###...........##.#.....##.###.#...........###...
######.......##.######.##.#.#####...........##....
###.........#.#..#.###.#####....#....###.#.#...#..
##..........###.....#####..###.##.....####.#####..
##........#.###....###..####...##......###.####...
.........##..###.###..######.#####.....##.#.##.###
....#......#......#.###.###..###.........#####.#..
###.#....####......##.#.##....###......##.###..#..
..######...#........#.#.#......#......##.#####....
....#.##...##..........................#...####...
...#..#...##..........................##.#.#......
...#.####..#...........................########...
......#######........................#..##.##.....
.......#..#####.......####.........########.......
..#........#.#..###....####..##...###.#...........
#.##........###...#.##..##..###...#.###...........
#..#............#...##...#...##.....#######.......
#####.........###.####...##...#....###.##........#
#.#............####.##...###.........##..........#
#####.........#####...######..........#.........##
#.##..........#####.....###............##........#
##..........#.######.....##.............###......#
#.......#..##..#....##..###..............#........
#....##.#####.##....####.##.......................
#...#########.##......####.#......................
....#######.###.#.......##.#...............##.....
###..##....#######..#########.............###.....
#..........#..#.#...#..######.............####....
###......###........#.####.#...###.###....#####...
###......##........####.#......##.#####......####.
..................####.##.....####.####....###....
..................#..#.........#####.........#....
....##............#......##......#####............
...###.........#.........##...#.....##.....#...#..
...#.##......###.........##..####...#......##.##..
.....##......#.##....##....##.##...........#..####
........###..#####....####.##.##.......#....#..#..
.............#.#.....#####..###........######..#..
...............#......####.####....##.....###.##..
............##.#.......##.#####.....####...##.....
............####......##......#...###.#...........
0 52 2914 84 83271
1 68 184 32 3503
2 95 7715 4 8387
3 107 13641 31 112822
4 445 2805 96 86516
5 716 1476 59 25200
6 894 2071 9 4302
7 1000 2149 78 52757
8 1302 5686 111 247493
9 1331 3602 56 63807
10 1364 2916 33 33833
11 1404 1582 18 1773
12 1449 3323 44 35676
13 1494 5077 48 49684
14 1554 13818 4 20063
15 1659 2381 113 42705
16 1673 2520 135 45066
17 1771 3033 53 22458
18 1798 17352 11 80956
19 2229 4941 8 7399
20 2294 7664 50 104290
21 2326 3084 137 40775
22 2530 4087 89 74159
23 2572 4531 30 33601
24 2616 6287 14 20719
25 2654 3364 113 34409
26 2773 4317 115 60523
27 3146 7234 122 534725
28 3243 4734 5 2908
29 3434 5311 147 29285
30 3461 6534 71 223880
31 3526 4922 11 2067
32 3618 9676 56 178884
33 3621 3972 14 2901
34 3643 10440 30 201908
35 3748 4168 53 5992
36 3760 8298 44 162717
37 3847 4086 143 16727
38 3861 4252 22 4692
39 3984 4943 19 9553
40 4136 5535 87 108378
41 4352 6825 34 29251
42 4604 6233 37 17520
43 4617 9339 111 288692
44 4739 6811 49 133917
45 4923 6169 54 59325
46 4989 7331 15 36581
47 4998 12081 115 162912
48 5079 6434 62 19674
49 5156 11339 63 184250
50 5266 6879 71 62295
51 5452 12846 17 38121
52 5612 8190 114 73621
53 5613 7400 68 43121
54 5701 6843 80 48105
55 5753 6490 90 15971
56 5795 7726 102 76263
57 6051 6908 24 3163
58 6330 9836 108 85609
59 6366 13868 72 201672
60 6392 7527 32 12192
61 6641 14210 36 155752
62 6654 6897 52 5344
63 6860 18586 14 57503
64 6874 7101 141 29989
65 6949 9624 90 34614
66 6979 7077 134 7432
67 7312 8983 114 33757
68 7425 12506 52 115010
69 7453 9562 54 27105
70 7480 8380 50 36499
71 7866 10747 11 19452
72 7941 8034 21 2691
73 8002 9066 4 1619
74 8041 8867 90 23002
75 8136 8902 6 2221
76 8412 8481 112 6042
77 8640 12294 15 16083
78 8657 11640 85 107680
79 8794 10945 84 84008
80 8888 12068 45 60644
81 8917 12353 131 139440
82 9132 10710 9 6521
83 9252 10636 9 4050
84 9272 11633 4 4081
85 9490 14897 53 114075
86 9723 11250 138 93615
87 9985 12751 34 44915
88 10082 11614 12 3115
89 10133 11898 15 3583
90 10144 10935 63 36796
91 10266 12793 30 40008
92 10550 13171 41 36444
93 10551 12124 79 34397
94 10559 13819 73 89599
95 10928 14191 62 62920
96 10956 12536 9 6815
97 11130 16928 46 59340
98 11628 13027 82 164402
99 11677 22437 50 389214
100 11742 15662 9 29854
101 11789 15031 13 14835
102 11994 12111 17 641
103 12005 14196 87 41731
104 12040 14351 91 112308
105 12088 14041 17 14204
106 12275 21666 17 130404
107 12319 15007 67 77505
108 12335 21967 146 933588
109 12377 13095 125 46166
110 12391 12417 135 3491
111 12405 20689 7 21090
112 12496 12571 7 288
113 12504 14377 108 96921
114 12702 14597 55 69301
115 13124 17123 4 6172
116 13259 14973 34 34665
117 13283 14048 7 5043
118 13436 15538 54 48844
119 13491 16960 8 46140
120 13497 14257 7 4404
121 13524 15638 49 119419
122 13560 13606 131 2202
123 13624 14198 37 17801
124 13657 13822 63 19500
125 13675 14064 112 17863
126 13701 13762 19 454
127 14010 15317 6 1619
128 14051 14452 100 21639
129 14155 15655 44 24532
130 14338 20040 18 36403
131 14352 16293 9 5300
132 14578 14730 44 8177
133 14674 15468 138 104927
134 14721 17946 11 10720
135 14872 17383 96 135777
136 14967 15875 8 7372
137 15167 17217 10 8576
138 15204 17657 62 35414
139 15285 17873 45 63505
140 15326 17261 32 32529
141 15334 18911 87 164096
142 15344 19121 66 94222
143 15347 19290 52 49475
144 15441 16001 10 10273
145 15811 17238 15 9961
146 15966 16223 42 3830
147 16022 22201 16 47278
148 16144 17540 47 43817
149 16156 18453 7 5553
150 16208 17316 33 28919
151 16222 18023 69 37872
152 16240 16504 9 1440
153 16427 16444 19 174
154 16501 19457 130 215145
155 16562 17265 97 44222
156 16762 20365 108 274253
157 16939 17071 27 2231
158 17014 19056 10 20029
159 17107 17559 72 12703
160 17159 20890 61 193616
161 17213 17939 5 1826
162 17225 18984 149 95784
163 17247 22676 45 47284
164 17454 21419 130 224439
165 17493 17962 42 4681
166 17638 21792 80 263440
167 17677 20638 13 10984
168 17714 19671 111 87715
169 17832 19117 105 69597
170 17841 26387 78 343587
171 17952 19000 120 105006
172 17996 27240 16 64222
173 18193 18833 10 5621
174 18215 19343 17 42109
175 18285 23007 39 76157
176 18295 19829 53 33232
177 18299 18778 60 35228
178 18415 20514 34 68861
179 18661 20290 25 9298
180 18692 19816 5 8450
181 18695 22635 22 42221
182 18740 19667 99 33211
183 18862 19486 73 93160
184 19097 20102 42 28816
185 19149 19186 117 11439
186 19197 22240 95 119447
187 19215 20450 6 4793
188 19388 20264 19 3265
189 19497 21360 32 8862
190 19545 22785 35 46866
191 19638 20538 92 57201
192 19744 20011 46 16408
193 19919 21455 36 29468
194 19974 23248 103 120462
195 20050 21125 21 11557
196 20099 22302 89 135911
197 20119 21370 41 5965
198 20212 20376 113 9702
199 20542 20804 83 9291
200 20750 23891 127 347250
201 20970 24793 7 24176
202 21404 22015 42 11770
203 21429 24455 5 6700
204 21687 29783 55 133548
205 21771 22804 89 25417
206 21845 22756 38 5670
207 21942 22586 31 10220
208 22174 23796 142 44366
209 22237 24895 27 20459
210 22309 24084 122 201592
211 22458 26820 37 44935
212 22468 25219 43 111743
213 22484 23568 65 59097
214 22564 26148 28 16878
215 22628 24501 104 145321
216 22647 29105 4 12281
217 22734 23255 64 28674
218 22846 24611 97 117278
219 22983 28292 7 20522
220 23029 25859 97 135854
221 23066 23781 19 4075
222 23168 25465 8 6448
223 23189 24311 95 25950
224 23237 29713 14 13056
225 23390 23652 104 14694
226 23416 24453 6 3953
227 23504 25217 122 46971
228 23544 26568 11 22607
229 23616 26095 10 12452
230 23730 27642 81 203887
231 23757 27644 55 50779
232 23982 25279 95 57391
233 23999 26535 69 52317
234 24107 30438 15 31119
235 24178 24576 81 39090
236 24324 26474 59 145193
237 24473 24709 77 14075
238 24536 29937 45 86546
239 24543 25926 22 4637
240 24720 26159 25 27946
241 24727 29965 95 218739
242 24874 39142 78 879896
243 24933 25379 8 2122
244 24970 27154 84 95902
245 24983 25661 51 18923
246 25181 29172 15 19580
247 25288 25899 73 59662
248 25339 26373 15 12300
249 25478 28934 19 27157
250 25581 25888 47 8830
251 25584 26187 80 38335
252 25680 26413 16 4267
253 25767 28883 77 73839
254 26023 29004 35 38945
255 26085 27868 63 39774
256 26094 26272 4 527
257 26106 26643 21 5969
258 26119 29478 101 111767
259 26121 26322 47 4081
260 26173 26862 7 3994
261 26239 32294 54 202928
262 26346 27140 15 10526
263 26473 27106 112 18171
264 26572 28222 7 5414
265 26616 28156 127 46489
266 26669 29076 98 83229
267 26677 26687 6 41
268 26740 26970 74 7818
269 26775 29388 9 1952
270 26789 26856 130 5753
271 26797 28185 63 40674
272 26807 35043 14 36811
273 26832 27092 30 4858
274 26878 31585 13 28092
275 26933 27796 41 30417
276 27166 27820 56 5787
277 27344 30962 109 663080
278 27478 28386 35 22774
279 27617 31551 19 94496
280 27720 30513 135 319907
281 27779 33430 72 449352
282 27867 29243 76 70967
283 27945 28105 131 15305
284 28027 34482 6 17773
285 28095 31050 136 346559
286 28119 28623 12 6992
287 28256 29161 44 18365
288 28308 30829 10 42028
289 28416 30157 84 43527
290 28492 30567 35 64145
291 28507 28588 97 4257
292 28511 28986 100 35015
293 28738 32420 61 126722
294 28760 29909 55 38803
295 28769 33321 40 85903
296 29155 32813 12 47770
297 29193 29637 77 14749
298 29274 29393 74 6720
299 29280 37040 59 198959
300 29360 32920 75 51509
301 29401 31109 26 12305
302 29653 32483 34 80115
303 29662 31246 90 61018
304 29777 30626 92 48285
305 29794 30126 110 25418
306 29834 35250 10 13155
307 30017 36194 116 618329
308 30166 30322 4 169
309 30200 31755 139 179613
310 30242 31830 146 129571
311 30296 32117 14 32614
312 30318 31387 67 46753
313 30557 38479 14 33524
314 30661 37703 98 204610
315 31005 34168 112 327462
316 31052 31278 24 5587
317 31210 32583 23 11317
318 31227 31889 5 1478
319 31242 31330 11 691
320 31297 32012 6 2254
321 31398 31988 22 10484
322 31405 31883 14 4273
323 31417 32847 136 102538
324 31469 35210 106 208505
325 31485 31799 33 4162
326 31499 36646 20 64026
327 31553 34349 64 60252
328 31857 32241 13 3087
329 31891 32502 48 14273
330 31975 36436 42 131783
331 32112 32446 118 13237
332 32177 38168 129 305348
333 32187 33831 105 129179
334 32237 34548 61 56460
335 32257 34389 118 216056
336 32358 34803 36 27961
337 32365 36976 4 5418
338 32383 33308 100 51290
339 32552 33018 47 12075
340 32617 32918 48 5429
341 32640 33023 86 35926
342 32773 35158 128 93547
343 32899 35565 25 12787
344 32919 33539 8 2694
345 32969 35257 110 77974
346 33084 34096 67 42894
347 33135 40423 111 443108
348 33284 33715 129 50839
349 33341 40263 86 588846
350 33551 35019 108 38688
351 33619 36534 68 91024
352 33894 33997 14 356
353 34015 35489 37 32467
354 34061 36753 130 106749
355 34199 35795 95 118687
356 34412 35340 70 31448
357 34427 38882 120 551745
358 34566 35743 36 27269
359 35047 35555 67 11369
360 35277 39230 92 165873
361 35307 35533 32 9226
362 35444 41133 94 417362
363 35482 38889 43 54163
364 35573 46166 92 828682
365 35576 37079 6 1614
366 35577 38443 75 79497
367 35579 37049 58 26336
368 35599 37938 19 14985
369 35798 39967 41 34530
370 35838 38491 134 51030
371 35846 38652 43 105905
372 35890 38560 145 358241
373 35942 42905 78 159664
374 36262 38363 8 4089
375 36353 36384 94 2118
376 36465 38284 63 28301
377 36472 37592 75 12392
378 36478 36701 16 2904
379 36577 38645 7 9070
380 36685 40805 104 241084
381 36693 36872 24 2092
382 36717 39881 57 167170
383 36743 38365 120 56767
384 36870 40538 141 230396
385 36923 48898 19 145546
386 36926 41063 23 29513
387 36929 37115 65 17127
388 36960 37360 30 10579
389 37041 38422 17 7675
390 37094 40279 97 276998
391 37214 37220 147 1259
392 37362 38046 55 12016
393 37365 39356 21 33231
394 37398 39015 24 13290
395 37642 43872 95 371171
396 37713 42092 81 146567
397 37775 43619 132 296267
398 37854 39010 60 25862
399 37864 41591 94 266970
400 38174 39739 14 4911
401 38213 40276 24 21693
402 38237 38786 4 5131
403 38366 42578 63 345675
404 38416 45129 90 147331
405 38455 41247 5 6466
406 38471 38651 38 5882
407 38490 39923 14 18876
408 38497 39000 35 12881
409 39005 41076 39 52686
410 39147 45484 62 222946
411 39330 41077 60 64302
412 39523 43050 7 22126
413 39613 42044 8 12969
414 39696 42343 125 194659
415 39782 44358 68 309778
416 39809 42656 104 433981
417 39904 43351 11 17276
418 39929 39971 108 3324
419 40453 41545 132 49518
420 40559 41758 12 8269
421 40584 41500 103 29370
422 40635 43353 114 115148
423 40734 41887 17 16623
424 40942 43075 57 78190
425 41035 52329 59 419834
426 41211 42741 50 32768
427 41256 45240 55 44344
428 41318 42273 76 117753
429 41367 45117 109 96581
430 41553 46397 10 10119
431 41737 42158 41 8557
432 41919 42302 139 37571
433 42055 44072 25 44215
434 42181 44133 138 204403
435 42363 44637 15 40436
436 42701 43825 37 35621
437 42772 43588 141 82758
438 42840 43164 36 6487
439 42859 43564 49 19040
440 43070 43867 80 22741
441 43237 47463 71 98783
442 43339 44119 10 2765
443 43375 44536 17 15036
444 43559 43732 128 9280
445 43567 62082 96 503094
446 43572 48804 58 290540
447 43612 49913 100 186449
448 43691 44819 5 2997
449 43842 46107 10 23130
450 43864 46280 115 100011
451 43868 52642 98 464426
452 44018 45257 10 3858
453 44054 44753 121 18683
454 44143 46326 10 18195
455 44282 44685 112 10184
456 44352 49025 92 228815
457 44370 45471 57 42792
458 44405 45302 143 103582
459 44477 46282 36 14663
460 44486 46354 95 100745
461 44653 46306 54 87104
462 44767 46963 32 51373
463 44841 47953 135 338275
464 44934 46984 11 9312
465 45001 45037 86 5240
466 45010 45523 39 9865
467 45014 47563 69 73177
468 45061 53425 15 133794
469 45326 48443 48 29322
470 45367 48338 135 135862
471 45430 47098 86 104710
472 45629 47380 114 135638
473 45848 48802 6 5666
474 45892 47282 65 103673
475 45920 46731 59 48823
476 45999 46394 120 29687
477 46264 46773 110 7671
478 46336 49828 27 51095
479 46533 46727 110 10344
480 46573 47131 37 16532
481 46586 46738 8 798
482 46789 48473 130 99832
483 46930 47319 37 7184
484 47010 57699 5 14712
485 47140 52825 15 12788
486 47178 48464 79 22918
487 47225 51713 4 3486
488 47264 57368 5 41926
489 47440 60400 141 397178
490 47553 47853 5 3328
491 47696 48502 42 22580
492 47722 50172 6 4541
493 47787 48172 56 31326
494 47886 50677 6 25011
495 48085 49015 84 57345
496 48238 48610 10 2432
497 48252 49186 13 5796
498 48418 51438 85 115744
499 48467 50803 8 16176
500 48511 51243 81 114905
501 48643 53155 19 89362
502 48736 50920 129 137765
503 48799 49745 24 7484
504 48905 50886 137 291712
505 49108 51862 14 38385
506 49116 49602 136 48012
507 49189 50136 32 12171
508 49215 50516 54 88857
509 49247 50258 80 49831
510 49260 49679 19 2535
511 49465 51863 13 13274
512 49539 51852 21 14527
513 49552 49833 33 7621
514 49632 49955 6 948
515 49675 50724 13 6130
516 49677 50254 8 3177
517 49798 52517 93 41804
518 49954 50521 46 8936
519 50098 53750 73 110572
520 50170 54735 53 70303
521 50209 54171 51 87082
522 50229 52035 40 28060
523 50440 56171 84 129638
524 50474 51091 12 7754
525 50542 51811 100 68760
526 50569 56817 57 246595
527 50640 60588 38 264321
528 50996 51572 9 5629
529 51319 54309 146 289328
530 51426 52164 126 65307
531 51447 55467 77 102596
532 51487 54280 105 130125
533 51493 52746 135 140474
534 51517 54961 22 17827
535 51532 52779 72 24014
536 51727 52547 71 105130
537 51770 54642 86 74747
538 51818 54437 7 8104
539 51884 54511 86 253094
540 52020 57842 80 726969
541 52066 52349 91 13270
542 52121 53002 137 30669
543 52146 53777 95 52341
544 52281 52754 8 2350
545 52572 53956 34 19211
546 52586 56273 18 22349
547 52623 53534 129 52174
548 52703 60617 90 118696
549 52718 61587 115 398370
550 52833 54548 31 32787
551 52867 55701 145 116123
552 52912 55015 70 36000
553 52934 53290 27 3916
554 53011 57336 85 412603
555 53081 53590 45 4913
556 53146 53575 94 20089
557 53225 57481 116 94132
558 53257 54494 16 7220
559 53409 55432 80 43967
560 53456 54186 25 7891
561 53634 60269 131 1071973
562 53718 54252 4 735
563 53968 66929 23 202195
564 54147 56129 5 16835
565 54161 55154 137 62388
566 54165 56952 6 3466
567 54193 58186 27 60462
568 54232 56907 62 39528
569 54293 55780 50 22901
570 54460 56334 136 273730
571 54557 54902 25 1761
572 54664 59095 49 38905
573 54677 59203 49 81571
574 54732 55957 18 8896
575 54734 55608 87 32394
576 54819 57083 58 141904
577 54821 58360 21 17088
578 55098 57686 13 23626
579 55178 56294 120 40940
580 55371 56874 8 2698
581 55381 64064 112 841099
582 55607 59622 128 264430
583 55689 58620 51 38800
584 55903 59160 14 20980
585 55907 57635 76 31651
586 56047 56468 138 13380
587 56147 60915 38 127999
588 56175 67499 5 15535
589 56345 56701 35 12231
590 56400 56550 17 1889
591 56628 57918 26 13004
592 56718 61053 16 16687
593 56950 62213 10 9797
594 57214 65608 18 21832
595 57221 58910 10 6468
596 57313 58016 9 8221
597 57589 58209 12 11603
598 57693 60180 17 41678
599 57815 58241 5 757
600 57995 58839 17 14064
601 58123 59937 61 69810
602 58217 63010 101 136355
603 58497 60881 36 66852
604 58610 61030 22 34196
605 58643 59173 82 13871
606 58767 58941 70 3176
607 58783 60188 88 153298
608 58836 59128 57 8648
609 59008 59185 22 994
610 59065 64901 97 126662
611 59094 62234 18 11948
612 59251 61753 49 11914
613 59369 60209 37 36661
614 59379 60044 77 47609
615 59424 62882 137 186918
616 59586 60874 11 6649
617 59673 62534 12 30778
618 59685 61936 16 10140
619 59887 61072 15 10224
620 59953 65043 14 38821
621 60045 61250 12 6584
622 60202 76101 66 451565
623 60216 62630 20 12360
624 60235 65093 141 229636
625 60260 62988 31 159062
626 60313 61915 73 104292
627 60495 61632 7 2152
628 60590 61027 137 11456
629 60748 62838 7 3206
630 60960 61860 47 12439
631 60977 62500 63 54363
632 60982 61508 17 1130
633 61015 61178 79 24144
634 61289 62090 57 22942
635 61497 63702 68 85855
636 61499 62427 123 27695
637 61504 61997 31 18475
638 61536 62768 35 12404
639 61572 67319 147 307479
640 61588 61887 136 17522
641 61762 62370 7 3077
642 61913 65158 111 100541
643 61994 64371 71 50519
644 62257 64040 136 60364
645 62279 64095 127 299962
646 62377 64786 9 15362
647 62580 63266 11 4770
648 62868 68363 104 96995
649 63091 67783 103 259864
650 63175 66015 21 25327
651 63198 66767 6 10248
652 63377 63451 4 216
653 63498 63693 66 5099
654 63504 64718 11 8314
655 63695 64934 111 84211
656 63740 64467 99 47588
657 63829 63992 19 2573
658 64114 66974 109 92877
659 64182 73272 136 336742
660 64713 67102 50 43979
661 64757 64790 13 196
662 64775 64980 11 1019
663 64831 66830 73 28932
664 64858 70105 36 41997
665 64958 74739 70 208463
666 65291 74469 120 291981
667 65361 67273 109 111899
668 65405 69793 132 179925
669 65614 68557 32 44836
670 65689 67017 44 22625
671 65706 70414 6 31529
672 65924 67105 18 3458
673 65948 66190 5 703
674 66058 72219 126 571912
675 66070 68988 31 85183
676 66247 67895 78 49339
677 66289 68199 105 19135
678 66338 68211 8 5118
679 66466 73416 77 241918
680 66605 69533 17 23342
681 66628 67966 106 100959
682 66855 73519 45 82371
683 67060 70078 86 75487
684 67336 69082 26 15656
685 67416 70230 37 70166
686 67485 69355 46 45206
687 67538 68178 59 34804
688 67561 71104 27 12022
689 67667 68630 84 16779
690 67765 77218 67 455602
691 67881 68678 73 17264
692 67944 69206 4 950
693 68067 70328 104 110743
694 68196 69993 117 99335
695 68388 70349 43 63391
696 68495 68918 97 30638
697 68675 69671 70 36624
698 68766 79014 31 215337
699 68787 69025 10 1922
700 68856 71536 17 42728
701 68902 68957 112 3312
702 68926 69044 136 5486
703 69050 71609 115 205232
704 69112 74549 22 49056
705 69130 69334 17 855
706 69153 70528 6 3427
707 69195 74430 108 64616
708 69209 71257 21 8468
709 69277 72756 12 33203
710 69359 75569 12 39026
711 69403 70190 8 3276
712 69569 70868 144 78170
713 69701 73427 10 16988
714 69736 72834 94 103846
715 69820 70912 21 8049
716 70313 76031 137 439304
717 70337 70820 51 24028
718 70357 71121 36 14610
719 70511 70727 30 2966
720 70530 75970 110 370457
721 70543 70739 11 824
722 70555 72209 63 34721
723 70664 75099 6 11180
724 70748 70964 149 18822
725 70839 72193 46 13826
726 70967 75272 14 23827
727 71171 71862 41 12049
728 71348 76600 74 294168
729 71475 75221 148 258709
730 71520 74659 119 199604
731 71614 79659 14 49077
732 71672 71880 47 10928
733 71681 74571 26 37271
734 71951 81176 7 11793
735 71982 74162 93 63454
736 72413 74995 135 152612
737 72438 73761 141 49593
738 72549 72945 38 8392
739 72556 75969 37 95170
740 72588 75379 6 7437
741 72681 74858 107 126672
742 72687 72731 99 5703
743 72693 72734 65 1882
744 72708 73660 144 78587
745 72898 75601 54 19877
746 72922 82932 100 687744
747 72971 74790 35 12804
748 73133 73222 70 3565
749 73166 80334 54 207233
750 73176 74415 66 35895
751 73197 74355 109 34959
752 73325 73512 139 10859
753 73606 76907 105 117440
754 73710 74906 54 38607
755 73746 76297 52 52532
756 74072 75833 6 7683
757 74139 75898 27 24600
758 74212 74897 21 5595
759 74304 75831 69 57343
760 74351 77880 15 45360
761 74352 80163 6 10441
762 74371 76117 40 41204
763 74447 75706 29 17537
764 74578 77311 70 96344
765 74689 80620 22 37679
766 74735 78814 12 32590
767 75023 85417 52 216300
768 75105 75566 25 3033
769 75228 78527 90 255541
770 75273 95708 59 249189
771 75276 76568 8 16588
772 75293 76565 18 28703
773 75333 76123 60 10699
774 75413 76040 9 6329
775 75448 75774 64 4525
776 75575 79003 136 276853
777 75578 77968 10 11997
778 75611 76704 18 5420
779 75644 77274 77 75523
780 75655 76368 19 6433
781 75673 77314 124 205741
782 75720 75871 103 6856
783 75729 77058 42 13523
784 75732 76217 19 6603
785 75794 77595 7 4442
786 75817 77360 101 52216
787 75925 76393 75 19800
788 76130 79972 117 198392
789 76141 79684 20 19927
790 76164 76666 32 9878
791 76318 76905 24 13185
792 76413 82037 127 301566
793 76443 86056 116 618235
794 76573 76834 28 3808
795 76761 79384 125 260918
796 77114 81446 29 36033
797 77134 77909 23 13888
798 77265 79607 32 50316
799 77341 78084 52 13978
800 77592 80166 18 32361
801 77641 79825 107 104361
802 77856 81619 66 56502
803 77885 79830 34 23971
804 77965 78809 23 4704
805 78207 80066 120 149802
806 78321 79173 106 48802
807 78389 78420 72 1906
808 78407 81186 121 163539
809 78439 79492 15 3844
810 78499 85681 47 88387
811 78577 78803 7 1113
812 78651 79639 22 5283
813 78949 82389 11 57285
814 78969 80011 5 6127
815 79124 79720 5 1404
816 79161 79365 108 10775
817 79266 87286 79 161899
818 79324 81911 41 97564
819 79341 79616 35 2411
820 79370 84239 11 33878
821 79404 80782 24 16190
822 79471 81472 113 77943
823 79503 81617 102 151587
824 79742 80027 8 912
825 79749 80178 51 11462
826 79812 81279 8 12325
827 79991 84371 83 72327
828 80014 81064 63 38484
829 80024 87706 37 111461
830 80103 85919 5 4748
831 80305 83992 12 45850
832 80325 82977 123 185818
833 80353 82381 103 56672
834 80373 82009 133 99719
835 80446 81767 16 9333
836 80469 80938 21 3766
837 80639 80675 5 237
838 80651 81208 47 22962
839 80921 81624 20 8727
840 81019 81106 77 2951
841 81055 84668 10 13211
842 81122 84264 10 11548
843 81164 85957 17 25156
844 81178 83416 33 38416
845 81196 93007 18 36117
846 81354 84989 29 44601
847 81358 89284 4 10000
848 81594 81771 133 13187
849 81701 82573 38 16530
850 81742 81788 8 268
851 81744 86507 80 62925
852 81857 83057 55 28677
853 81870 82005 128 12201
854 82003 85444 19 37194
855 82142 85728 45 45194
856 82218 83613 50 41893
857 82466 85992 38 171176
858 82554 84796 99 96684
859 82572 83752 66 22464
860 82735 86914 150 202723
861 82846 84461 88 29348
862 82997 84694 121 198460
863 83009 83027 6 12
864 83019 84745 4 3759
865 83051 83979 4 3197
866 83091 86525 116 114047
867 83304 83691 84 10448
868 83351 85197 54 74845
869 83388 94842 70 471826
870 83423 90223 93 172259
871 83430 89191 25 81180
872 83781 86106 97 99584
873 83838 91347 23 50371
874 83942 98146 103 463091
875 83947 84693 58 60509
876 84003 87334 9 10257
877 84036 84094 6 135
878 84217 84332 4 409
879 84297 87076 39 74694
880 84552 89025 122 322274
881 84624 85488 7 2386
882 84769 88021 110 118274
883 84802 84983 44 13297
884 84907 89878 20 61589
885 84913 90033 131 214509
886 85211 86814 45 15610
887 85491 86478 126 44707
888 85714 86950 81 66837
889 85864 98516 39 393269
890 86226 86782 57 8951
891 86475 90930 22 47985
892 86503 87836 80 60233
893 86509 87306 123 42420
894 86861 88709 34 46341
895 86933 93257 15 68456
896 87092 88525 7 3556
897 87683 87881 48 4182
898 87691 88629 86 30764
899 87695 89587 73 92170
900 87747 88435 132 32539
901 87781 87828 71 2572
902 87845 88803 124 117726
903 87859 88961 99 102054
904 87898 88588 110 27331
905 88456 92167 88 83184
906 88492 93743 55 192534
907 88596 94252 4 17030
908 88907 90924 17 20225
909 89035 89245 13 2245
910 89054 89718 93 59804
911 89065 89723 6 892
912 89179 91182 5 1925
913 89181 94324 10 18649
914 89194 89476 132 27358
915 89323 92945 20 25330
916 89333 91373 145 50305
917 89349 95679 20 74909
918 89436 93436 8 15695
919 89464 92007 7 2519
920 89532 92862 86 97104
921 89599 90561 4 1436
922 89638 89653 7 145
923 89737 94514 28 38137
924 89749 94070 132 343416
925 89784 89820 54 1903
926 90049 90066 63 538
927 90544 93117 49 146460
928 90594 93091 103 90203
929 91172 93924 17 12567
930 91200 93288 70 40829
931 91342 93256 28 26493
932 91395 95744 12 30238
933 91458 93218 144 169098
934 91778 97202 6 7831
935 91783 92299 44 19785
936 91952 92450 89 16432
937 92026 92209 102 19050
938 92127 94578 7 11792
939 92158 93029 100 70417
940 92187 92556 5 968
941 92211 95503 46 56334
942 92348 93661 11 3941
943 92417 93552 99 37205
944 92441 95480 14 31801
945 92507 94583 130 44584
946 92522 94461 5 2085
947 92592 93602 46 11933
948 92600 97460 56 272908
949 92639 96873 5 15113
950 92796 93808 112 54423
951 92877 93215 132 10767
952 92887 97537 9 25772
953 92895 97437 87 280293
954 93059 98244 16 24625
955 93082 95211 46 162464
956 93148 99109 22 32121
957 93158 95678 9 13814
958 93385 94519 7 3546
959 93619 98275 25 35519
960 93629 94509 9 3335
961 93708 94841 48 22544
962 93982 95243 9 2822
963 94054 98965 149 263088
964 94255 94608 9 1247
965 94355 95913 90 45781
966 94502 94926 129 35385
967 94525 97442 15 65754
968 94720 98208 59 137288
969 94811 95702 109 43584
970 94834 97748 141 366292
971 94943 98143 71 79004
972 94985 95065 64 6982
973 95261 95944 119 43163
974 95266 96165 27 48777
975 95380 97872 95 185034
976 95411 99393 17 26363
977 95446 97532 135 294662
978 95455 98645 58 69642
979 95686 98375 24 126849
980 95720 96436 118 16909
981 95750 96681 120 41998
982 95754 95899 12 464
983 95755 98888 27 136081
984 95816 95945 60 3501
985 95910 96023 125 8680
986 95953 97571 115 106654
987 95975 96722 21 19405
988 96161 96810 11 2246
989 96417 97108 10 6010
990 96788 96827 45 1330
991 97672 99056 132 137609
992 98353 99178 30 8021
993 98439 99162 96 67578
994 98785 99494 14 3121
995 98899 99029 34 3314
996 98904 99836 99 63337
997 99236 99394 39 3535
998 99404 99427 91 2374
999 99624 99645 116 2318
