50 1000 0.031
..................................................
..................................................
..................................................
..................................................
..................................................
..................................................
..................................................
..................................................
..................................................
..................................................
..................................................
..................................................
..................................................
..................................................
..................................................
..................................................
..................................................
..................................................
..................................................
..................................................
..................................................
..................................................
......#....#......................................
......#..#####....................................
....#########.....................................
....#..######.....................................
.......#######....................................
......#######.....................................
......#######.....................................
......##.#........................................
.......#.#.....................#..................
..............................###.................
..........................#...#.##................
..........................#.###.##................
..........................#######.................
...........................#####..................
..............................###.................
..............................##...#..............
...................................#..............
...................................##.............
...................................##.............
..................................####............
..................................######..........
......................................#####.......
......................................#...........
..................................................
..................................................
..................................................
..................................................
..................................................
0 91 2919 5 1598
1 145 5116 66 116029
2 154 935 80 17429
3 165 3873 63 51414
4 327 467 62 9011
5 743 2743 42 41111
6 808 10335 22 80347
7 896 1362 22 5754
8 1098 1166 9 355
9 1137 2251 15 4867
10 1201 1308 24 2074
11 1282 3447 70 26000
12 1380 4549 40 74647
13 1524 1958 63 16718
14 1612 2538 18 9764
15 1643 2971 45 37464
16 1712 3798 33 45163
17 1841 5818 33 43832
18 1902 4274 94 107450
19 2134 2202 125 2091
20 2247 4464 7 12962
21 2320 3020 52 19594
22 2324 3511 39 12434
23 2457 5092 28 33740
24 2563 3494 54 23542
25 2618 2730 113 16487
26 2624 3193 17 4971
27 2960 6705 9 23582
28 3081 3823 27 16671
29 3201 4611 65 31473
30 3202 8476 7 5731
31 3348 7964 33 34920
32 3771 4118 121 26084
33 3934 5680 29 26143
34 4094 6014 92 37018
35 4472 8963 51 97051
36 4609 5154 9 5979
37 4822 8379 53 32514
38 5177 7831 7 8570
39 5399 8327 78 116732
40 5409 5677 20 5668
41 5475 9546 13 11782
42 5627 5777 7 473
43 5673 6588 64 57911
44 5705 6849 40 24131
45 5845 8311 17 8299
46 5846 6436 6 1545
47 5883 6417 12 1356
48 5889 6577 68 32872
49 5906 9414 25 75153
50 5935 7544 23 14472
51 5944 6744 76 69337
52 6284 11044 105 313038
53 6435 10331 8 11006
54 6769 7359 41 7289
55 6776 15212 130 508149
56 6851 9885 14 20606
57 6880 7319 139 20097
58 6949 9345 29 25452
59 7025 12830 107 278670
60 7220 7277 17 358
61 7390 9091 13 13440
62 7498 7596 53 1965
63 7521 12143 11 85383
64 7708 8574 92 33452
65 7877 8153 34 3452
66 7906 7931 63 2477
67 8078 11779 88 199779
68 8164 11827 44 104266
69 8226 8615 24 29006
70 8297 9749 66 27377
71 8319 12960 36 159608
72 8349 8393 54 562
73 8458 11681 76 50149
74 8751 10228 31 20399
75 8767 10279 52 60612
76 8866 9501 61 11431
77 8890 9788 89 43056
78 8903 11208 25 55924
79 8972 14169 48 110793
80 9089 11032 19 18738
81 9163 11157 102 43335
82 9187 9475 20 3359
83 9293 12278 95 294811
84 9469 11918 26 31304
85 9586 9634 44 1175
86 9740 11317 52 45124
87 9907 12774 18 15253
88 9913 16387 53 188430
89 9928 11298 75 85425
90 10095 10249 94 9312
91 10096 14492 40 91641
92 10318 12767 59 34611
93 10734 11722 78 50606
94 10829 12321 41 17774
95 11050 11288 81 5754
96 11115 12180 118 37946
97 11141 11218 92 5579
98 11195 13571 36 31230
99 11196 16768 106 202887
100 11466 16661 99 352178
101 11521 11857 30 7677
102 11745 14933 132 445551
103 11831 18470 89 117848
104 12226 13889 17 5103
105 12455 19838 112 614231
106 12715 14558 34 50699
107 12860 12974 64 2097
108 13049 13536 10 5069
109 13183 13849 46 17301
110 13223 14165 31 11939
111 13444 13581 136 23109
112 13529 15430 8 7953
113 13543 15523 139 137300
114 13607 14585 74 33972
115 13733 16274 5 2150
116 13780 14857 113 44468
117 13881 18026 68 139991
118 13963 14282 109 11159
119 14096 14234 43 5685
120 14118 19180 57 224353
121 14178 14587 118 23865
122 14225 14910 104 26517
123 14242 18085 27 47084
124 14287 17479 13 10038
125 14487 15607 38 20926
126 14616 14628 13 159
127 14632 16181 76 131543
128 14728 14906 94 34966
129 14799 15153 144 25162
130 14838 16604 8 9577
131 14923 16145 5 2321
132 14939 17779 63 64715
133 15108 18895 113 990682
134 15257 18491 54 47620
135 15259 16427 98 36830
136 15268 16440 22 14576
137 15277 15757 99 35280
138 15283 16164 96 43291
139 15293 22219 51 218073
140 15414 17464 139 130101
141 15441 16814 46 43200
142 15495 18687 114 212678
143 15528 16598 5 2224
144 15753 17671 141 112654
145 15850 15895 74 2737
146 15903 16373 39 6816
147 15964 16662 29 25614
148 16035 20985 147 231560
149 16267 16744 63 22665
150 16358 19997 48 123667
151 16381 17975 24 21100
152 16385 22017 20 43752
153 16441 16530 103 10431
154 16565 17410 12 8875
155 16594 16918 9 1591
156 16632 18078 112 39043
157 16712 21406 86 306679
158 16754 19630 55 59481
159 16871 22215 108 375076
160 16930 17569 96 15151
161 17044 17859 31 9697
162 17047 18412 26 22085
163 17049 18152 92 63532
164 17124 19291 8 7527
165 17153 29273 146 1146271
166 17194 18173 76 41462
167 17490 17597 20 1903
168 17715 18346 12 2102
169 17756 19924 17 23006
170 17842 18855 66 54742
171 18055 18451 5 6403
172 18071 18421 123 13059
173 18159 18760 110 66801
174 18162 19231 90 69432
175 18257 18380 28 2770
176 18314 18941 84 19678
177 18344 19384 82 49897
178 18571 22858 24 107256
179 18929 19117 16 3259
180 19042 19239 36 5786
181 19071 19314 45 5012
182 19141 21838 148 109859
183 19200 19593 18 1448
184 19295 29691 19 71208
185 19350 22317 13 29107
186 19368 19652 31 2902
187 19374 19470 29 906
188 19460 24022 37 98535
189 19724 21477 37 37345
190 19771 28822 69 282048
191 19778 22704 16 43310
192 19781 20749 46 15243
193 20157 21496 15 35684
194 20192 20396 134 5970
195 20300 20653 64 9941
196 20304 25231 80 120344
197 20355 24238 7 13333
198 20370 23559 110 320104
199 20541 22659 63 57342
200 20714 24017 11 30501
201 20734 21525 39 13312
202 21179 22316 51 43502
203 21433 21443 137 640
204 21449 24584 104 160926
205 21470 23942 81 164640
206 21518 23219 78 25479
207 21529 22970 85 57555
208 21649 23887 68 41420
209 21810 27113 6 25213
210 21841 28990 7 31551
211 21872 24112 5 8935
212 21899 23107 4 4299
213 21932 23306 13 6090
214 22021 22866 27 16228
215 22041 24876 17 22521
216 22185 28786 72 245280
217 22234 22907 73 22013
218 22268 22855 8 1082
219 22361 27887 17 25077
220 22418 24649 21 10368
221 22507 29146 11 51265
222 22559 24824 64 317447
223 22727 22943 9 799
224 22736 22832 117 12384
225 22760 23267 90 25380
226 22861 27052 73 435914
227 23014 26510 4 9073
228 23243 23597 52 3321
229 23262 25987 28 42340
230 23653 31692 19 55412
231 23804 24227 59 7765
232 23964 25422 17 15669
233 24102 33312 72 94610
234 24137 26599 118 254873
235 24306 25002 126 51097
236 24324 26175 6 3270
237 24328 25436 10 4727
238 24368 25484 132 153289
239 24485 24878 13 4022
240 24496 25279 14 9688
241 24575 24923 58 8065
242 24698 24914 45 5573
243 24741 24799 14 702
244 24785 24835 10 318
245 24904 26449 99 176403
246 24922 26166 9 4201
247 24938 25572 10 5998
248 25094 25121 143 1140
249 25133 26497 68 61554
250 25212 26151 4 2535
251 25237 31726 5 21269
252 25544 26832 47 16566
253 25545 26144 149 30511
254 25576 27511 92 35541
255 25927 27538 13 14391
256 25977 28204 25 55270
257 26034 30356 43 106413
258 26155 31548 7 13999
259 26189 29490 82 138025
260 26225 27546 11 6953
261 26268 28666 6 4136
262 26322 27685 14 3222
263 26384 31806 19 44832
264 26389 27404 54 27864
265 26618 28577 6 3342
266 26775 28296 20 19665
267 26881 28273 118 61184
268 26937 28495 94 40123
269 26989 29666 7 4686
270 27074 27279 130 13022
271 27122 30701 12 18875
272 27261 27998 26 8866
273 27330 28398 12 5641
274 27339 28242 5 3986
275 27458 31610 106 132500
276 27512 29473 129 154731
277 27933 29508 136 327037
278 27939 29875 76 136977
279 28157 32199 77 53389
280 28219 29204 105 80602
281 28332 29353 23 15823
282 28613 29321 39 10333
283 28663 31687 90 191078
284 28686 28937 6 343
285 28738 28926 108 8473
286 28740 30118 8 5077
287 28767 28958 11 1456
288 29025 35671 19 54114
289 29074 31122 6 4080
290 29093 35332 59 64736
291 29139 29528 27 9146
292 29180 29466 51 17358
293 29200 30746 76 99273
294 29234 29335 83 4775
295 29456 32440 78 123133
296 29640 30211 27 8031
297 29715 33070 87 149127
298 29727 33998 10 12800
299 29995 30245 53 3650
300 30015 31735 62 50469
301 30058 32552 78 173932
302 30062 31288 6 3773
303 30090 30288 15 1189
304 30110 33177 27 48917
305 30170 36043 8 20368
306 30188 30327 12 1070
307 30204 32434 88 389379
308 30261 31564 105 79884
309 30382 33173 32 90970
310 30434 32146 72 127397
311 30511 31990 59 37675
312 30844 33469 56 94101
313 30930 32244 72 60811
314 30981 34402 145 617099
315 31213 31391 55 4268
316 31354 37479 8 5948
317 31392 33104 13 13285
318 31447 35018 39 62523
319 31457 31655 15 2029
320 31475 32738 36 34005
321 31780 33892 76 78260
322 31786 35689 118 311408
323 31792 33757 129 362953
324 31908 34989 129 59721
325 31922 34419 63 59743
326 32015 32343 67 6838
327 32070 35970 91 502731
328 32161 33554 19 5740
329 32168 32195 19 72
330 32205 35088 48 100182
331 32252 32897 134 30321
332 32306 33201 11 3023
333 32318 33836 51 19747
334 32345 37668 16 75759
335 32513 33202 53 17386
336 32802 33387 142 81247
337 32928 34103 132 134372
338 32982 33510 6 580
339 32995 38005 17 40840
340 33127 33224 119 12699
341 33153 38280 58 237637
342 33200 34196 13 6306
343 33293 34558 85 19508
344 33304 35930 146 262501
345 33428 34365 68 11127
346 33451 33640 117 6849
347 33542 41009 94 316330
348 33623 39163 100 294364
349 33846 40720 45 166648
350 33905 35179 47 10676
351 33994 34238 103 21020
352 34138 34866 116 35835
353 34188 40976 4 5890
354 34291 35625 45 30507
355 34300 34807 25 8208
356 34363 34579 79 10525
357 34447 35581 81 16038
358 34588 36499 49 56355
359 34619 34972 65 15891
360 34846 36632 112 50204
361 34932 38570 35 45598
362 34981 35757 48 18267
363 34994 35675 30 7958
364 35106 40306 81 168359
365 35112 36277 96 34421
366 35194 41335 80 220958
367 35208 36806 37 19532
368 35323 36774 17 9004
369 35345 36929 98 61628
370 35749 38783 36 20714
371 36108 38360 7 8312
372 36111 37739 133 58783
373 36202 37923 144 92161
374 36305 37366 102 35293
375 36409 37326 29 10310
376 36709 37236 87 43271
377 36723 36750 17 692
378 36805 37538 93 65960
379 37003 37531 91 19697
380 37287 37489 95 6484
381 37379 38973 4 1312
382 37407 39880 53 23257
383 37577 37855 94 18981
384 37610 42219 150 354368
385 37697 47355 63 371122
386 37746 38323 122 92481
387 37781 38461 89 56470
388 37914 39812 56 55788
389 37977 39678 27 18798
390 38077 38569 124 23840
391 38127 40196 131 199026
392 38250 39032 23 11031
393 38355 38426 69 2656
394 38403 43064 87 105919
395 38422 41261 146 336737
396 38540 46606 129 368292
397 38687 42782 61 84962
398 38691 39292 20 7707
399 38708 41334 91 67997
400 38720 39539 102 31490
401 38832 40639 5 3253
402 38855 39570 141 38823
403 39250 39516 83 14755
404 39402 39818 58 13253
405 39438 39605 39 6362
406 39447 39484 110 3113
407 39625 39696 81 2452
408 39760 40082 117 46986
409 39811 40166 103 16475
410 39885 42405 48 41685
411 39998 47843 29 97155
412 40050 40680 67 41118
413 40133 41328 103 51151
414 40136 41163 22 3271
415 40184 40356 92 13416
416 40186 40629 5 644
417 40301 44926 114 380946
418 40303 40879 7 3989
419 40406 42170 10 10454
420 40459 41322 4 2331
421 40461 41195 82 92482
422 40504 41519 41 20059
423 40538 42436 40 20147
424 40808 42495 141 91301
425 40869 41857 36 21469
426 41230 41407 72 3439
427 41263 41424 7 1577
428 41292 43751 61 110533
429 41300 41941 70 14241
430 41331 47592 63 354564
431 41370 47065 74 322108
432 41377 44126 12 16638
433 41473 44988 47 27429
434 41511 42260 89 27367
435 41521 44442 38 83855
436 41555 42071 123 27475
437 41576 48301 8 11079
438 41670 41874 13 1150
439 41922 44740 65 94522
440 42167 42250 43 3768
441 42200 46232 25 23943
442 42242 43621 72 57969
443 42251 42523 147 25564
444 42255 50732 110 174268
445 42358 42552 52 9817
446 42366 44031 47 114393
447 42690 46078 31 57568
448 42736 43599 12 4950
449 42820 45797 41 64181
450 43354 45011 122 79741
451 43374 46567 123 113300
452 43385 44040 92 25468
453 43589 49031 136 248757
454 43711 48594 7 11482
455 43740 45582 130 206990
456 43989 44142 65 11853
457 44133 44737 116 49030
458 44159 46775 50 18923
459 44172 44393 135 20843
460 44280 44476 17 4364
461 44537 45426 98 71848
462 44574 44585 115 888
463 44827 45283 6 1571
464 44893 47138 122 437893
465 44902 45265 12 6321
466 44903 46777 7 15566
467 45132 45999 12 8694
468 45139 45655 28 9525
469 45179 48376 144 243416
470 45202 45445 48 15078
471 45262 46129 9 2807
472 45337 48016 70 62152
473 45549 46594 4 1742
474 46034 48672 149 392400
475 46040 47849 23 6068
476 46156 47621 30 6103
477 46425 53160 14 49104
478 46485 47703 13 13997
479 46538 48562 90 80136
480 46771 47593 23 10754
481 46845 47157 118 24206
482 46897 47394 6 1703
483 47002 48425 75 51009
484 47079 47699 14 14409
485 47118 47345 48 9469
486 47234 49218 119 99015
487 47545 51958 7 6227
488 47968 48136 52 6187
489 48069 55568 12 31629
490 48228 55028 8 36725
491 48286 48852 18 6155
492 48393 49206 23 4804
493 48500 50841 4 4317
494 48636 49679 110 77220
495 48740 50765 6 22303
496 48758 51567 106 256761
497 48800 52153 52 137970
498 49052 50547 39 52311
499 49192 49661 7 2083
500 49260 50077 98 69787
501 49417 51430 18 44011
502 49420 51454 17 19296
503 49509 55359 146 263631
504 49517 50758 67 28443
505 50132 50739 108 47979
506 50406 50682 138 32412
507 50448 53346 53 24388
508 50468 51823 63 43346
509 50474 51082 29 13981
510 50556 52738 69 127076
511 50562 54359 25 60411
512 50573 50658 58 3861
513 50579 50736 5 505
514 50616 53204 21 39764
515 50622 51380 28 45917
516 50833 51922 37 14867
517 51019 55013 6 4935
518 51064 59019 64 123900
519 51153 54552 30 123635
520 51358 53367 13 35552
521 51409 54285 125 265584
522 51545 51852 102 18857
523 51673 52675 80 116762
524 51681 52066 82 8272
525 51858 54051 89 150058
526 51878 54138 104 87286
527 51991 54304 15 14254
528 52194 52934 13 4473
529 52285 52308 26 424
530 52469 52842 79 8802
531 52679 53620 140 78485
532 52811 53450 9 2617
533 52959 56423 8 27552
534 53006 55428 139 188775
535 53213 55229 8 8448
536 53587 69076 54 710324
537 53761 54056 112 10148
538 54169 54460 70 3136
539 54198 55049 24 13830
540 54483 55039 30 11207
541 54576 54580 75 428
542 54583 56681 18 31088
543 54620 56002 30 7840
544 54795 57374 9 5172
545 54810 55398 83 14585
546 54815 57458 123 124442
547 54867 56199 19 6605
548 54888 57940 30 46028
549 54912 57384 59 53302
550 55061 58135 10 9385
551 55125 58891 7 3930
552 55272 55452 76 7067
553 55439 55555 133 3437
554 55608 56907 13 22647
555 55628 56110 65 16113
556 55719 56650 83 9341
557 55732 58146 119 54261
558 55782 57211 16 10721
559 55841 56757 26 20913
560 55871 57031 4 3187
561 55950 59761 24 15497
562 55979 57109 6 9077
563 56142 58769 96 215153
564 56183 59217 149 96012
565 56204 56598 74 15534
566 56242 56566 94 11713
567 56276 58085 93 68979
568 56328 60815 40 215701
569 56500 57411 92 64898
570 56971 57058 80 4091
571 57115 58343 133 49560
572 57151 61094 11 21616
573 57206 57650 77 9689
574 57263 57318 53 2546
575 57413 61727 22 29099
576 57533 58987 129 65305
577 57915 60970 59 58184
578 57928 59474 87 59055
579 57967 67624 42 230146
580 58092 65910 57 118720
581 58115 61967 127 285731
582 58203 58246 24 478
583 58204 61493 35 70853
584 58205 60198 21 39177
585 58218 63186 12 19277
586 58582 60362 14 12762
587 58602 58869 10 3658
588 58627 59374 87 51266
589 58868 62664 112 250483
590 58883 62726 10 31772
591 59038 59075 28 375
592 59101 59473 108 21715
593 59214 59386 94 9881
594 59310 59833 142 37891
595 59346 59692 59 12712
596 59510 60637 5 2031
597 60065 60379 9 674
598 60073 60172 13 463
599 60137 66236 78 200111
600 60209 63635 36 29596
601 60530 60804 26 4921
602 60578 61083 59 18312
603 60676 65544 18 26275
604 60707 61273 68 39462
605 60861 61126 27 5319
606 61014 61452 10 1695
607 61045 62591 8 7853
608 61122 65133 50 85242
609 61344 61781 10 1366
610 61347 62994 7 5044
611 61443 65993 106 388072
612 61510 62487 13 1719
613 61618 63479 64 63899
614 61626 63657 95 107351
615 61773 61783 9 51
616 61855 64446 128 64328
617 61859 65997 60 121531
618 61910 62162 16 12305
619 61920 62240 91 20951
620 62108 62460 61 12884
621 62142 62479 77 16605
622 62859 63388 87 20225
623 63028 63836 108 150385
624 63124 63152 91 3078
625 63493 64506 27 16196
626 63824 64091 17 1066
627 64260 66323 52 41077
628 64322 64599 11 470
629 64347 65339 9 6074
630 64362 66829 110 50064
631 64375 67160 8 8931
632 64432 66885 75 69423
633 64441 65524 9 4856
634 64523 65122 23 11260
635 64601 64686 30 3423
636 64604 65067 124 20936
637 64801 67075 12 7473
638 64884 66125 53 29700
639 64993 66285 17 4451
640 65064 65655 53 10961
641 65079 73974 90 302874
642 65151 65635 44 6855
643 65164 66431 23 23475
644 65537 67377 148 58196
645 65875 68314 77 24906
646 65971 72531 37 153339
647 66148 70911 37 53507
648 66159 66328 64 2876
649 66291 68570 44 23882
650 66329 71163 15 30146
651 66404 67734 118 52872
652 66435 69467 131 554008
653 66569 68500 128 197770
654 66648 68744 129 100338
655 66744 72030 137 313057
656 66824 67156 59 21092
657 66932 71775 7 16033
658 67111 67320 122 24732
659 67167 70195 37 37213
660 67219 67684 30 7470
661 67269 67305 18 886
662 67299 68606 37 22260
663 67383 69964 105 341144
664 67411 67764 114 50315
665 67426 67759 6 1817
666 67468 71833 5 10488
667 67495 68019 71 23352
668 67574 68548 148 111349
669 67593 69020 32 32851
670 67727 68398 53 23475
671 67889 69863 40 16743
672 67916 73953 5 13827
673 68054 71646 139 467117
674 68311 78365 129 596034
675 68429 69097 84 59397
676 68753 69394 25 16078
677 68758 69698 42 30418
678 68931 70307 125 77553
679 69005 69838 141 61626
680 69065 75656 46 114301
681 69117 73082 7 10466
682 69190 70213 8 5889
683 69206 70596 24 10525
684 69214 77253 44 60196
685 69282 69902 12 6365
686 69288 72844 103 29474
687 69433 71347 101 16252
688 69456 72081 150 181322
689 69626 69861 22 2671
690 69646 71708 42 14723
691 69675 70237 54 18156
692 69810 74057 109 222827
693 69982 72392 69 43305
694 70031 72723 11 11503
695 70079 70701 114 62152
696 70084 71371 31 24780
697 70313 72116 141 78102
698 70347 76083 73 240715
699 70431 76190 37 125137
700 70464 75961 39 41189
701 70516 72718 17 18143
702 70537 72472 25 21491
703 70620 71346 34 12262
704 70688 71067 51 4411
705 70694 73219 38 27161
706 70929 71122 36 4060
707 71125 77696 134 415326
708 71202 73107 22 21987
709 71289 73374 43 13616
710 71325 72695 16 7598
711 71480 72455 149 43147
712 71490 74386 83 41555
713 71531 71539 29 128
714 71553 72947 60 29581
715 71717 72606 62 32041
716 71753 72300 37 7871
717 71762 72266 79 34207
718 71778 73552 44 15485
719 71883 73410 56 36750
720 72089 74467 25 36127
721 72190 73436 31 8753
722 72571 73905 54 18092
723 72572 77778 17 103078
724 72593 73058 91 31750
725 72599 77481 31 28515
726 72740 73918 96 48104
727 72770 73392 29 23746
728 73020 73777 130 53168
729 73061 73539 24 4755
730 73142 73642 14 3444
731 73175 74292 147 67969
732 73381 74037 36 3921
733 73546 74821 15 14568
734 73652 77186 62 93648
735 73767 76457 6 5775
736 73794 76813 29 71264
737 73961 74956 76 20418
738 74148 75356 86 61656
739 74202 75223 101 77869
740 74219 79854 22 25832
741 74449 76408 106 54131
742 74450 75369 150 122868
743 74504 77242 4 6077
744 74539 78712 48 50895
745 74590 77495 68 55828
746 74596 74907 56 10190
747 74611 74845 6 541
748 74671 78009 30 30401
749 74879 80365 80 140397
750 75045 75519 125 34183
751 75065 77182 95 548985
752 75111 75129 64 941
753 75179 75469 92 37754
754 75258 76871 16 14170
755 75677 77256 27 22127
756 75688 77517 113 143747
757 75745 77269 148 116542
758 75757 79031 54 41601
759 75776 75888 146 7629
760 75817 75859 46 1352
761 75820 76667 119 132281
762 75895 76303 80 10260
763 75912 77844 82 50945
764 75930 77734 10 6227
765 75950 79029 14 20733
766 75986 76004 90 1175
767 75987 76378 12 2564
768 76028 78342 46 44465
769 76035 80263 33 89220
770 76157 77988 10 30809
771 76363 80327 100 127658
772 76419 79667 5 8400
773 76451 76682 71 14697
774 76636 77020 68 8996
775 76816 86245 34 142771
776 76846 78649 14 6367
777 76956 79495 34 23438
778 76960 77040 67 4349
779 76971 78940 144 116656
780 77170 78422 134 58639
781 77198 77335 24 4437
782 77304 86208 48 160165
783 77337 78182 102 46766
784 77370 77650 101 18748
785 77438 84814 24 162356
786 77697 77797 27 2249
787 77787 79804 128 60763
788 77933 79574 144 82409
789 77974 79178 58 29703
790 78005 88445 49 84971
791 78026 80505 11 10525
792 78151 80160 12 11973
793 78249 79252 78 8714
794 78460 83033 112 300040
795 78463 86852 47 106388
796 78558 80190 32 32331
797 78767 79283 5 1292
798 78853 88619 119 1047014
799 78885 79477 64 37879
800 78974 83776 32 62388
801 79138 81365 18 4744
802 79170 80701 50 36580
803 79314 86648 120 247771
804 79487 82191 99 130473
805 79490 80903 138 56142
806 79737 86144 53 180356
807 79848 81179 86 67566
808 79933 80420 78 22038
809 80144 80277 146 15144
810 80200 84780 44 177741
811 80403 84662 57 229103
812 80407 81153 13 3009
813 80587 82349 131 60718
814 80648 83548 123 125347
815 80810 80980 11 459
816 80885 86145 13 21681
817 81023 82093 8 11421
818 81034 84448 11 10324
819 81262 83380 116 31443
820 81407 83355 12 9596
821 81503 84641 38 67076
822 81527 85689 85 185592
823 81740 86132 6 8893
824 81749 83079 8 5910
825 81841 83622 60 47641
826 81880 85302 38 67048
827 82010 83019 134 50227
828 82058 83595 67 31760
829 82076 84627 6 4428
830 82123 86129 10 32787
831 82135 83146 42 42859
832 82234 82919 19 4373
833 82336 86147 141 160835
834 82351 85319 26 28389
835 82439 82709 75 7243
836 82606 83768 5 2211
837 82612 83855 93 56621
838 82698 84436 25 19837
839 82744 84868 69 100532
840 82873 90022 12 41213
841 82884 83619 33 28891
842 82891 84738 82 87677
843 83070 84196 70 22206
844 83316 83415 5 398
845 83331 84701 21 9011
846 83400 83745 91 50331
847 83625 85200 6 4165
848 83783 89633 4 12720
849 83806 87404 20 26604
850 83867 84463 14 16051
851 83931 88871 12 39512
852 84018 84447 21 4415
853 84036 84606 133 48993
854 84049 84368 75 25298
855 84179 90562 60 142035
856 84524 88719 49 63064
857 84556 85725 58 19725
858 84649 85645 57 94937
859 84661 87175 66 85814
860 85013 85080 41 1505
861 85138 85547 80 20268
862 85366 91288 66 174498
863 85372 85639 138 30746
864 85546 88382 58 27177
865 85666 87094 50 52297
866 85670 87714 13 15475
867 85673 85748 56 2583
868 85796 87224 101 58620
869 86184 88458 10 17200
870 86187 89024 86 76836
871 86297 87162 74 48309
872 86408 86493 38 1648
873 86437 89032 53 178245
874 86474 87610 146 25415
875 86514 88338 10 7791
876 86525 90191 26 42953
877 86653 87253 13 5923
878 86689 94970 23 111538
879 86728 87560 107 31062
880 86740 87072 64 19349
881 86769 89848 95 97931
882 86793 89608 10 8792
883 86903 87880 17 28291
884 86920 88536 59 78735
885 86948 87242 72 27744
886 86984 87580 14 2325
887 87127 87200 43 822
888 87406 91864 13 34827
889 87597 89070 120 91203
890 87689 93758 40 284489
891 87722 92052 33 65106
892 87796 89313 47 42045
893 87803 87987 149 7378
894 87851 88201 32 5260
895 87876 88173 139 17978
896 87878 88366 82 4595
897 87918 96403 33 75895
898 88062 90464 75 101034
899 88072 92083 64 77977
900 88236 88746 34 16355
901 88266 92152 12 25401
902 88318 92277 5 26487
903 88466 89797 7 11579
904 88615 90075 17 7386
905 88700 90392 57 41926
906 88705 89705 89 27150
907 88784 89466 69 12394
908 88799 88837 16 327
909 88806 89686 8 5407
910 88809 90298 21 7321
911 88935 95252 71 197020
912 88967 91076 25 14532
913 89001 92012 35 17200
914 89048 89841 35 6203
915 89591 89904 57 17909
916 89741 90198 88 9320
917 89851 90126 63 18473
918 89866 99182 66 273915
919 90029 92958 6 5440
920 90137 90303 29 5351
921 90551 93963 11 25554
922 90948 93449 46 18548
923 90988 91228 43 7117
924 91220 95337 36 25590
925 91395 91751 35 2939
926 91452 92473 37 6694
927 91475 97998 6 24423
928 91476 91612 26 894
929 91526 92486 77 34886
930 91555 94284 65 71996
931 91782 94218 37 19368
932 91859 92905 13 13052
933 91949 92982 53 50421
934 92143 95027 40 38570
935 92146 93839 124 67347
936 92207 94188 13 12298
937 92338 94209 134 265168
938 92369 94449 25 22246
939 92511 94077 9 4837
940 92522 96140 20 33527
941 92808 93869 30 10686
942 93068 93227 82 6704
943 93191 94216 5 2717
944 93201 93362 86 3686
945 93228 96807 130 468973
946 93264 94955 143 169514
947 93311 93791 37 11463
948 93347 95013 9 6082
949 93364 94801 12 9591
950 93768 98297 139 122351
951 93858 95843 101 104936
952 94061 94926 132 89024
953 94164 98623 105 241664
954 94224 94418 63 6232
955 94352 96249 73 44575
956 94480 94539 80 2921
957 94562 95132 48 36002
958 94938 99756 40 48733
959 95019 96334 12 12864
960 95069 98517 27 54506
961 95154 96353 75 52460
962 95187 96183 16 4962
963 95198 95483 4 667
964 95206 97167 5 6765
965 95527 96502 77 21040
966 95606 97841 23 18877
967 95612 99019 15 27418
968 95718 98407 47 307924
969 95825 97197 141 155645
970 95891 96301 46 4841
971 96095 96915 65 65862
972 96144 97712 25 16522
973 96426 96543 37 1699
974 96488 98627 44 78367
975 96571 99172 73 72219
976 96621 99462 120 513214
977 96656 98897 149 296117
978 96676 96862 74 4028
979 96749 97714 56 14321
980 96797 99396 7 6972
981 96859 97399 140 92501
982 96874 97070 48 5493
983 97242 97571 4 1306
984 97559 97717 83 8031
985 97668 99353 136 228553
986 97753 97782 49 1474
987 97907 98628 5 1097
988 98040 98176 49 6031
989 98379 98457 24 869
990 98465 99727 36 18205
991 98541 98731 106 28808
992 98607 98831 86 19405
993 98672 98689 119 2155
994 98710 99917 43 15766
995 98736 98769 99 1562
996 98837 99912 121 109477
997 98844 99627 129 66445
998 98852 98941 57 2305
999 99475 99812 35 5964
