50 1000 0.081
.............................##...................
............................###...................
............................####..................
..................................................
..................................................
..................................................
..................................................
..................................................
..................................................
..................................................
..................................................
..................................................
.....................................#..##........
.....................................####....#....
.....................................#.##..####...
..........................#..........##.##.#.#....
.........................##.........###########.#.
........................###..........###.##.######
.....................#####..........##.####..###.#
......................###........##.#######..#.##.
......................####.......##...##.#........
.......................#.##......##...##..........
........##.##.........######....###...#...........
.........###.........#.#.##....######.............
..........###.......########....#..#..............
..........######....#########.....##..............
...........##..##..####.#.#.......................
..........######....#.#...........................
........###..##.......#...........................
.............#....................................
..................................................
..........................................#.......
.........................................##..##...
.................##..#.....######.......####.###..
.##...............##.##....#####.........###.###..
.###..............##.###.....##..........###.####.
####.#..........#.####.##................####.####
##.####.........####.###.....................#####
#####..........#######.#......................#.#.
##..#............#####............................
...............#####..............................
..................##..............................
.##...............................................
###...............................................
##................................................
........................###.......................
............#...#......####.......................
...........###.##.##......#.......................
............#######.......#.......................
.............#.######.....##......................
0 688 5927 83 261034
1 749 1242 51 20387
2 972 6324 9 43606
3 1074 5011 28 54758
4 1231 15987 35 143504
5 1291 9448 101 321990
6 1471 2234 105 33580
7 1537 9204 87 161651
8 1651 1807 70 10693
9 1855 9541 37 52905
10 1931 12913 19 61545
11 2055 4670 66 82324
12 2075 8721 30 21002
13 2127 2156 83 1300
14 2128 10902 87 164804
15 2233 4488 27 63411
16 2329 33786 137 1394944
17 2418 19358 150 869710
18 2580 5522 13 44579
19 2710 4120 93 169267
20 2824 9037 96 373448
21 3023 11121 138 469272
22 3061 6776 15 38820
23 3145 14007 7 11543
24 3201 10055 62 168630
25 3290 38432 56 862333
26 3448 5713 95 139936
27 3471 11662 85 452445
28 3474 8065 68 108680
29 3535 18317 78 288710
30 3594 8640 76 115788
31 3661 3859 106 5892
32 3685 5723 23 14191
33 3687 19030 17 120651
34 3809 17921 118 572817
35 3880 5155 77 168541
36 3910 19016 43 195332
37 3943 7507 100 88490
38 4178 25782 8 83195
39 4268 15167 75 322236
40 4405 25962 116 826467
41 4437 10049 72 229566
42 4490 21195 109 436923
43 4501 25237 41 174755
44 4525 57585 127 1917170
45 4643 13566 81 146623
46 4932 5674 55 44750
47 5008 12779 27 103291
48 5076 20799 62 291899
49 5188 6284 87 20804
50 5209 9670 26 48461
51 5282 11490 136 227570
52 5427 6808 129 215474
53 5599 14521 10 41997
54 5619 7885 30 27898
55 5623 15483 147 691785
56 5655 10835 110 504154
57 6073 22035 46 442997
58 6181 24347 21 133158
59 6215 9986 4 4183
60 6248 43934 33 446305
61 6300 6438 22 2296
62 6593 21530 39 738561
63 6744 7555 60 27707
64 6864 7650 21 9190
65 6880 13332 48 31557
66 6920 18106 37 212082
67 7111 23659 10 105745
68 7133 10829 135 236898
69 7205 13877 145 734683
70 7276 8856 123 64635
71 7277 8180 52 18146
72 7503 16930 88 526436
73 7538 8532 120 74304
74 7580 9514 137 70829
75 7709 15778 24 161475
76 7788 14489 121 409513
77 7851 11064 60 99399
78 7990 23476 77 419054
79 8111 20075 143 2025186
80 8122 21430 73 247798
81 8161 11362 31 42024
82 8201 15712 31 72967
83 8390 24924 140 1841255
84 8621 24864 40 117115
85 8703 16657 134 297765
86 8766 17544 24 83237
87 8824 9515 27 2726
88 8989 10030 29 6048
89 9074 14695 31 61208
90 9082 14627 41 217138
91 9165 9235 89 6718
92 9364 16269 62 212739
93 9389 17596 102 219975
94 9592 25394 40 461270
95 9638 12088 20 20137
96 9741 18239 111 2309916
97 9776 10609 89 136538
98 9821 24779 24 146809
99 9849 33173 63 396873
100 9853 10360 63 24659
101 9967 52266 93 460921
102 10072 16132 5 7556
103 10108 10375 51 11014
104 10114 23605 42 486963
105 10202 31204 70 330160
106 10410 16082 27 63631
107 10411 10493 79 2570
108 10479 17612 93 177421
109 10501 21323 72 108223
110 10548 15729 22 22313
111 10643 49714 94 1764712
112 10695 16181 52 186974
113 10734 22994 56 585306
114 10782 14490 22 8734
115 10860 27258 88 277668
116 10906 11052 25 3226
117 11073 24321 20 118701
118 11129 28124 135 1260867
119 11478 12108 69 13636
120 11558 12395 9 3799
121 11700 15737 118 104619
122 11823 31513 145 844719
123 11884 11912 45 703
124 12063 23834 75 226683
125 12161 15284 12 7358
126 12243 37661 104 664567
127 12455 30517 58 251686
128 12487 16615 135 351573
129 12642 14680 45 46809
130 12890 22624 6 81069
131 12918 18660 20 97126
132 12968 19466 35 188471
133 13027 17349 16 30578
134 13145 26471 111 854254
135 13492 33711 81 982458
136 13518 28492 51 732823
137 13525 21145 117 625158
138 13558 16670 32 55365
139 13597 17570 150 207662
140 13606 22061 67 227568
141 13663 20514 18 38306
142 13900 16416 23 24916
143 13944 19233 146 557453
144 13992 27090 113 308214
145 14088 20550 113 645984
146 14094 14416 71 5924
147 14215 17300 119 288209
148 14376 32580 33 266840
149 14496 35935 24 369762
150 14523 21626 45 94007
151 14573 16632 88 47871
152 14600 24122 18 51308
153 14625 16194 84 23377
154 14630 36897 24 197336
155 14687 24534 84 279384
156 14689 17955 16 24725
157 14783 15002 24 2788
158 14789 16530 138 38121
159 14958 22080 15 30368
160 15069 37730 27 206106
161 15131 28748 121 589878
162 15501 17086 129 61977
163 15562 27838 124 849469
164 15947 29293 68 698863
165 15985 20069 9 10397
166 16275 31544 36 1072597
167 16345 18283 7 4331
168 16395 33913 114 579560
169 16444 18529 73 72523
170 16475 20333 48 20027
171 16499 24001 123 280519
172 16752 34185 67 191516
173 16954 41395 92 648001
174 16967 17209 64 39291
175 17217 39006 104 995496
176 17302 17981 149 105128
177 17354 17685 77 15010
178 17372 24753 32 102899
179 17388 39506 25 119924
180 17516 39056 45 337790
181 17613 20592 32 38124
182 17641 35347 30 331336
183 17701 44712 126 963558
184 17750 27398 88 236379
185 17909 18681 125 78397
186 17976 21825 47 230722
187 18042 22898 11 17970
188 18140 33521 124 920103
189 18253 28346 50 327553
190 18309 41564 11 226930
191 18312 34302 100 343489
192 18368 28011 5 21624
193 18392 23459 7 106061
194 18415 39279 5 69501
195 18420 35307 25 109985
196 18425 22997 53 104612
197 18454 21909 6 8566
198 18574 30493 125 1301987
199 18637 19586 117 69599
200 18683 18866 54 11675
201 18873 20138 57 14708
202 19013 29762 7 26248
203 19089 61013 49 336721
204 19143 21000 29 51450
205 19351 27905 20 80785
206 19525 20651 134 94509
207 19527 35249 46 201778
208 19585 25776 124 147954
209 19807 40551 105 499010
210 20120 25661 56 92433
211 20185 41650 11 101133
212 20312 58904 53 1684450
213 20345 21566 83 73642
214 20348 22466 149 231938
215 20509 26918 67 136705
216 20742 50546 57 254680
217 20851 29996 44 155395
218 20900 30853 46 142224
219 20931 25161 30 32033
220 21022 28626 139 204477
221 21045 22340 18 6473
222 21246 32633 130 859330
223 21321 22919 65 26189
224 21329 28639 32 121001
225 21502 24789 26 24006
226 21630 39025 128 2313004
227 21828 54890 100 909344
228 21857 27109 30 50190
229 22173 24514 6 4962
230 22201 33261 41 158355
231 22405 47217 115 2213936
232 22469 35372 29 122764
233 22576 28193 6 8155
234 22588 27177 11 47558
235 22829 33699 46 68396
236 22871 32374 18 45688
237 22875 30988 28 506230
238 22940 30602 31 94399
239 23293 24760 128 168710
240 23720 47387 8 140598
241 23803 31723 139 325405
242 24029 51162 53 165742
243 24143 26194 91 46222
244 24169 29003 57 101949
245 24191 26482 44 57309
246 24209 26080 5 3845
247 24246 43111 35 326890
248 24320 27582 118 270348
249 24378 26978 7 6949
250 24450 30997 34 89701
251 24556 25176 122 31846
252 24616 57540 7 167758
253 24636 26138 108 64693
254 24653 26906 8 9837
255 24790 27443 19 32765
256 24803 35264 23 399830
257 24820 32819 40 73600
258 24888 38200 10 46535
259 24920 42752 26 179347
260 25327 31540 83 343033
261 25360 26624 65 19269
262 25426 32494 98 464108
263 25439 32018 52 79149
264 25562 27799 108 156826
265 25568 47100 31 373582
266 25602 34707 13 44483
267 25878 37119 33 219421
268 26104 26509 55 5969
269 26131 28912 90 125888
270 26285 43781 60 232725
271 26498 26592 38 1486
272 26571 26765 72 16991
273 26672 61749 29 419344
274 26681 27657 14 18423
275 26789 29957 78 62813
276 27037 38577 95 184661
277 27078 35392 85 399866
278 27097 37782 83 107656
279 27213 37043 144 605385
280 27362 39176 127 320702
281 27436 28882 70 39663
282 27455 37804 77 201266
283 27468 37883 125 1488749
284 27481 27719 18 2951
285 27529 32489 86 204670
286 27544 32814 145 259261
287 27649 27806 107 13059
288 27727 45644 29 325323
289 27803 28326 149 27910
290 27805 32610 17 37221
291 27938 68049 12 236775
292 28106 34265 43 148836
293 28128 31303 137 107086
294 28172 34186 5 15869
295 28186 35766 74 214712
296 28251 31769 36 58790
297 28457 30764 10 28427
298 28664 64883 18 168584
299 28729 30011 126 50058
300 28740 30879 34 66686
301 28895 72223 29 259050
302 29039 33780 25 84632
303 29051 34537 57 86625
304 29422 37489 136 344516
305 29424 30848 9 12473
306 29611 58511 47 172804
307 29749 30153 16 3885
308 29822 39158 96 225471
309 29837 33201 102 244412
310 30018 34662 30 67120
311 30031 37658 12 12132
312 30041 35593 116 522991
313 30064 33425 4 8453
314 30348 34073 125 255507
315 30393 30524 50 10846
316 30396 34212 37 69828
317 30474 38187 106 269798
318 30477 38141 26 314934
319 30673 34343 61 160610
320 30891 32388 74 30828
321 30899 43141 134 562607
322 31043 32433 5 3689
323 31082 32364 58 19804
324 31134 32988 5 8224
325 31151 39401 20 35746
326 31260 43407 59 1898594
327 31266 33190 47 79030
328 31365 31580 12 694
329 31390 55196 121 649535
330 31425 32896 79 33984
331 31444 37716 85 177768
332 31453 40346 96 223091
333 31461 55744 90 865689
334 31545 39257 75 331577
335 31639 39491 79 261372
336 31721 35016 71 66249
337 31798 39273 14 134637
338 31816 43559 30 99463
339 32067 39496 85 461942
340 32270 47502 29 277192
341 32379 41890 6 15215
342 32474 35797 19 19428
343 32584 48144 95 619328
344 32631 33708 150 38933
345 32692 34842 67 99843
346 32722 35351 14 34105
347 32765 50908 23 67173
348 32987 40979 21 100084
349 33011 41057 66 70392
350 33081 34744 87 245672
351 33208 39217 66 178221
352 33477 52457 53 339011
353 33599 36304 11 19252
354 33636 63143 62 661473
355 33793 34099 19 6178
356 33806 34659 145 52905
357 33922 37153 133 206499
358 33967 47349 123 428333
359 33968 40048 109 346577
360 34018 49271 145 2216179
361 34307 43385 27 183355
362 34360 45491 99 206213
363 34438 50436 10 81976
364 34499 37346 81 72651
365 34542 46904 20 126476
366 34622 34734 33 2089
367 34644 49848 6 44049
368 34762 40443 138 324807
369 34796 36273 54 62768
370 34855 44226 133 1150977
371 35141 41188 138 177557
372 35204 35841 71 33534
373 35220 42387 79 83588
374 35329 39281 36 27294
375 35470 52671 82 304285
376 35519 39643 143 369198
377 35577 59739 18 194579
378 35691 40021 83 180919
379 35781 41452 5 9285
380 35933 38970 49 225002
381 35974 36480 39 3571
382 36045 47172 98 447009
383 36086 46731 24 162313
384 36175 44058 111 482020
385 36186 56831 59 958138
386 36219 36912 64 38636
387 36248 39008 137 319910
388 36414 51169 79 753925
389 36432 68420 22 508975
390 36499 40832 17 16009
391 36544 39659 77 89973
392 36721 40244 97 249134
393 36739 38022 43 69039
394 36755 39324 112 163626
395 36944 63077 7 44098
396 37138 64519 14 104188
397 37260 40362 6 12076
398 37283 45381 34 148191
399 37351 43324 139 544279
400 37358 44654 29 92303
401 37364 43275 30 86926
402 37491 38943 23 23609
403 37511 40310 86 183643
404 37569 42733 22 32785
405 37623 44527 22 53438
406 37764 48699 42 103915
407 37771 45927 28 46172
408 37808 69925 26 418677
409 37861 41884 60 155606
410 37925 41864 6 7109
411 37997 39303 68 85171
412 38005 44526 40 170386
413 38240 38367 4 244
414 38443 39483 107 57666
415 38458 43416 144 859482
416 38614 48974 13 40511
417 38940 68826 34 240751
418 38973 55152 82 905518
419 38991 43173 4 14224
420 39104 42767 91 68677
421 39439 43227 47 31993
422 39600 48060 110 239160
423 39692 42226 10 10644
424 39916 44244 12 8459
425 40034 46725 59 238467
426 40088 44707 16 28351
427 40119 45106 70 378102
428 40311 44275 123 301431
429 40528 41960 15 17000
430 40535 40707 86 6899
431 40770 41825 39 9979
432 40853 64747 142 1424523
433 40971 43716 8 7112
434 41058 46767 54 108414
435 41060 41783 25 7174
436 41068 51435 148 566015
437 41177 54602 53 461000
438 41182 44930 19 37789
439 41218 41746 106 10011
440 41298 68490 123 1157229
441 41333 45712 38 111631
442 41346 43734 25 42157
443 41359 50564 8 35868
444 41398 93064 114 756943
445 41481 41999 98 23644
446 41605 46099 6 7263
447 41623 42165 14 5252
448 41831 43900 11 6448
449 41852 50851 7 18607
450 42033 47765 90 194136
451 42133 50370 91 817099
452 42151 48918 26 44383
453 42153 42207 145 5644
454 42261 44239 7 5263
455 42268 53012 71 259655
456 42291 45380 15 15389
457 42314 45099 53 65048
458 42458 43662 92 55843
459 42690 59411 86 405888
460 42751 44839 4 3608
461 42760 46893 5 10288
462 42927 58952 24 168923
463 42969 64890 14 141159
464 43001 52349 61 197292
465 43107 58386 79 1508412
466 43219 54376 13 36255
467 43437 49613 76 128819
468 43473 45288 20 26363
469 43487 82178 92 2150128
470 43641 55854 28 54969
471 43753 65198 17 251145
472 43784 50144 18 32158
473 43810 48866 83 143070
474 43973 46236 13 16154
475 44003 70073 26 157325
476 44072 48848 4 4300
477 44089 44386 73 6526
478 44123 45842 81 185872
479 44251 47810 38 73436
480 44375 49506 42 87135
481 44514 63554 38 243217
482 44519 56265 45 216411
483 44529 53926 22 20592
484 44535 58004 107 537100
485 44797 46357 31 32861
486 45061 46182 75 74179
487 45120 45722 43 6245
488 45228 57107 22 65531
489 45417 51150 59 95180
490 45424 49729 36 85051
491 45441 51999 99 185631
492 45714 59637 98 1199113
493 45887 74072 33 339720
494 45918 54450 98 153248
495 46142 48806 61 176642
496 46162 47453 88 44898
497 46366 47609 5 2816
498 46453 51434 145 161670
499 46537 56176 87 318900
500 46633 49224 83 87853
501 46669 46952 78 6948
502 46915 56037 45 674666
503 46941 51241 5 10083
504 47078 54462 50 123021
505 47289 47363 24 462
506 47295 47878 44 33719
507 47436 47991 134 25336
508 47675 52781 107 249974
509 47678 49546 27 9082
510 47729 53323 69 123595
511 47871 53232 6 10956
512 48266 51635 138 115219
513 48280 78088 122 991859
514 48297 68030 8 131899
515 48393 61901 8 53393
516 48485 50291 68 60666
517 48589 59104 16 96596
518 48610 52625 53 67354
519 48619 54763 85 363295
520 48661 51482 37 132342
521 48858 59717 119 748560
522 49022 54486 48 97701
523 49093 66988 16 94964
524 49113 49337 39 4933
525 49128 54357 30 42503
526 49391 76657 56 363533
527 49405 85088 24 835805
528 49437 55316 94 286053
529 49466 53138 139 152755
530 49534 62962 130 723194
531 49542 50187 109 53586
532 49554 69378 24 207883
533 49570 53952 19 24684
534 49976 52711 65 78915
535 50004 61298 82 366549
536 50068 54978 40 68301
537 50084 59128 10 72972
538 50170 55306 11 14944
539 50322 57214 148 602912
540 50463 54861 100 146031
541 50469 53499 72 99012
542 50483 53898 65 108765
543 50548 62591 53 254466
544 50585 51708 62 74039
545 50652 57105 39 125796
546 50665 52559 132 46765
547 50762 56052 8 7940
548 50911 60664 22 39056
549 51188 54825 76 119231
550 51393 58211 53 237220
551 51432 74106 90 508567
552 51653 52722 49 31192
553 51661 57622 122 395929
554 51774 52360 5 911
555 51783 65791 149 1392885
556 51829 52889 5 3028
557 51925 59801 97 174697
558 52081 65079 78 252173
559 52211 69265 5 41851
560 52377 58006 41 41973
561 52423 54250 9 6892
562 52483 80947 104 1170696
563 52694 55054 21 36164
564 52725 56398 6 14731
565 52770 54523 31 29225
566 52810 55563 55 92274
567 52952 53855 118 23839
568 53034 60678 30 116273
569 53090 57510 6 23434
570 53156 56817 45 117214
571 53234 60299 16 24712
572 53386 54956 30 49180
573 53448 59033 73 158716
574 53482 76537 4 8094
575 53511 53886 33 13942
576 53618 74833 126 659627
577 53685 53739 116 3924
578 53768 61389 21 50747
579 53885 83316 103 663065
580 53989 87005 60 520341
581 54100 63564 39 359858
582 54112 64041 128 646376
583 54180 64458 52 204947
584 54234 59254 139 536879
585 54416 67086 39 148744
586 54419 57714 108 40343
587 54429 61479 139 571843
588 54481 56061 20 20384
589 54696 57016 120 528516
590 54840 56372 25 21118
591 55042 58653 35 34632
592 55116 61150 47 235982
593 55117 58741 12 10432
594 55409 55872 42 11791
595 55502 61315 145 313618
596 55526 59481 18 24587
597 55661 56207 130 39884
598 55786 60820 8 91504
599 55902 64872 86 107819
600 56076 58387 30 40612
601 56092 64023 46 281454
602 56122 58806 76 236531
603 56199 65519 19 178091
604 56359 65047 109 234862
605 56392 61144 27 57646
606 56473 63243 105 327605
607 56789 77523 88 698009
608 56822 60741 147 127983
609 56832 70565 8 46626
610 57132 62522 15 33158
611 57159 65898 90 213623
612 57204 75115 58 696538
613 57227 60591 30 14960
614 57347 66042 87 269230
615 57365 58601 17 11270
616 57440 75481 119 973343
617 57552 58258 93 26206
618 57658 63181 81 192691
619 57702 58641 86 26389
620 57773 91557 20 443104
621 57827 60111 140 256560
622 57926 71756 11 39144
623 57938 59257 86 31245
624 57961 58291 108 35393
625 58045 59786 6 3741
626 58067 65694 21 55425
627 58097 65013 39 102420
628 58124 66035 135 402443
629 58153 63285 71 139302
630 58355 63032 35 68921
631 58403 61539 44 79404
632 58423 74511 72 338759
633 58446 64207 146 370994
634 58718 66123 21 57709
635 58963 59420 111 31863
636 58987 59255 81 14995
637 58990 61071 6 7082
638 59006 64391 112 149252
639 59116 63538 63 263619
640 59179 75922 39 127795
641 59225 90686 14 301848
642 59278 67852 40 151338
643 59308 62313 5 6903
644 59547 78546 8 79909
645 59644 66866 27 151137
646 59752 65179 13 23461
647 59753 60900 30 30149
648 60100 64121 33 61412
649 60125 61978 63 150426
650 60237 60394 14 2097
651 60252 64013 4 7398
652 60284 66373 38 86889
653 60324 70506 15 184410
654 60325 65006 61 77539
655 60382 64443 77 110941
656 60411 74928 27 314343
657 60519 66492 10 35584
658 60534 77779 106 523592
659 60684 60827 49 3385
660 60694 60777 140 8544
661 60877 80248 30 498890
662 60902 87161 10 84437
663 60941 62317 141 161301
664 61001 95333 54 325786
665 61082 61497 11 6427
666 61091 99388 61 1423851
667 61097 72409 148 1433027
668 61197 68814 37 138858
669 61319 80151 31 141618
670 61364 65302 147 439726
671 61714 65817 127 140479
672 61762 81937 36 267226
673 61767 62038 125 25298
674 61989 63183 51 24942
675 62130 70539 109 241458
676 62177 72772 89 461403
677 62185 77787 33 187272
678 62231 66023 52 49882
679 62242 70645 86 258246
680 62458 66112 79 99723
681 62518 66076 5 26178
682 62651 65700 118 224372
683 62664 76545 67 621795
684 62893 82228 57 714977
685 62979 65155 69 104150
686 63113 64509 14 11907
687 63145 96488 7 47002
688 63307 72703 15 45080
689 63593 64729 15 12630
690 63709 66072 148 128042
691 63759 65452 20 16644
692 63784 68381 25 60359
693 63961 69086 133 390197
694 63978 67455 125 126980
695 64019 79771 71 588716
696 64029 76709 140 499674
697 64067 76940 80 348760
698 64133 67063 46 45046
699 64353 64518 8 732
700 64404 74495 37 191958
701 64921 96184 18 117857
702 64993 68976 23 64081
703 65000 66496 58 87973
704 65037 74021 100 435915
705 65038 70669 96 203316
706 65215 66651 21 10422
707 65253 66511 42 37911
708 65271 80691 90 545907
709 65342 67131 8 2097
710 65502 70224 11 13784
711 65522 83473 69 239327
712 65550 76078 32 80757
713 65558 71673 73 122492
714 65634 66320 96 61369
715 65676 79620 113 1087941
716 65789 70771 29 39562
717 65799 70818 133 196614
718 66090 68398 132 137628
719 66104 67239 14 5722
720 66453 79749 31 271058
721 66538 76359 5 17332
722 66548 85247 131 590970
723 66553 67934 72 23702
724 66555 75496 142 520658
725 66562 81520 12 89965
726 66585 69717 116 209774
727 66649 88924 100 649245
728 66804 74943 104 357044
729 67035 75664 73 260112
730 67058 90346 6 24513
731 67067 89901 120 861997
732 67121 81749 110 1399928
733 67157 68193 62 17423
734 67183 80752 55 370613
735 67355 71338 21 57840
736 67388 75155 5 16226
737 67433 68820 87 88986
738 67580 69347 9 7948
739 67583 83703 106 1183640
740 67593 69637 44 58942
741 67666 92058 8 79441
742 67669 70807 34 51703
743 67672 71036 17 12232
744 67826 78720 49 278659
745 67849 71339 82 96808
746 67936 88016 86 268766
747 68178 68342 30 3517
748 68311 83414 25 133598
749 68631 70571 36 30610
750 68700 78686 105 704477
751 68779 86481 89 820530
752 68836 70640 132 52252
753 68859 79660 104 937432
754 68868 79900 36 140882
755 68884 82273 9 69829
756 68927 79926 8 48896
757 69085 75482 84 368451
758 69556 82345 54 345955
759 69667 90407 31 352141
760 69693 85702 18 42889
761 69840 82801 112 662261
762 69861 70384 136 139164
763 69868 81544 6 23266
764 69968 72408 71 79119
765 70084 83499 34 136221
766 70153 74424 86 57877
767 70212 90418 43 372868
768 70245 70696 74 19228
769 70339 76747 4 11101
770 70461 90878 26 325748
771 70538 72005 18 20064
772 70554 72662 101 207250
773 70609 88730 115 1011293
774 70635 77493 22 146328
775 70674 83918 18 200962
776 70887 85353 15 46348
777 71043 84347 128 310505
778 71068 91462 15 159190
779 71220 79347 78 148376
780 71264 72025 45 15349
781 71286 72193 143 77625
782 71330 72826 50 35327
783 71389 81963 95 591399
784 71419 75563 15 24015
785 71601 75822 29 70564
786 71687 85351 5 41644
787 71696 71894 26 3141
788 71769 85924 46 541260
789 71858 75889 81 261015
790 71866 73247 119 116135
791 72068 74057 6 3814
792 72164 72720 111 23955
793 72199 78181 97 235768
794 72219 73116 101 27056
795 72236 73944 71 74404
796 72363 79269 128 245136
797 72371 77501 126 134832
798 72535 74983 51 62829
799 72545 76287 59 87032
800 72566 73802 27 21296
801 72620 77074 33 78139
802 72679 77475 121 219207
803 72976 77988 14 75043
804 73030 74567 12 14141
805 73350 77164 91 136973
806 73617 75008 5 7180
807 73940 78069 40 82501
808 74153 76519 60 146113
809 74202 77836 129 111017
810 74333 87333 138 549989
811 74368 77668 29 72731
812 74736 76539 13 5343
813 74741 82040 142 404278
814 74748 82327 5 10682
815 74777 77057 72 98313
816 74888 75827 39 22365
817 74927 76921 62 19848
818 75038 75758 22 6232
819 75074 80133 9 29668
820 75342 86990 4 17852
821 75379 82271 11 17408
822 75508 77496 53 39152
823 75656 78889 37 34591
824 75736 77517 34 31359
825 75855 77745 123 74941
826 75860 76850 12 10791
827 75920 81941 28 233905
828 76069 78970 30 44991
829 76176 81362 127 72911
830 76326 77278 100 67973
831 76532 82825 34 75578
832 76592 83005 75 264783
833 76644 85058 9 21978
834 76669 90506 35 208923
835 76693 96672 24 183635
836 76827 82107 22 63521
837 77038 84116 127 186737
838 77129 82434 9 14731
839 77169 86768 74 299347
840 77240 82785 14 52260
841 77312 77359 75 2318
842 77452 79689 29 27472
843 77453 87527 14 46943
844 77604 80764 20 48152
845 77609 79368 62 19282
846 77671 90834 19 27436
847 77702 79458 49 28335
848 77791 83391 9 14473
849 77852 84559 9 33402
850 77868 79058 65 34952
851 77940 88598 48 229174
852 78367 93195 43 425669
853 78388 85865 42 242148
854 78506 89122 107 247476
855 78612 83902 59 77535
856 78629 82742 85 299196
857 78772 80456 33 7891
858 78827 83161 5 25923
859 78852 80204 128 67560
860 78862 90521 8 37989
861 79041 79558 124 26559
862 79485 81004 19 8399
863 79499 81306 40 12647
864 79501 80799 76 34637
865 79559 86291 131 1022971
866 79586 81863 17 20661
867 79626 80833 22 20865
868 79628 87356 83 131464
869 79695 84111 8 30287
870 79780 88393 79 265972
871 79864 89172 34 169281
872 80010 97625 133 652159
873 80086 94074 48 400802
874 80088 88526 26 77335
875 80281 80800 110 54806
876 80316 80585 31 3389
877 80597 81198 25 9896
878 80734 91411 34 207168
879 80777 98200 149 1043706
880 80918 86577 89 251821
881 81010 88689 140 305310
882 81369 81932 18 8455
883 81531 91593 71 129361
884 81601 86357 54 104088
885 81623 89422 8 95055
886 81625 91374 84 260445
887 82042 90155 126 432385
888 82084 94108 97 602671
889 82108 88818 37 69425
890 82430 90985 31 155477
891 82451 89905 20 42962
892 82644 86070 61 57201
893 82743 85955 132 37997
894 82766 89617 64 235012
895 83035 88977 85 174577
896 83036 98734 19 74326
897 83061 94518 35 105736
898 83219 83965 45 22328
899 83272 94884 134 377095
900 83495 96148 26 39837
901 83602 84268 7 2006
902 83610 90525 23 31288
903 83897 86189 10 4893
904 83932 90640 53 183372
905 84061 84737 13 4121
906 84091 90717 87 114078
907 84139 95148 5 20649
908 84195 89012 88 306357
909 84255 85339 28 16374
910 84304 88866 65 196026
911 84356 97572 71 305401
912 84405 86959 21 16648
913 84406 87170 109 135141
914 84674 85089 21 3535
915 84897 88722 130 416481
916 85006 89370 26 29919
917 85124 90451 59 117892
918 85211 85978 6 1008
919 85269 85603 19 3688
920 85399 98569 63 462664
921 85408 94367 117 235171
922 85789 90231 56 62701
923 85925 99145 39 393383
924 85956 90703 40 113735
925 85959 88921 44 39761
926 86057 89886 50 61762
927 86210 92785 30 171202
928 86323 87676 51 31244
929 86341 95360 87 153392
930 86676 88068 57 31541
931 86815 92032 16 83017
932 86839 95303 19 25116
933 86855 88778 95 166567
934 87016 96030 49 82190
935 87066 88503 119 147190
936 87211 94549 141 853127
937 87300 88860 128 127049
938 87317 94059 7 29768
939 87337 91763 49 113095
940 87389 98377 108 539948
941 87415 92722 131 507397
942 87449 93058 43 125654
943 87541 88637 36 24033
944 87545 89877 25 19069
945 87997 99579 122 803058
946 88046 92215 22 70521
947 88057 90775 35 38944
948 88266 98847 20 104140
949 88571 92613 21 16614
950 88600 88838 4 671
951 89216 89304 38 3267
952 89256 97175 73 482407
953 89659 94340 87 224472
954 89828 92863 133 176645
955 89841 99355 78 323421
956 89878 94963 106 218581
957 90177 90221 17 739
958 90403 95669 65 96835
959 90730 92790 66 41308
960 90776 98915 22 168209
961 90857 92503 133 167648
962 90882 90994 38 3891
963 91188 96981 7 26425
964 91529 97090 43 27430
965 91573 92930 9 4937
966 91648 93257 94 138671
967 91711 92201 8 1484
968 91721 94268 83 51438
969 91767 92298 125 28294
970 92019 95240 146 283161
971 92134 95436 98 136664
972 92586 99607 22 74739
973 92623 98191 79 265327
974 92707 93030 69 15658
975 92886 94446 4 9329
976 93307 94889 44 61702
977 93380 94321 145 36284
978 93475 93974 23 4586
979 93485 94680 68 171947
980 93972 94835 36 12330
981 94067 98970 130 502115
982 94229 97186 35 110875
983 94556 97609 122 441114
984 94668 95453 35 10432
985 94907 95319 8 664
986 94916 98294 38 76178
987 95066 96621 22 12874
988 95309 99893 21 51498
989 95513 98334 107 62433
990 95735 96140 73 10409
991 95787 99627 26 43356
992 96221 97457 8 16131
993 96326 98177 36 24322
994 96388 97145 4 1177
995 96835 97965 24 5617
996 96894 99824 56 132078
997 98039 98665 6 2922
998 98642 99213 28 10496
999 98692 98770 109 5461
