50 1000 0.034
..................................................
..................................................
..................................................
..................................................
..................................................
..................................................
..................................................
..................................................
..................................................
..................................................
..................................................
..................................#...............
.............###....##............####............
..............####.###...........#####............
.............#######.............#................
..............#.###.#...........##................
.................####.............................
..................###.............................
#..................###............................
####...#............#.............................
.##....#..........................................
######.#....###...................................
#########.######..................................
####..##.....###..................................
#####.###...######................................
##..####..#####.#.................................
##..##....####....................................
.#........##.#....................####............
...........##.......................#####.........
....................................####..........
.....................................#............
....................................##............
.....................................#............
....................................##............
..................................................
..................................................
..................................................
..................................................
..................................................
..................................................
..................................................
..................................................
..................................................
.....................................#............
.....................................####.........
......................................##..........
......................................##.#........
......................................####........
.....................................#.###.#......
....................................########......
0 285 10582 14 87480
1 343 14880 107 392183
2 405 4041 82 83468
3 488 2914 143 218843
4 543 2107 81 58991
5 578 5762 139 229143
6 783 13235 101 275170
7 804 2819 108 75781
8 989 6527 15 34037
9 1048 10428 12 38550
10 1158 6200 39 47357
11 1210 7264 134 302563
12 1380 9052 114 397142
13 1397 6049 27 33655
14 1444 23467 11 70171
15 1643 14828 5 15198
16 1667 36276 5 124630
17 1798 21320 23 200098
18 2016 3364 54 23560
19 2076 25204 47 448872
20 2203 7200 7 13190
21 2344 4398 16 23721
22 2387 10072 16 46767
23 2480 6829 14 145339
24 2571 9274 33 190370
25 2655 21585 54 779074
26 2674 21564 17 50020
27 2728 4682 129 147918
28 2754 7077 150 306913
29 2833 5506 5 1540
30 2847 3953 44 14776
31 3418 9943 52 412412
32 3447 7966 143 247463
33 3599 5715 13 19594
34 3607 16399 131 983136
35 3707 5234 6 9216
36 3709 5924 74 94874
37 3774 20687 6 63340
38 3806 10760 112 288495
39 3822 13622 28 100707
40 3885 8903 40 58147
41 3925 13312 103 450604
42 3970 12227 9 10602
43 4013 24304 10 119780
44 4028 36502 99 1068546
45 4206 18737 33 74053
46 4227 9124 19 20245
47 4289 4419 15 912
48 4313 23615 71 721723
49 4447 13397 26 60853
50 4505 6107 18 8500
51 4602 14916 34 175152
52 4697 5931 38 14713
53 4726 6132 8 13134
54 4731 7662 42 52445
55 4783 9787 10 18289
56 4883 22662 31 741051
57 4910 8778 132 93695
58 4921 6159 33 17185
59 5039 36167 74 927292
60 5252 5619 13 4523
61 5328 5957 107 23603
62 5395 5906 45 15733
63 5682 62040 53 1012759
64 5687 11417 125 215088
65 5689 54364 142 4662235
66 5703 11387 62 291184
67 5714 8471 64 79598
68 5797 14391 54 413560
69 5855 8878 46 143147
70 5856 11018 149 833180
71 6028 6589 32 5589
72 6368 7898 4 4527
73 6418 26362 61 125674
74 6443 19853 59 627327
75 6756 25275 61 122538
76 6826 10906 135 203066
77 6980 13380 9 62352
78 7047 16765 134 927512
79 7109 10985 5 2865
80 7125 10825 124 214174
81 7154 19779 97 896639
82 7374 11870 146 511683
83 7466 11902 68 101157
84 7531 11239 110 86373
85 7578 19063 81 285964
86 7681 8396 12 2914
87 7733 10301 113 52450
88 7951 9733 5 1945
89 7963 11085 32 14504
90 8039 24108 38 252794
91 8050 38543 84 1731866
92 8132 21026 62 398077
93 8194 18148 41 65283
94 8372 24580 57 318882
95 8381 10414 97 129366
96 8472 28483 58 128904
97 8484 13248 32 60519
98 8657 9410 135 67143
99 8699 14427 139 324533
100 8763 15696 77 282728
101 8815 12122 73 60518
102 8866 22488 98 506233
103 9132 16477 145 412151
104 9199 23111 87 570433
105 9236 11430 21 47485
106 9282 25905 121 1081533
107 9402 9589 31 5386
108 9455 9996 72 27993
109 9460 23648 59 376066
110 9586 13362 125 308900
111 9678 31898 50 831477
112 9689 14001 89 337085
113 9700 14203 121 232832
114 9702 22181 59 563471
115 9772 13713 8 13165
116 9816 17948 80 327621
117 9881 12508 98 206740
118 9982 15141 94 130085
119 10086 10246 18 5898
120 10195 27601 59 428188
121 10262 18528 7 35131
122 10313 22174 36 214365
123 10427 28282 133 363398
124 10561 12189 23 9062
125 10675 11507 102 35894
126 10733 14983 110 114780
127 10778 11063 146 17814
128 10892 15521 16 18334
129 11113 18091 122 203410
130 11219 11784 29 11019
131 11331 17583 80 173402
132 11368 13472 130 126557
133 11369 11737 8 1246
134 11468 26049 24 102121
135 11489 13315 70 42708
136 11550 13798 56 65642
137 11560 16947 75 344460
138 11705 23246 6 15413
139 11831 16011 77 130429
140 11959 18247 7 39398
141 11971 16500 79 92680
142 11975 26690 86 825435
143 12067 24787 73 439153
144 12140 23008 66 152977
145 12339 23090 9 58442
146 12389 14435 51 77519
147 12450 12763 51 5195
148 12455 26429 52 401089
149 12640 18423 32 67939
150 12874 17455 119 207842
151 12994 19705 19 33940
152 13055 27095 15 50621
153 13133 18409 53 59733
154 13167 18517 50 80653
155 13192 17806 97 190700
156 13385 15569 62 104369
157 13429 16612 100 150299
158 13496 15032 8 3526
159 13508 38351 40 250621
160 13551 18984 72 396624
161 13592 17101 37 63045
162 13595 19356 100 340988
163 13616 14572 107 121276
164 13687 24748 118 366341
165 13704 20920 12 110571
166 13754 13768 123 2943
167 13891 19212 50 93547
168 13901 24661 12 71352
169 14015 20617 94 382892
170 14030 15505 6 5339
171 14102 21007 143 340466
172 14195 14328 25 1557
173 14455 33196 37 907582
174 14733 22936 58 180607
175 14896 46451 48 454135
176 14908 16823 70 40597
177 14999 35771 141 1211301
178 15423 22711 24 104882
179 15429 28691 15 64455
180 15508 17653 54 23521
181 15589 17758 99 123454
182 15620 16746 103 90245
183 15642 32543 8 112086
184 15763 19343 4 5135
185 15870 19951 10 13063
186 15909 18937 54 121046
187 15925 26285 69 197510
188 15970 20872 37 161388
189 16031 16404 55 24596
190 16060 16580 22 8144
191 16284 18168 16 16776
192 16353 18087 51 34376
193 16445 17797 6 2529
194 16513 18039 50 33199
195 16570 17431 62 104273
196 16629 33775 7 48010
197 16655 19406 114 232408
198 16756 17487 81 22141
199 16826 31545 19 79933
200 16933 39982 62 304075
201 17073 23868 121 351233
202 17185 27304 102 219336
203 17309 19613 57 67936
204 17353 18848 50 36615
205 17458 21903 121 227698
206 17569 20329 8 7673
207 17815 30500 98 498870
208 17998 22527 74 204071
209 18081 22166 61 124070
210 18207 18736 85 3642
211 18424 20508 6 13301
212 18557 33001 30 155924
213 18698 21954 94 93335
214 18714 31398 4 14736
215 18751 19305 5 1608
216 18810 20113 17 22082
217 18852 27604 117 750297
218 18944 23124 137 53388
219 19016 26225 121 504544
220 19202 44435 13 337399
221 19312 21398 126 163579
222 19344 31300 59 386147
223 19401 26988 45 37391
224 19407 29932 4 9228
225 19562 21865 85 196045
226 19709 21649 61 75018
227 19783 30176 112 131604
228 19998 31872 36 588019
229 20034 20734 11 7562
230 20426 20526 4 331
231 20582 36418 126 579360
232 20622 41072 16 147427
233 20628 24912 42 112037
234 20725 22369 30 26242
235 20727 31489 42 252596
236 20824 21947 49 30321
237 20963 24403 16 49396
238 21010 28208 10 104653
239 21180 36785 60 513806
240 21304 54465 34 391741
241 21395 34893 99 254384
242 21396 31607 55 152657
243 21410 33465 45 114848
244 21438 28904 64 262358
245 21455 25780 34 23540
246 21650 34810 38 240725
247 21699 30365 8 19806
248 21718 26101 128 122062
249 21775 26518 125 160035
250 21831 24029 6 9658
251 21870 29525 135 357082
252 21908 27712 84 341651
253 21993 23995 55 122012
254 22085 32391 14 122083
255 22411 41199 96 397419
256 22414 26955 51 151286
257 22489 50551 15 128268
258 22491 33582 61 217577
259 22528 29282 148 431054
260 22617 27566 66 182747
261 22909 27021 60 244994
262 22940 28332 12 6703
263 23119 27016 141 134131
264 23402 38475 51 606918
265 23429 45163 53 775112
266 23563 26076 143 201674
267 23924 27144 24 35268
268 23927 38703 8 55324
269 23935 24352 116 54499
270 23951 31664 104 246006
271 23976 29448 109 229611
272 23981 36383 39 769704
273 24111 26467 8 7264
274 24158 35614 102 490013
275 24191 26379 14 16874
276 24241 31148 89 295401
277 24307 36050 121 435067
278 24539 26514 131 362435
279 24626 32556 17 41054
280 24652 27739 35 13482
281 24751 26780 52 67826
282 24763 41750 62 270770
283 24893 35032 32 118541
284 25056 26974 13 5305
285 25077 34042 56 83707
286 25116 36625 16 88279
287 25180 34626 72 407074
288 25193 32132 9 54726
289 25209 44337 42 312476
290 25309 42145 16 191219
291 25312 38364 109 485661
292 25345 29124 30 19801
293 25422 28042 126 152711
294 25459 38001 21 156251
295 25480 28180 143 167440
296 25619 28011 79 75508
297 25649 27767 38 39021
298 25706 44602 27 160819
299 25877 38719 128 922928
300 26039 29131 51 115064
301 26239 50273 18 300628
302 26316 28108 8 7624
303 26522 28878 145 205728
304 26600 29330 19 21364
305 26813 31115 5 16341
306 26816 27070 115 8947
307 26834 47642 100 696476
308 26854 35825 102 170456
309 26934 57616 74 1097152
310 27077 32614 118 211321
311 27078 36531 46 185278
312 27141 42543 22 274581
313 27267 28576 29 35112
314 27284 32272 68 701817
315 27357 36803 85 846368
316 27363 32329 83 130065
317 27387 50769 87 416756
318 27422 30571 66 23551
319 27574 36596 77 538124
320 27707 55458 99 1053933
321 27860 35252 14 42058
322 27887 51418 32 194815
323 27920 57351 5 83671
324 28112 33406 29 55494
325 28204 29935 8 6023
326 28241 36906 24 93668
327 28280 52597 93 910076
328 28427 35479 5 33197
329 28461 64626 79 728800
330 28498 29491 139 32809
331 28554 33163 112 148144
332 29051 29055 10 85
333 29090 44286 64 215139
334 29142 37336 85 333744
335 29171 35145 76 540845
336 29222 49204 41 311615
337 29314 37562 57 146198
338 29340 73520 19 341369
339 29494 41039 11 119402
340 29528 36014 22 38260
341 29532 40751 71 265299
342 29800 34358 104 158868
343 29857 33065 29 50836
344 30104 43287 7 28748
345 30118 35560 65 409141
346 30132 34859 71 60378
347 30270 33448 27 46651
348 30314 46708 5 69939
349 30322 56235 26 139414
350 30471 38188 115 142109
351 30539 31403 48 31067
352 30546 32847 60 95045
353 30754 37313 17 56315
354 30801 63230 130 2993850
355 30814 32916 91 143395
356 30841 36375 60 194055
357 30970 31389 15 4015
358 31003 31175 102 11110
359 31061 39936 75 250766
360 31072 33198 6 4504
361 31161 31370 11 1696
362 31195 67016 79 3360230
363 31313 41617 5 29276
364 31363 45562 42 320197
365 31425 32134 94 25861
366 31542 41512 19 190113
367 31758 34503 10 16593
368 31826 35102 139 185878
369 32055 33590 5 3554
370 32125 35619 45 55837
371 32143 37029 77 250208
372 32222 37022 11 39190
373 32337 37309 149 325198
374 32340 33517 80 102346
375 32342 38705 17 21847
376 32432 34615 82 199429
377 32447 41696 35 382304
378 32481 65304 32 560606
379 32706 51030 95 1610327
380 32736 37009 63 45442
381 32798 42082 23 39783
382 32808 38436 98 77415
383 32811 36871 52 232041
384 32872 37645 92 72682
385 32969 40041 39 112964
386 33295 51616 43 271532
387 33416 54699 144 792784
388 33539 38571 74 106925
389 33589 34149 9 2639
390 33700 40130 127 530081
391 33717 36746 69 212744
392 33781 95998 17 138505
393 33790 51742 32 161328
394 34011 47891 61 749762
395 34137 35469 26 14559
396 34185 65533 30 449477
397 34218 34796 58 28414
398 34295 35665 83 65124
399 34345 50357 142 2195240
400 34439 35273 18 5020
401 34541 43440 22 35457
402 34664 36894 35 45865
403 34701 53458 6 29027
404 34919 36340 41 15078
405 35055 42042 9 27615
406 35180 38630 21 52160
407 35207 40854 66 206266
408 35284 47585 84 309172
409 35305 45624 25 192499
410 35456 37028 19 25203
411 35835 50546 60 138187
412 35842 38315 47 43030
413 36065 37349 95 152244
414 36189 46949 14 47166
415 36195 62310 36 399282
416 36378 37425 56 62386
417 36437 53382 134 652488
418 36623 68171 55 772172
419 36628 37387 73 9570
420 36640 40057 84 90477
421 36684 47057 24 40347
422 36886 47546 24 215407
423 36899 40923 12 7013
424 37030 40885 119 397589
425 37251 52383 89 791110
426 37364 60528 106 256937
427 37466 56856 10 39522
428 37500 41660 29 115852
429 37534 49209 135 503129
430 37538 43200 24 150259
431 37708 57429 6 92609
432 37810 52193 54 192287
433 37860 47970 135 812720
434 37883 48450 78 364033
435 38082 40695 7 6754
436 38139 44439 24 41187
437 38190 39710 81 123345
438 38223 59937 24 90012
439 38269 44530 16 36164
440 38319 47466 31 227987
441 38366 49827 22 68067
442 38380 39820 32 19385
443 38863 50373 47 408347
444 38955 42085 31 22818
445 39051 49079 16 54353
446 39134 46010 20 55370
447 39281 52092 14 123215
448 39512 54211 77 104073
449 39516 55469 78 511597
450 39665 42365 54 120042
451 39908 53343 12 84870
452 39971 54288 88 438748
453 39979 45574 65 187856
454 40208 87053 63 957101
455 40254 54537 12 116045
456 40278 47703 86 260237
457 40327 49180 5 24382
458 40341 41966 46 57531
459 40442 49519 28 77916
460 40480 44143 75 165822
461 40505 63705 27 209476
462 40622 45991 123 310575
463 40665 59725 5 56985
464 40675 41643 6 8177
465 40709 49936 94 279308
466 40873 43945 55 47129
467 40939 49753 54 290550
468 40966 76776 18 293793
469 40976 58422 34 293894
470 40981 50082 101 899158
471 41030 45764 46 59113
472 41077 44784 105 255665
473 41162 42382 73 142775
474 41249 43976 10 12432
475 41368 41886 32 15245
476 41409 44846 123 115300
477 41422 63063 5 43259
478 41455 42965 121 139574
479 41710 46183 121 609217
480 41859 57755 13 79918
481 42069 42748 16 2836
482 42071 59197 94 353644
483 42125 44993 104 126439
484 42127 56338 27 70955
485 42241 43656 96 56541
486 42321 52201 134 482776
487 42402 46433 80 156404
488 42438 48509 55 184587
489 42698 49719 12 57306
490 42702 44397 28 29667
491 42712 43445 24 6646
492 42773 50450 47 105751
493 43070 45020 82 79325
494 43105 50902 18 35938
495 43119 60912 41 148978
496 43243 47674 5 18130
497 43311 53545 120 267023
498 43318 46240 31 83479
499 43361 47566 52 107956
500 43651 44613 102 51080
501 43664 46284 23 42788
502 43683 47737 31 70062
503 43740 50882 136 332513
504 43801 64012 149 905162
505 44001 52353 28 89382
506 44173 46336 141 281339
507 44214 45657 16 11578
508 44248 48392 76 102811
509 44813 48318 111 331739
510 44877 47247 41 42633
511 44879 44963 140 23873
512 44952 54974 21 108837
513 44981 60319 9 59183
514 45113 46012 19 8882
515 45148 60674 56 534821
516 45210 59263 33 43750
517 45372 46116 21 10017
518 45373 46399 45 12091
519 45410 58778 68 410982
520 45445 87998 20 295791
521 45454 46174 33 12968
522 45491 50395 14 13601
523 45665 47893 107 750408
524 45844 47609 57 55728
525 46077 55254 15 48168
526 46202 66494 4 16293
527 46588 50703 64 93859
528 46680 64433 118 467185
529 46783 83417 68 793939
530 46827 51433 9 12433
531 46828 51261 40 109535
532 46861 58748 93 127770
533 47010 49467 24 46639
534 47055 80502 7 115448
535 47142 48186 24 14370
536 47275 47372 59 9586
537 47475 51149 44 129696
538 47618 52049 104 60041
539 47834 50019 56 17444
540 47867 50632 123 41485
541 48010 49133 5 1280
542 48161 58152 21 38801
543 48184 48855 95 18569
544 48216 52325 34 55866
545 48563 60019 27 210372
546 48637 52559 149 146257
547 48647 69703 20 152307
548 48689 54968 73 301680
549 48694 49890 65 27267
550 48748 61293 76 235157
551 48750 48788 140 3365
552 48842 56388 18 60485
553 48852 62433 53 306244
554 48923 54265 5 9341
555 48994 57132 18 96613
556 49290 50954 106 96562
557 49387 53688 47 76424
558 49403 52045 43 68537
559 49436 51820 137 212572
560 49552 55166 78 126595
561 49640 63191 9 42050
562 49754 53389 39 32858
563 49789 50027 37 7801
564 49948 51526 20 45256
565 50022 50136 23 2344
566 50392 63289 136 883031
567 50508 51026 12 4487
568 50646 54555 4 9221
569 50751 73240 15 78092
570 50944 62420 63 315258
571 50945 52704 22 22567
572 51078 54270 75 224541
573 51091 57345 30 69896
574 51331 57809 5 15501
575 51567 76359 48 278638
576 51718 58322 24 67562
577 51803 55869 24 18285
578 51881 56072 77 268407
579 51916 56517 48 34120
580 51958 60540 107 309416
581 52147 67456 56 789860
582 52377 54127 31 28264
583 52380 53828 76 102794
584 52390 54240 99 73468
585 52509 53005 95 22739
586 52526 71972 4 17741
587 52560 53313 36 21783
588 52585 75854 11 53095
589 52637 53701 9 2462
590 52690 53697 24 13769
591 52799 78664 41 334260
592 52889 58658 109 78758
593 52966 62000 11 96296
594 53150 56584 43 98934
595 53329 80769 43 555715
596 53366 63097 125 383823
597 53426 53463 13 403
598 53543 55650 93 233610
599 53566 56137 118 204958
600 53632 57597 12 33231
601 53665 86758 10 112876
602 53831 76271 65 497850
603 53866 54142 18 1264
604 53921 62824 14 42049
605 53923 59529 29 135991
606 53954 55432 112 48836
607 54126 59131 65 195040
608 54244 62545 102 374352
609 54548 55887 19 11177
610 54711 70677 35 81145
611 54806 62493 14 49882
612 54862 61634 18 89230
613 54864 56395 103 91023
614 54933 65514 97 514054
615 54935 64620 125 1657323
616 55040 78323 104 1230274
617 55041 59920 63 197485
618 55070 70122 15 78423
619 55073 56305 75 26053
620 55078 79467 9 132015
621 55138 67308 40 309738
622 55238 62362 20 115196
623 55456 65670 39 336787
624 55488 58482 12 31622
625 55633 85991 4 97494
626 55828 67278 26 380721
627 55920 59774 133 407817
628 55971 62508 83 427017
629 56172 61522 30 81489
630 56177 57656 122 90996
631 56210 70872 36 381514
632 56246 56376 140 12637
633 56382 69862 118 406945
634 56406 57381 42 32670
635 56648 58861 72 65773
636 56812 66544 26 29789
637 57063 58735 53 37967
638 57209 70496 39 136017
639 57301 77800 64 498334
640 57518 68176 40 230630
641 57563 59735 74 125995
642 57674 62224 8 16438
643 57832 58782 41 14050
644 57846 73232 10 32663
645 57852 65108 140 307214
646 57924 76241 113 625945
647 58089 69665 81 407517
648 58363 82144 34 188522
649 58431 60923 110 140067
650 58433 95823 142 1383867
651 58529 61635 50 29204
652 58589 64920 90 153558
653 58604 69723 74 172652
654 58615 71093 128 708532
655 58783 67484 127 574235
656 59157 63106 51 184400
657 59277 61082 56 13393
658 59469 60282 31 13386
659 59502 79911 37 329032
660 59859 77682 102 404152
661 59890 73505 42 147174
662 59947 77740 16 51267
663 60091 61526 54 22332
664 60094 64962 102 249406
665 60121 61660 19 16232
666 60260 64508 8 8220
667 60506 70507 11 42974
668 60593 63269 47 64563
669 60700 67708 50 85833
670 60866 65042 73 368914
671 60979 63520 66 103565
672 61092 86983 130 1410687
673 61144 75510 112 405004
674 61177 65314 18 7703
675 61398 70613 11 31072
676 61474 69438 55 239891
677 61520 79379 21 112465
678 61559 89159 50 161978
679 61629 69489 15 88975
680 61646 71857 128 414427
681 61647 76934 105 319386
682 61804 67134 140 525917
683 61876 65561 63 46857
684 61903 63239 6 6673
685 62046 77006 16 50141
686 62115 92339 79 2266270
687 62126 75536 36 198133
688 62129 63484 22 22852
689 62344 73417 90 265331
690 62441 63460 126 70293
691 62490 66230 38 142614
692 62542 64554 12 19609
693 62678 63615 60 25960
694 62688 87816 13 127974
695 62719 77807 58 293223
696 62746 67258 99 278547
697 62810 64713 59 17821
698 62819 71532 90 308890
699 62876 64003 108 50565
700 63102 66294 108 596031
701 63196 65229 45 96630
702 63333 63347 72 1221
703 63429 81261 99 1095230
704 63478 79804 42 159227
705 63641 70450 46 86222
706 63655 70675 34 52127
707 63672 73679 87 671211
708 63695 71042 7 15599
709 63751 64285 15 7454
710 63844 69839 7 12888
711 63915 81607 80 329788
712 64000 68556 18 152817
713 64013 73468 145 553909
714 64019 96777 103 552147
715 64178 85705 93 1724775
716 64314 69416 14 69629
717 64349 66959 11 24616
718 64566 67867 95 80590
719 64782 68988 95 871520
720 64849 75654 134 1099099
721 64992 74423 17 93465
722 65084 85017 12 49021
723 65136 73396 81 196989
724 65155 69627 30 71760
725 65213 82763 31 112695
726 65245 72567 55 448318
727 65425 68086 109 184852
728 65849 83187 7 41341
729 66061 67760 26 17730
730 66092 68969 15 24171
731 66123 69717 117 215983
732 66191 71826 41 100429
733 66477 73807 133 160885
734 66714 73701 35 51670
735 66926 81444 75 728043
736 66992 74251 135 395593
737 67029 93136 28 224950
738 67046 74098 8 16252
739 67050 93439 29 655593
740 67109 78560 56 591416
741 67246 93827 63 543121
742 67348 77315 20 68321
743 67462 71163 139 435078
744 67512 78481 17 94736
745 67608 83402 67 304642
746 67679 76305 93 1389643
747 67712 80268 55 265145
748 67990 70466 23 28939
749 68107 73434 29 25627
750 68141 68294 4 305
751 68333 76490 9 44209
752 68404 71407 26 54448
753 68583 75557 102 553304
754 68592 72400 15 20450
755 68616 69925 100 96169
756 68619 70152 148 106669
757 68660 80673 58 124925
758 68721 77155 63 107294
759 68819 82355 88 872653
760 68822 80096 25 207749
761 68829 69232 23 6850
762 69000 75934 94 216462
763 69023 73737 7 23006
764 69031 69413 49 8996
765 69049 72265 41 60098
766 69159 96820 10 101200
767 69168 73068 146 347190
768 69300 71124 18 69965
769 69491 73572 34 167960
770 69551 76932 23 26809
771 69610 71208 50 14967
772 69668 87958 88 545010
773 69794 81121 57 458656
774 70040 72003 37 7405
775 70065 77104 83 121375
776 70081 74321 10 7067
777 70112 74073 8 14514
778 70223 73091 73 306316
779 70527 84362 144 671026
780 70711 74352 86 126089
781 71028 74963 32 37265
782 71035 79050 31 285006
783 71229 72811 93 31807
784 71293 71636 13 1165
785 71381 84638 150 315982
786 71436 84973 39 141646
787 71463 76135 133 94741
788 71464 87843 123 406602
789 71487 76553 53 168247
790 71542 77233 71 80853
791 71594 75811 53 216971
792 71643 82824 55 311647
793 72182 78858 53 79307
794 72391 85924 128 519739
795 72446 79526 19 33725
796 72498 79650 129 352648
797 72659 87844 21 90486
798 72820 84831 21 28527
799 72872 73862 45 17910
800 72914 75503 69 107925
801 73093 77076 18 16691
802 73129 83435 7 87369
803 73180 85060 125 926732
804 73402 87526 17 38940
805 73408 79789 10 32861
806 73641 79888 124 539075
807 73762 81290 5 3715
808 73877 78073 127 243279
809 73977 78658 39 25613
810 74305 74699 66 50565
811 74311 74988 31 11512
812 74385 78017 122 218119
813 74600 85172 89 230559
814 74622 85424 55 330896
815 74638 85989 82 124564
816 74661 77206 25 20155
817 74713 78980 16 92686
818 74934 78254 37 19627
819 74962 75264 60 5104
820 75044 78156 87 154932
821 75100 82159 75 358714
822 75143 76483 125 70450
823 75271 88070 37 650106
824 75513 76303 43 19894
825 75753 77146 7 11254
826 75798 83296 17 31236
827 75929 76000 53 2777
828 75987 78694 21 38872
829 75988 76848 7 5731
830 76051 83632 12 68989
831 76219 84166 21 59313
832 76661 82348 25 71064
833 76883 77090 21 1259
834 76918 77568 27 8523
835 76992 82660 10 38265
836 77100 94317 21 188670
837 77120 84595 43 123758
838 77271 81687 10 35960
839 77380 84609 13 28058
840 77398 80616 34 41107
841 77822 92359 149 350033
842 77916 83928 59 82166
843 77984 79983 59 22894
844 78082 86218 45 233413
845 78138 91446 31 152489
846 78337 84292 6 10381
847 78344 90798 101 315863
848 78348 83920 91 127878
849 78412 86139 71 145399
850 78471 88808 12 36765
851 78745 95977 66 660070
852 78747 83358 49 60653
853 78817 85402 26 59453
854 78954 79630 48 15941
855 79088 84416 26 98918
856 79121 83082 131 277385
857 79201 86407 55 146567
858 79506 79858 114 32283
859 79583 83727 40 84869
860 79799 90202 5 23922
861 79930 83297 25 25517
862 80107 95376 20 100260
863 80165 89126 108 1084880
864 80198 94386 33 67508
865 80240 86297 22 52640
866 80285 80839 21 3735
867 80339 84892 149 114373
868 80398 80807 41 8369
869 80450 82003 133 67938
870 80465 86053 26 171363
871 80507 92808 62 166284
872 80513 83050 135 423134
873 80598 91624 13 92617
874 80824 91378 12 12097
875 80944 85785 98 81675
876 80954 89941 118 235446
877 81193 90261 74 398811
878 81200 84920 69 302010
879 81204 84012 88 66754
880 81369 83485 87 60441
881 81476 86164 93 146291
882 81498 83217 6 1934
883 81573 88465 104 181609
884 81758 89948 69 130123
885 81781 95058 131 658405
886 81905 83078 93 55990
887 81965 89194 7 29672
888 82002 86975 97 104594
889 82044 91915 108 359725
890 82134 90631 21 37995
891 82187 88280 11 47800
892 82198 97300 38 121330
893 82385 90790 42 195714
894 82429 83635 8 6540
895 82635 97961 150 1547238
896 82737 88271 68 232370
897 82861 98542 102 491760
898 82910 92039 45 187488
899 82965 84232 29 10520
900 83001 83801 82 80811
901 83019 91085 37 68243
902 83028 83053 66 1492
903 83071 96381 49 285392
904 83074 90674 145 1581424
905 83107 84281 18 7667
906 83364 94601 56 255571
907 83715 85915 7 17442
908 83718 88379 65 140873
909 84206 89535 89 213626
910 84295 89527 13 15478
911 84364 91685 8 43120
912 84456 85940 15 11202
913 84497 96434 17 71682
914 84620 88669 97 179425
915 84669 86031 105 40769
916 84728 86528 18 7987
917 84912 87544 8 14335
918 85023 97170 114 568000
919 85111 90933 15 33530
920 85244 90199 5 26118
921 85333 88020 135 104473
922 85499 85951 50 12568
923 85598 90112 67 186266
924 85777 90966 114 214281
925 85846 86929 8 5575
926 85863 93056 10 27727
927 85979 90258 115 168445
928 86144 88213 56 75081
929 86183 87874 89 58436
930 86271 93536 25 197516
931 86492 88617 82 85292
932 86610 90383 94 72715
933 86734 88315 130 179145
934 86737 88182 22 19766
935 86751 87935 88 93771
936 86786 88441 133 205621
937 86810 87930 146 220594
938 87044 99323 120 679825
939 87546 91982 132 227164
940 87699 88032 5 695
941 87828 89840 137 39809
942 87886 96243 23 106419
943 87988 91287 68 118653
944 88187 95892 45 273478
945 88323 94982 54 181383
946 88914 89683 42 29175
947 88941 95937 76 151576
948 89163 97899 102 243874
949 89272 90283 131 81304
950 89373 93687 81 86462
951 89522 90782 11 10330
952 89912 94324 71 105458
953 90055 90602 53 12002
954 90426 92354 76 24106
955 90600 99647 7 23119
956 90658 91158 79 36706
957 90873 91413 97 19363
958 90956 93924 71 36515
959 91019 91509 84 27095
960 91094 96567 49 180244
961 91135 94911 126 28306
962 91250 92052 22 8142
963 91275 99082 89 358393
964 91334 94416 53 29073
965 91426 99979 47 158577
966 91806 98526 136 514234
967 92296 94615 42 47755
968 92380 98981 128 531651
969 92878 93134 18 3264
970 92971 93671 100 80074
971 93024 96252 12 6246
972 93075 97675 137 137649
973 93114 94665 132 179689
974 93234 96772 44 104271
975 93538 99226 140 185564
976 93633 99130 23 113479
977 93815 95216 15 14582
978 93861 99315 26 112304
979 93898 95142 132 99778
980 94136 98781 20 88124
981 94137 96297 104 120997
982 94283 96561 129 136133
983 94292 95026 25 30106
984 94380 96330 36 169429
985 94395 95259 28 17102
986 94422 97759 95 68331
987 94464 99521 88 123660
988 94534 96640 39 46258
989 94553 95008 53 10823
990 95137 98134 17 36099
991 95139 95344 59 8127
992 95981 97686 147 97045
993 96916 97803 8 9269
994 96924 99044 75 186701
995 97798 98397 92 10656
996 97845 98388 8 5451
997 98292 99102 18 7887
998 98581 99391 71 10929
999 99159 99193 80 1135
