50 1000 0.002
.....###.############.............................
.....####..#.##########....................#......
...######.#.########......................###.....
...##################.....................###.....
.....#####.#############.................#####....
......###.###.##..####................######......
###..###########...###............##.##########...
##############....###...........##.#######.####...
..#############...#.##..........##############....
.################...#............############.....
###############.....###..........####.####........
############.#...................###########......
##############.................##########.#.......
#######.####.#.................###.#..#.#.........
###########....................########...........
.###.#####.......................#####............
..###.#.#.........................................
...#.#..####......................................
...####.#.##......................................
...#####.#####....................................
.....#.##.#####...................................
...#######..###...................................
...#######.######.................................
...#############..................................
..##########.####.................................
..################................................
...#################..............................
....##.####.#########.............................
.....#.##############...........................#.
......######.....####..........................##.
........#.##.....##...........................####
...........##.....#...........................####
...........................................#######
............................................######
..........................................########
.......#............................#......#.#####
.....####.#.........................#####..#######
......######........................##############
.....#######...........................###########
.....#######.........................###########.#
....###########.......................#.##########
..#.#########.#........................###########
.######.#######......................###.#####.#.#
..##.....####........................#########.##.
.........####.........................##########..
........#####.........................###..##..#..
.....#.#####.......................#.###.######...
...#######.........................#############..
...#.#.#.##........................##############.
....##.#.............................##########...
0 82 6332 38 92318
1 448 4099 79 312652
2 608 1794 10 13463
3 638 4164 41 119475
4 680 2300 5 5716
5 1048 4096 45 105668
6 1286 3734 45 42687
7 1358 4756 92 203078
8 1546 4371 97 266322
9 1562 4317 8 19269
10 1571 5463 108 122602
11 1604 4163 41 136525
12 1614 1750 30 3361
13 1686 3720 17 3774
14 1705 2290 30 5095
15 1739 1910 131 3526
16 1804 2753 111 21641
17 1806 2508 134 46038
18 1848 8431 8 27804
19 1897 2315 50 6470
20 1960 2414 72 12305
21 2065 2692 99 20424
22 2130 2785 17 5141
23 2294 4534 138 147893
24 2437 2864 5 1873
25 2534 6300 133 212045
26 2669 4181 109 163841
27 2751 5837 76 98853
28 2821 9275 129 677186
29 3012 4507 35 15354
30 3040 3364 149 31680
31 3132 13814 8 13933
32 3247 5712 8 9167
33 3263 4012 93 46038
34 3384 7987 66 157893
35 3422 4281 73 25030
36 3500 5634 102 314222
37 3638 8147 20 27501
38 3668 7284 76 73546
39 3731 6889 17 8654
40 3803 5419 115 231653
41 3900 6403 58 84767
42 3918 9607 20 67037
43 4026 7970 143 187249
44 4113 6452 23 37273
45 4140 5221 64 73312
46 4353 5668 6 1466
47 4403 8268 132 353245
48 4424 7523 49 78722
49 4485 13358 90 153480
50 4592 5606 146 64747
51 4672 10788 16 68989
52 4762 4863 80 2847
53 4788 7109 7 12455
54 4813 9311 49 90201
55 4829 9867 58 64339
56 4939 11660 22 56084
57 4940 16784 6 28882
58 5059 9802 37 75777
59 5068 8422 34 48608
60 5232 9705 57 99574
61 5297 6431 51 41542
62 5354 16128 117 441300
63 5425 10405 18 40575
64 5434 6486 38 18067
65 5451 17590 107 820770
66 5501 6127 112 102970
67 5509 5667 8 859
68 5533 5735 13 2102
69 5572 7074 77 61735
70 5594 10713 6 5952
71 5721 12938 57 178859
72 5845 13404 26 131804
73 5870 17815 66 216404
74 5889 8055 22 52104
75 5919 8091 126 272543
76 6082 9636 90 108263
77 6185 8157 72 63252
78 6218 9222 25 16983
79 6296 14189 71 264988
80 6323 10221 82 70904
81 6466 13074 69 97944
82 6494 29045 78 864630
83 6518 7939 45 28273
84 6805 7842 63 19015
85 6914 12984 104 194173
86 6966 7788 38 21778
87 7055 7570 60 17152
88 7101 9072 115 135387
89 7277 7890 103 27071
90 7448 10205 11 4998
91 7462 15840 34 101400
92 7489 10384 136 197796
93 7550 10144 75 123803
94 7628 15760 17 41360
95 7755 8797 12 4063
96 7818 12387 8 12563
97 8079 10731 76 112050
98 8144 10351 90 178178
99 8158 8434 70 12794
100 8186 11389 97 135635
101 8307 10611 80 76175
102 8359 12188 41 63934
103 8381 10739 30 67922
104 8401 26971 101 1036866
105 8511 12383 146 123751
106 8521 9502 7 3843
107 8585 10138 113 221274
108 8622 14114 131 295299
109 8764 10479 68 110868
110 9410 13600 16 43093
111 9514 11284 115 48592
112 9559 18179 38 177080
113 9684 10940 141 124818
114 9741 10200 59 7914
115 9851 11184 92 64669
116 10057 11466 48 54169
117 10116 12787 107 120096
118 10188 10431 45 6403
119 10345 13419 71 76335
120 10388 11626 19 8435
121 10443 13529 27 39764
122 10529 12158 48 57237
123 10581 12512 51 66864
124 10596 12214 111 43501
125 10782 11642 35 22117
126 10822 12034 122 120249
127 10845 16936 132 214606
128 10872 14523 68 528559
129 10884 11713 47 68320
130 10981 11756 110 43386
131 11155 11950 64 20334
132 11230 17657 34 164504
133 11543 20059 46 127454
134 11558 11994 18 2557
135 11702 17171 37 56488
136 11759 19537 20 63574
137 11934 26775 57 507390
138 12001 14969 116 207330
139 12134 12832 62 16395
140 12249 12554 137 50490
141 12291 20219 29 255953
142 12358 15990 10 19994
143 12603 13954 6 5836
144 12660 12736 25 1381
145 12724 13186 37 7020
146 12775 16519 85 174019
147 13134 26014 103 1015294
148 13173 15577 44 43225
149 13196 18304 39 54441
150 13226 17134 40 131082
151 13259 13816 5 1774
152 13388 16511 49 107728
153 13451 15086 111 164789
154 13611 17913 102 111672
155 13665 17813 20 39862
156 13682 16002 4 5018
157 13724 17774 86 133370
158 13833 18585 36 19636
159 13920 19008 24 57626
160 14149 22399 13 31972
161 14170 16268 84 122508
162 14210 20663 119 631566
163 14282 15672 12 6610
164 14288 14726 25 6108
165 14328 14930 109 84550
166 14415 18782 19 31710
167 14441 21862 76 162897
168 14611 16789 93 100221
169 14676 26729 82 438905
170 14732 22339 67 194106
171 14805 14923 27 2106
172 14817 20735 27 29108
173 14856 16999 10 2983
174 14939 16613 17 7992
175 14944 19505 124 435140
176 15099 18419 12 10780
177 15146 15915 138 66733
178 15266 24618 35 174410
179 15291 19936 18 23648
180 15317 15926 118 93902
181 15391 16096 54 20882
182 15491 29623 54 214529
183 15551 26945 14 49733
184 15629 18465 36 20671
185 15639 16210 19 5202
186 15655 16625 17 4777
187 15665 18665 69 130877
188 15930 18164 147 186337
189 16001 27960 10 43888
190 16053 16421 121 19658
191 16199 24752 61 190995
192 16696 19279 15 17335
193 16707 24796 103 801564
194 16994 22338 24 98560
195 17093 19276 38 26205
196 17125 18415 6 6618
197 17243 19577 26 24204
198 17360 19300 124 128801
199 17588 18944 46 56349
200 17739 18535 110 56752
201 17748 21620 12 7616
202 17855 19634 13 11245
203 17869 19154 20 9527
204 17915 27056 69 318591
205 17963 21035 41 158344
206 18193 21261 149 163074
207 18233 21856 33 35855
208 18307 20152 118 48743
209 18905 20128 40 58005
210 18908 20978 123 65597
211 19000 19294 78 11157
212 19072 22366 31 78223
213 19086 23016 6 4138
214 19174 22164 112 124013
215 19298 19896 15 10839
216 19391 20064 85 35234
217 19555 19755 80 5930
218 19556 21452 108 115293
219 19829 25470 17 133254
220 19987 20835 84 27950
221 20106 29896 64 109530
222 20306 21367 102 35113
223 20399 22429 19 31416
224 20416 24683 62 51508
225 20494 24865 37 158189
226 20606 20789 85 8012
227 20702 22769 42 52772
228 20779 31773 55 256269
229 20791 23790 23 19701
230 20793 21332 146 21650
231 20889 21565 49 36056
232 21013 21144 8 510
233 21028 24669 16 33736
234 21062 23011 33 31931
235 21088 29694 145 236621
236 21244 27835 7 35425
237 21292 24408 30 13034
238 21450 27224 24 30101
239 21568 23778 94 111979
240 21728 22281 43 36018
241 21757 30110 140 260323
242 21794 23242 71 35072
243 21839 26722 138 165486
244 22194 31643 50 269698
245 22341 27690 86 291290
246 22377 25956 109 251743
247 22386 23383 90 46754
248 22437 27564 32 50462
249 22572 25466 57 87345
250 22604 25162 45 45503
251 22891 23004 17 825
252 22919 27421 21 46107
253 22989 26271 28 45895
254 23116 24011 31 22039
255 23130 23132 45 110
256 23246 24866 7 14858
257 23336 24557 61 30125
258 23358 26543 12 24528
259 23398 24063 94 39430
260 23639 33746 67 458018
261 23656 28148 14 25342
262 23757 25762 7 9725
263 23782 46632 112 2059582
264 23969 25946 13 10283
265 24343 24413 103 7433
266 24345 24821 99 17303
267 24392 27471 37 46806
268 24420 25851 70 111417
269 24450 27525 51 150488
270 24678 42555 42 529703
271 24707 26311 48 16937
272 24722 26664 129 44574
273 24834 26594 4 5164
274 24848 29778 94 144242
275 24849 30669 130 173528
276 24867 27984 65 87521
277 25044 30425 82 476185
278 25249 41996 131 1720628
279 25307 31962 17 56270
280 25411 26325 89 41298
281 25420 26050 27 7619
282 25517 30090 89 270519
283 25621 29256 122 515343
284 25663 36859 5 58778
285 25724 27538 86 158964
286 25944 27434 38 83555
287 26048 27051 25 13936
288 26061 29852 38 68549
289 26069 26328 36 9076
290 26245 39402 7 63669
291 26518 26884 60 5047
292 26778 30202 64 302430
293 26882 36677 10 15792
294 26896 28202 6 2598
295 27088 28267 22 10236
296 27337 28452 57 45346
297 27406 29272 33 28233
298 27420 28912 55 31179
299 27441 29598 32 53906
300 27596 28809 43 34960
301 27617 30667 116 335672
302 27941 34800 48 257554
303 28003 30030 6 2261
304 28079 30161 51 52874
305 28289 32478 121 232685
306 28405 28629 31 1841
307 28410 31523 146 271974
308 28455 30014 67 76523
309 28554 35139 60 362710
310 28562 34957 94 106777
311 28570 29927 25 16505
312 28618 28908 42 8166
313 28694 29793 31 20624
314 28843 32241 67 179396
315 28853 35377 104 238206
316 28872 30948 31 84182
317 28876 30369 8 3201
318 28899 36770 133 503175
319 29228 42564 78 651834
320 29341 31066 21 40771
321 29776 35048 117 424857
322 29782 31940 48 99382
323 29809 31430 53 66873
324 29830 30251 61 8932
325 30052 33969 118 327848
326 30056 34722 78 311587
327 30222 34923 28 41674
328 30383 36123 46 68424
329 30417 31381 143 345142
330 30566 30936 68 20560
331 30677 38439 33 120045
332 30710 31780 42 20329
333 30720 31734 29 4298
334 30784 31884 20 5164
335 30788 32555 19 65690
336 30929 37439 12 99053
337 31096 32853 67 63386
338 31192 31919 117 27373
339 31214 32800 85 75243
340 31248 31607 11 2040
341 31356 34893 102 128169
342 31680 32451 35 16286
343 31787 33015 53 34285
344 31817 33957 30 18134
345 32030 32084 51 3205
346 32314 34830 35 50801
347 32400 34210 124 199167
348 32515 33836 147 57745
349 32524 35724 8 18160
350 32692 39912 125 440916
351 32816 33236 104 27068
352 32863 44311 18 143671
353 32898 33506 27 9977
354 32923 33856 137 55553
355 33056 38223 67 78276
356 33062 40035 9 24898
357 33083 36059 9 14473
358 33088 33380 96 12181
359 33098 34390 27 15535
360 33244 34445 70 43061
361 33267 34128 11 5141
362 33305 33745 42 10208
363 33310 33534 19 3054
364 33431 40372 6 15757
365 33478 47797 69 470277
366 33550 49894 32 312136
367 33728 33980 96 24283
368 34062 34808 53 32428
369 34285 38032 39 43581
370 34294 34328 147 3621
371 34486 39191 7 17409
372 34627 36288 21 18342
373 34671 36744 29 33457
374 34730 42687 21 77607
375 34750 36849 105 124413
376 34770 34918 81 3145
377 34885 45183 14 83533
378 35270 37835 18 45378
379 35419 40032 81 122769
380 35435 39744 143 184089
381 35623 38778 49 125834
382 35641 39181 44 16897
383 35642 40807 9 12510
384 35649 38773 7 8087
385 35673 36909 56 29717
386 35764 37166 44 18197
387 35846 37150 6 4304
388 35994 37255 90 93389
389 36039 38175 71 80027
390 36056 37584 95 76553
391 36313 38002 14 12218
392 36324 39289 144 140617
393 36549 41153 51 303592
394 36709 41612 109 366995
395 36745 39756 6 10461
396 37016 40602 72 93779
397 37244 37346 133 11561
398 37343 43867 24 26277
399 37371 38068 101 11976
400 37376 37417 49 1177
401 37462 47087 61 606426
402 37484 42858 38 51573
403 37778 38389 17 8232
404 37782 47836 60 176392
405 37790 37927 105 18414
406 37801 42571 14 7598
407 37872 38643 27 16521
408 37957 48072 5 27961
409 37985 38948 38 5209
410 38000 40568 45 24565
411 38089 40757 15 6667
412 38099 42236 12 48882
413 38122 41449 22 29556
414 38472 39931 98 32191
415 38497 39224 58 49215
416 38676 39820 29 22314
417 38790 47740 89 260974
418 38819 40042 43 13914
419 38943 42519 105 165050
420 38995 39375 15 2280
421 39020 44602 8 19936
422 39065 40215 63 79368
423 39135 40118 53 34882
424 39150 42332 68 109433
425 39176 44197 126 296966
426 39986 43804 65 150643
427 40121 47211 13 27621
428 40175 43574 44 146317
429 40192 44659 20 44043
430 40274 40494 9 1981
431 40281 51649 79 238156
432 40443 43212 69 97227
433 40628 50263 120 564498
434 40683 41343 37 16986
435 40810 42289 81 32712
436 41003 41752 37 8911
437 41127 41394 40 1299
438 41169 41875 109 47406
439 41219 46781 54 478260
440 41378 50802 97 326400
441 41423 45017 22 36085
442 41460 42042 12 2812
443 41501 44007 12 13178
444 41661 48675 103 184469
445 41840 43130 45 25315
446 41871 53378 8 36427
447 41971 43607 70 24835
448 42227 42288 52 2410
449 42256 42850 56 18291
450 42334 47771 27 34299
451 42382 42869 16 2378
452 42428 42452 21 576
453 42765 52460 92 313712
454 42981 47113 56 21396
455 42998 43183 14 1567
456 43066 44376 122 54719
457 43222 46354 21 13164
458 43315 46579 132 107032
459 43357 45299 109 82080
460 43364 50103 36 156130
461 43390 47292 60 294393
462 43443 45312 71 63531
463 43678 58587 9 81362
464 43822 44726 75 20458
465 43979 44603 72 12204
466 44201 46199 142 103147
467 44295 44692 50 37320
468 44302 45241 39 17434
469 44517 47320 94 63674
470 44551 53594 97 270687
471 44711 45675 142 69275
472 44786 49074 7 22912
473 44852 45786 33 11644
474 45035 46074 22 24581
475 45085 46880 7 6383
476 45091 52607 19 124415
477 45126 48661 139 647892
478 45154 48190 86 63300
479 45517 48159 96 129904
480 45547 46883 30 18167
481 45676 50229 41 80704
482 45745 50023 11 31161
483 45942 47189 33 19997
484 46026 46776 112 54369
485 46161 50977 92 141993
486 46219 50211 6 18597
487 46328 46624 12 2670
488 46387 47008 52 6161
489 46388 46687 87 8937
490 46398 46854 31 5695
491 46400 46997 26 6058
492 46425 48199 14 27562
493 46441 46827 38 10010
494 46447 50217 128 212152
495 46490 50906 8 25695
496 46680 46792 42 4930
497 46688 60158 82 364144
498 46820 48851 8 9892
499 46924 52131 118 413305
500 46970 51291 111 358473
501 46981 48794 10 11343
502 47235 49997 106 205746
503 47449 48497 26 15326
504 47451 52363 101 283978
505 47468 50742 124 349331
506 47489 64082 29 99999
507 47717 47974 133 20053
508 47725 47893 59 6539
509 47745 52221 45 114011
510 47894 49922 49 47673
511 48042 48609 9 877
512 48176 49780 30 25403
513 48225 48639 24 4940
514 48238 51261 70 166514
515 48264 50387 34 72743
516 48278 56127 30 154427
517 48365 48592 126 9547
518 48369 50439 142 97371
519 48440 50084 120 117068
520 48484 65013 58 227895
521 48487 48963 23 5715
522 48532 49343 126 24943
523 48616 52147 87 169290
524 48673 50309 146 86405
525 48712 52927 10 34823
526 48748 50643 19 13883
527 48806 55461 8 18045
528 48917 54437 5 9590
529 48934 49099 28 2098
530 48952 52299 8 11259
531 49042 52523 127 325953
532 49098 49847 117 31175
533 49157 53841 6 7136
534 49301 55354 14 38744
535 49317 50732 104 30868
536 49489 66262 50 314565
537 49581 56474 9 22223
538 49642 52949 14 4880
539 49713 56107 79 656058
540 49765 50001 33 9978
541 49874 50352 6 879
542 49877 52545 102 267138
543 50049 53986 12 5672
544 50069 50637 67 20364
545 50124 50556 22 6767
546 50148 50858 122 23295
547 50182 51221 128 50471
548 50323 57068 65 225623
549 50594 53745 62 68693
550 50621 51493 65 86387
551 50683 51754 92 90356
552 50782 65800 133 661080
553 51131 57272 44 103220
554 51188 51407 96 11236
555 51292 53696 89 291834
556 51425 52027 43 13304
557 51445 54811 83 54852
558 51479 53427 61 20802
559 51500 54193 47 16486
560 51536 60954 19 64895
561 51580 60236 119 339159
562 51700 55269 110 506011
563 51795 61063 44 298692
564 51932 52724 74 24701
565 51989 56795 80 331726
566 52142 56136 4 19780
567 52312 52783 69 33475
568 52330 54436 6 4274
569 52349 58017 32 76559
570 52389 59976 76 457348
571 52390 57385 62 218843
572 52569 59197 150 270817
573 52815 56809 10 21525
574 52816 53836 70 47164
575 52849 54318 71 51030
576 52905 52938 122 5426
577 52948 55357 80 224332
578 53079 61852 5 31213
579 53091 54344 30 19875
580 53104 55219 46 49498
581 53338 55308 41 82683
582 53417 54843 78 45395
583 53435 54513 45 25191
584 53474 55370 10 1758
585 53490 53730 24 3950
586 53665 54531 46 30255
587 53761 56098 142 51546
588 53789 56803 57 72283
589 53809 54431 102 132911
590 54006 64229 104 1417108
591 54096 61291 7 21222
592 54099 56220 55 137423
593 54200 60510 45 129483
594 54511 66614 50 76762
595 54520 57005 48 19381
596 54739 60268 43 121439
597 54900 56102 113 29138
598 54938 55906 18 15153
599 54963 69713 114 1044926
600 55245 55700 81 31861
601 55252 59161 29 110505
602 55751 60837 86 278368
603 55825 61009 73 159073
604 55878 57736 39 63718
605 55925 57189 14 17101
606 55976 59794 15 40604
607 56175 56538 95 37282
608 56338 56707 141 20399
609 56594 56629 11 159
610 56850 57018 125 10595
611 56855 65206 50 372621
612 56935 57872 93 46987
613 56993 62419 17 28867
614 57127 59032 72 74395
615 57131 63229 53 147219
616 57146 57574 148 29744
617 57158 57188 127 4668
618 57459 62657 81 65401
619 57509 57694 44 6624
620 57529 57969 114 39075
621 57596 60693 109 216069
622 57671 61036 49 23843
623 57842 58370 102 24311
624 57871 59216 83 32781
625 57995 58931 108 85653
626 58016 58112 37 2718
627 58030 59302 21 8090
628 58242 64919 60 95793
629 58312 59490 4 2109
630 58387 61589 80 110745
631 58476 64149 64 145987
632 58526 58909 39 7120
633 58682 58898 114 5173
634 58710 77021 147 778590
635 58729 59056 77 21092
636 58748 59162 10 940
637 58924 60126 148 54791
638 59035 61488 92 55578
639 59659 63718 22 23086
640 59690 60414 99 17266
641 59802 63084 92 66897
642 59865 67804 144 636921
643 59885 61483 105 40435
644 59924 69332 70 100677
645 59958 68384 48 185541
646 60269 66405 13 40997
647 60463 61105 108 47693
648 60498 62954 45 134735
649 60525 63690 5 9081
650 60531 62727 11 10805
651 60535 61708 36 20822
652 60611 65216 98 135302
653 60652 64326 114 187099
654 60833 66756 37 144085
655 60842 62024 110 54116
656 61001 78365 5 45963
657 61054 61224 54 8548
658 61104 62527 73 58548
659 61211 64197 55 139763
660 61392 62270 6 4119
661 61498 63404 25 27395
662 61826 62570 20 9729
663 61928 66632 20 48995
664 62193 66587 56 145012
665 62203 68908 87 411861
666 62307 66694 5 5845
667 62327 62515 135 7026
668 62373 63351 29 5049
669 62400 65111 6 6488
670 62434 65682 65 84577
671 62540 67628 5 8523
672 62578 62947 13 3765
673 62684 62746 62 1746
674 62711 62851 77 7279
675 62838 64546 6 6116
676 63117 67129 42 70526
677 63203 73080 24 44325
678 63242 65561 33 59772
679 63345 64216 74 16069
680 63423 66398 74 252228
681 63782 64383 59 14550
682 63800 65971 68 44252
683 63808 69119 147 183711
684 64145 72457 7 19373
685 64181 64431 27 4802
686 64513 65562 10 4397
687 64676 65774 29 11130
688 64702 67876 50 46096
689 64713 67091 7 4335
690 64767 68858 25 23853
691 64782 67351 141 84407
692 64814 65279 22 3047
693 65070 66930 35 83208
694 65234 65850 103 83426
695 65251 65485 18 2447
696 65397 72480 80 511728
697 65421 68356 124 198388
698 65602 69472 31 68884
699 65681 67933 27 35200
700 65740 66927 133 78449
701 65953 67627 123 112065
702 66067 67110 16 6821
703 66118 67431 19 16965
704 66166 66531 77 22833
705 66226 74829 10 51113
706 66308 75815 13 26310
707 66523 75003 14 47411
708 66631 69305 38 38559
709 66692 69289 6 5854
710 66752 68273 25 37320
711 66771 70019 65 125447
712 66798 68478 63 31956
713 66900 72561 117 519209
714 67009 68164 36 26861
715 67042 88503 89 1177235
716 67055 70550 8 26728
717 67067 67499 76 23026
718 67290 67554 110 11159
719 67377 76505 77 272028
720 67444 67825 35 8044
721 67562 68855 61 64029
722 67990 75745 123 615965
723 68071 71494 36 66010
724 68521 73416 57 94540
725 68531 69680 91 20005
726 68544 81410 9 42805
727 68743 70243 66 51751
728 68836 72963 53 75066
729 68973 70654 17 7986
730 68998 69011 46 300
731 69425 70606 33 7378
732 69474 72675 32 28650
733 69564 75503 73 135713
734 69612 73617 134 244734
735 69614 76932 107 250489
736 69752 73802 31 38494
737 69761 71541 40 13332
738 69814 75978 86 934945
739 69890 79735 59 685435
740 69918 73033 5 4554
741 70098 71699 10 7052
742 70495 70548 88 7763
743 70519 72971 14 11410
744 70529 74705 83 83428
745 70772 72595 104 86346
746 70829 73911 40 164514
747 70857 73134 58 72691
748 71243 76270 43 76834
749 71281 73474 17 15502
750 71481 72577 55 65325
751 71606 72205 60 25966
752 71867 73643 117 88226
753 71919 75377 106 486283
754 72009 75606 23 24129
755 72133 80304 112 681125
756 72212 73586 65 24525
757 72262 72539 74 7395
758 72296 80644 33 152652
759 72523 75278 113 163041
760 72706 72808 34 3742
761 72720 73111 27 5517
762 72830 83790 84 1378490
763 73057 86989 52 216779
764 73107 74236 12 3965
765 73170 73194 137 3032
766 73171 79813 62 161525
767 73187 73748 86 11596
768 73197 76073 85 91330
769 73251 76476 48 180181
770 73271 74170 6 1941
771 73456 75447 40 21738
772 73471 74565 5 3601
773 74026 78669 137 274402
774 74160 76406 33 86222
775 74247 76788 28 16799
776 74406 77028 81 69357
777 74421 78736 38 44468
778 74428 74673 94 19348
779 74456 78688 129 183776
780 74574 77220 84 41033
781 74598 76985 6 3733
782 74639 80968 50 78206
783 74716 79305 33 35651
784 74916 77050 7 6846
785 75165 75505 13 3908
786 75242 75761 122 21737
787 75262 83423 97 208600
788 75526 77536 51 64178
789 75750 77340 103 106725
790 75830 77140 95 24160
791 76029 80043 118 51861
792 76065 80781 31 59800
793 76087 78926 30 36856
794 76120 76568 107 47223
795 76167 77729 30 34917
796 76175 97313 115 695569
797 76225 80537 55 117304
798 76413 89097 51 151423
799 76519 84291 128 251967
800 76626 77213 133 64244
801 76814 78397 53 47048
802 76955 78996 43 36429
803 77105 78824 17 10850
804 77578 84028 18 30876
805 77609 79010 133 98946
806 77692 83307 131 306837
807 77983 80443 8 12187
808 78053 86611 52 126119
809 78057 78883 73 96197
810 78157 79770 30 24691
811 78338 85203 14 61634
812 78461 81887 40 60966
813 78606 78664 54 1064
814 78775 82740 120 263729
815 78863 81656 29 25987
816 78892 88161 80 358654
817 78915 80612 32 28787
818 78946 79498 52 10881
819 78952 79020 17 400
820 78982 84452 4 15331
821 79018 79190 110 6880
822 79148 79662 99 45255
823 79220 82068 13 7576
824 79361 82532 13 35648
825 79390 90174 124 228909
826 79473 84803 28 26826
827 79474 81498 36 35149
828 79567 80608 68 24156
829 79592 80943 102 30476
830 79673 80855 63 24352
831 79746 81619 24 12819
832 79913 83767 43 47279
833 80061 84034 147 273637
834 80096 80141 90 3027
835 80344 80850 48 7552
836 80351 80742 8 2585
837 80411 92783 45 183923
838 80457 81254 85 19035
839 80604 85811 137 782848
840 80692 81822 79 23073
841 80703 80926 19 3546
842 80762 80785 45 830
843 80892 81069 95 38083
844 80950 89474 103 375327
845 81000 84292 29 59506
846 81150 83622 90 167653
847 81195 81828 101 41134
848 81318 86070 11 42720
849 81348 84556 42 123030
850 81377 83500 74 35227
851 81436 91940 99 208892
852 81482 83640 112 75104
853 81660 82288 131 27542
854 81823 82787 84 42571
855 81942 82138 135 19435
856 82051 88630 27 97404
857 82072 83117 14 2813
858 82099 91660 140 304426
859 82658 94080 25 213157
860 82925 84794 8 4093
861 82943 86743 29 92087
862 82960 84355 42 95163
863 82972 86946 10 38949
864 83081 83986 101 15869
865 83122 83403 86 11722
866 83192 98677 25 91601
867 83197 86551 74 101563
868 83226 92626 26 125058
869 83311 85723 37 107150
870 83363 89460 80 197982
871 83528 85650 12 19964
872 83544 83950 98 16095
873 83689 86980 112 380849
874 83690 88423 35 56229
875 83715 90820 74 277577
876 83891 85159 113 46666
877 83933 85661 17 9866
878 83935 91466 120 338744
879 83940 95216 50 165058
880 84126 87229 39 60462
881 84389 86173 30 30586
882 84440 96575 40 143134
883 84555 86675 18 25897
884 84597 87540 97 194997
885 84646 84668 142 3568
886 84784 85815 16 7555
887 84832 87873 5 5551
888 84860 85186 12 816
889 84916 87284 101 106782
890 84971 85172 58 13300
891 84991 86367 28 76102
892 85049 91865 23 50601
893 85135 85282 60 3576
894 85296 85497 6 1406
895 85297 95807 60 169249
896 85377 87432 10 5430
897 85511 86397 123 23425
898 85555 87345 77 81717
899 85757 90731 17 28361
900 85843 87202 5 1801
901 86053 90411 55 96871
902 86110 89182 148 406357
903 86178 94189 103 207499
904 86182 92305 134 389481
905 86222 89149 30 103996
906 86244 90496 50 76368
907 86251 90254 20 13795
908 86286 89593 57 32780
909 86328 89564 6 6407
910 86389 92373 12 65744
911 86474 93148 23 27887
912 86545 93150 53 93739
913 86597 88089 11 7069
914 86701 91161 56 39326
915 87197 88537 128 66276
916 87205 91549 114 553455
917 87275 90551 21 20287
918 87303 90268 48 133243
919 87325 89373 17 13717
920 87343 91356 25 29531
921 87435 91711 14 40465
922 87593 93155 94 348542
923 87598 93372 100 473855
924 87727 89811 27 24387
925 87808 90886 37 51796
926 88024 88118 29 650
927 88074 94433 13 18766
928 88770 94402 33 118751
929 88786 99117 134 1024749
930 88991 97780 87 1036080
931 89010 91286 8 10767
932 89046 91890 9 7653
933 89190 90079 132 79557
934 89211 92986 35 40429
935 89296 92226 66 120208
936 89468 90943 7 9270
937 89720 97486 37 245750
938 89928 95189 21 81294
939 90053 90283 38 4656
940 90212 90927 103 22125
941 90345 98082 4 9747
942 90416 93621 97 171910
943 90672 91888 9 7237
944 90692 93618 8 16779
945 90846 91552 22 9804
946 90860 91216 34 6777
947 90989 92137 121 221520
948 91340 92816 112 53655
949 91617 92613 23 21432
950 91909 92551 145 38292
951 91977 97114 103 162254
952 92098 96844 130 458702
953 92170 97939 93 216442
954 92250 96572 28 90353
955 92311 94571 70 35226
956 92444 95607 109 41639
957 92581 99587 70 229037
958 93062 99509 12 30505
959 93145 94959 13 35324
960 93241 99035 8 27944
961 93400 95128 87 100858
962 93653 95868 8 5529
963 93830 95791 117 84830
964 93863 95833 84 41253
965 94087 94629 23 5374
966 94117 96951 14 27416
967 94121 96272 92 65449
968 94222 96106 77 117926
969 94398 97005 71 58059
970 94422 97837 119 164930
971 94583 99158 76 316656
972 94849 95545 64 13302
973 94901 99517 68 89384
974 95156 97261 61 134585
975 95201 97498 54 73871
976 95294 98955 7 7234
977 95337 96658 48 17919
978 95354 97484 6 8622
979 95581 98761 73 245451
980 95680 97284 104 163348
981 95815 97989 32 61216
982 96207 98151 122 78780
983 96225 97010 113 43380
984 96437 99004 51 73115
985 96815 99647 108 176379
986 96860 97532 138 62907
987 96972 98283 37 139502
988 97104 97454 14 3393
989 97339 99079 39 35785
990 97377 98734 36 21628
991 97405 98129 105 54130
992 98025 98393 15 1145
993 98170 98274 145 5454
994 98896 99480 150 38680
995 98947 99588 23 10672
996 99055 99484 7 2075
997 99148 99919 51 37561
998 99391 99578 16 1840
999 99713 99806 77 3597
