50 1000 0.058
....................###....######......#######....
..................##.###....###..##.###########...
.................######......##..##########..#....
####..............###.#.....###.###...#..#........
..#..............##.##..........##....#...........
###...............#..............#................
######............................................
#.###.......................####..................
.##.#........................####.................
.............................####.................
.............................#....................
.................#...........#....................
...............#####........#.#...................
...............###.........####...................
...............#####.........##...................
.............#####.###......###...................
...............#####.........##...................
......##.......###............#...................
...##.#..........#...........##...................
..#####.......................#...................
..#######.......................##................
...##.##..#....................####...............
...########......................###..............
...####...#.....................###.#.............
.....###..........................#.#.............
.....#............................####............
..................................####............
...#..............................####............
#.###.............................#####...........
####..###........................##...##...##.....
###...#####.......................#....##.##......
##.#.####.........................#....##.#.......
#####.#.##.#.#......................#######.......
.###....#.##.#........................##.##.......
..##.......######.....................####........
..........###.##.......................##.........
..........###..####..##.#............####.........
................#.....#######..........#..........
......................###.##......................
......................######......................
........................#.#..##...................
............................####..................
..............................#...................
..............##..................................
...........######.................................
...........#.#####.......##..................#....
...........#####........##.#................###...
..........###..........######...............##....
.........#######.......#######..............##....
........................####................###...
0 65 3480 8 42327
1 396 1253 17 12626
2 398 9542 41 191949
3 520 5895 52 187794
4 525 943 16 2759
5 548 4721 134 164049
6 582 3209 52 64245
7 663 12281 25 244463
8 677 10338 5 30899
9 766 5585 61 92634
10 795 44899 98 739136
11 1004 2209 39 13612
12 1038 8978 86 214699
13 1056 1473 13 3379
14 1121 3223 73 27266
15 1143 8332 13 92156
16 1359 6675 77 48968
17 1361 8156 66 132472
18 1446 10899 23 42525
19 1529 12208 24 103498
20 1542 5582 35 60882
21 1615 19328 18 194716
22 1650 2569 87 31253
23 1654 2266 106 14249
24 1725 2235 83 76313
25 1855 3196 43 34652
26 1862 9641 18 37194
27 1868 5639 29 57732
28 1901 11335 6 30308
29 1943 7615 24 86599
30 2006 4025 80 76134
31 2025 5943 60 49982
32 2394 25244 9 192994
33 2395 6370 10 7798
34 2410 37862 43 478398
35 2486 10742 7 88914
36 2499 22703 12 67669
37 2705 12754 46 273205
38 2709 3364 8 2248
39 3200 23569 141 1232048
40 3286 6098 28 55041
41 3327 5589 52 86460
42 3605 5369 30 21751
43 3608 5733 25 35750
44 3730 28426 49 590949
45 3825 26288 20 84050
46 3962 7024 28 30126
47 4053 28320 99 618829
48 4582 8024 13 25593
49 4709 11231 129 991308
50 4765 28979 21 354800
51 4837 8238 11 12169
52 4946 18823 96 353133
53 4956 20171 6 132224
54 4967 9562 123 204282
55 5121 17214 131 284640
56 5164 8976 11 12789
57 5194 15553 149 315602
58 5350 13802 32 128705
59 5380 7339 112 43434
60 5672 7753 92 92469
61 5709 8578 104 462314
62 5817 6050 11 2012
63 5856 10672 14 39473
64 5877 6089 60 17288
65 6026 18130 20 57050
66 6350 6771 17 3879
67 6393 20432 8 44747
68 6454 14533 45 92833
69 6496 11406 103 563503
70 6552 10309 4 9387
71 6585 7275 108 47137
72 6606 17708 117 412765
73 6619 18662 57 407306
74 6851 20159 32 213029
75 7059 8558 97 194552
76 7404 18589 32 102740
77 7465 18955 74 406119
78 7683 9355 21 8414
79 7825 14515 118 396008
80 7951 30109 14 145354
81 8044 31659 68 460184
82 8140 14004 26 94559
83 8193 8233 46 1385
84 8203 11098 133 305280
85 8334 15597 137 250939
86 8358 11617 107 110456
87 8380 12705 136 159976
88 8404 9108 53 21399
89 8476 10139 77 49404
90 8494 15677 46 263117
91 8680 48069 19 266056
92 8734 15242 43 139209
93 8814 9695 93 29447
94 9137 10251 76 56281
95 9261 11011 10 21205
96 9325 11065 10 7654
97 9367 20919 91 240686
98 9382 12644 23 20005
99 9419 18465 117 304323
100 9535 12806 11 7195
101 9672 37901 13 138458
102 9923 14709 75 91196
103 9938 32213 91 327387
104 10052 27875 21 123302
105 10311 16520 38 154007
106 10318 13814 12 24725
107 10583 27668 21 72576
108 10764 18214 97 165888
109 10871 14334 114 139031
110 10919 16355 59 228609
111 10994 11451 88 21249
112 11034 20899 33 280747
113 11174 12590 46 28361
114 11291 14385 5 13397
115 11500 12123 9 2734
116 11526 16960 143 687339
117 11532 15814 9 41362
118 11548 16007 80 184194
119 11587 15351 30 27406
120 11691 25194 5 32085
121 11754 27818 16 172317
122 11817 13629 6 4916
123 11881 12512 40 10167
124 11908 32579 7 27589
125 11940 12462 139 52159
126 11988 12516 31 19723
127 11996 19204 17 31918
128 12026 16106 27 38392
129 12032 24108 64 320486
130 12035 19864 53 180744
131 12165 12899 70 72177
132 12192 13596 129 202536
133 12453 19096 87 159676
134 12468 16779 17 7493
135 12469 17991 21 124882
136 12521 26348 87 797421
137 12524 14284 127 66922
138 12606 25015 21 130247
139 12878 17674 63 63597
140 12893 29012 39 139791
141 13049 22121 135 622167
142 13122 14391 79 104843
143 13330 33080 62 1041362
144 13422 16266 5 1870
145 13543 14702 24 51324
146 13566 14844 127 63182
147 13810 16997 127 238340
148 14103 15401 30 16656
149 14106 14272 134 19351
150 14159 16747 65 53835
151 14178 20856 13 16956
152 14184 25899 72 450177
153 14203 25925 135 1216676
154 14211 25680 94 243858
155 14676 18786 103 65957
156 14679 15890 36 12119
157 14842 31428 35 738810
158 14883 15554 76 30235
159 14897 20608 46 56587
160 14994 18679 34 47099
161 15017 21137 6 9647
162 15197 18170 66 93351
163 15207 15264 99 3251
164 15428 15892 49 31381
165 15509 22344 111 284539
166 15800 53109 42 1053075
167 15839 30000 120 313618
168 15859 15977 147 12275
169 15876 16382 137 24960
170 15969 26364 16 108622
171 15970 20537 129 325684
172 16013 20646 41 82040
173 16128 19987 49 89663
174 16155 25429 127 1062826
175 16528 18671 127 213356
176 16871 17085 133 10256
177 16883 47066 27 788384
178 16930 19008 91 105190
179 16977 21338 113 121343
180 17007 19468 5 2124
181 17010 29182 5 5906
182 17011 23997 41 185439
183 17260 18736 25 9920
184 17382 21924 51 91281
185 17518 23095 9 23872
186 17656 31487 45 109180
187 17792 27393 47 103435
188 17815 18358 88 22983
189 17817 48926 40 478011
190 18002 21609 11 14342
191 18008 19459 31 14971
192 18057 23421 99 179447
193 18069 21595 137 119733
194 18088 23800 27 30202
195 18097 29384 34 214585
196 18249 21936 73 94644
197 18334 52881 17 643701
198 18447 24309 128 175196
199 18473 19695 128 125803
200 18561 46726 50 193477
201 18693 23147 143 498267
202 18713 19052 5 1209
203 18729 25146 4 8395
204 18798 22367 114 135180
205 18812 19999 7 5110
206 18818 21996 6 6744
207 18841 24694 65 384042
208 18885 29141 136 747345
209 18913 23183 51 69448
210 18928 21296 56 71620
211 18934 27732 120 512292
212 19128 30339 44 111427
213 19294 21820 127 205004
214 19466 22362 11 16789
215 19480 21853 32 36988
216 19509 32538 6 23506
217 19806 25782 85 193794
218 19865 29115 37 146794
219 20014 25094 11 33126
220 20028 24972 51 98730
221 20055 25140 23 109746
222 20090 25346 55 153223
223 20379 26297 23 67437
224 20402 29037 65 325559
225 20854 22447 5 2581
226 20910 27120 12 38852
227 21095 24128 7 15980
228 21120 21731 140 43109
229 21180 23803 85 136419
230 21356 36098 102 225992
231 21413 22064 80 25676
232 21474 22678 134 73682
233 21496 21548 115 1990
234 21511 24670 36 113347
235 21536 35812 4 15290
236 21581 22533 22 10782
237 21746 30831 8 17837
238 21841 22554 79 16204
239 21916 23933 12 15271
240 21960 23871 93 87740
241 21970 44744 98 739339
242 22192 26220 60 101792
243 22209 25998 9 25285
244 22420 31962 22 153486
245 22473 28702 5 20271
246 22588 23775 63 45450
247 22676 25480 72 65549
248 22751 22811 15 321
249 22755 25450 58 46258
250 22783 24442 145 77005
251 23025 25309 36 61952
252 23149 24494 18 30904
253 23203 29362 122 392060
254 23205 25154 82 91598
255 23283 31032 12 80860
256 23442 33867 52 283767
257 23548 40204 61 1307292
258 23549 27656 60 107814
259 23553 23615 71 1577
260 23559 32348 15 47558
261 23592 28264 7 26242
262 23609 34624 134 917387
263 23829 24168 126 78089
264 24269 26677 15 3795
265 24369 38106 123 524386
266 24453 39034 99 541385
267 24567 27951 5 7242
268 24638 26320 18 18305
269 24703 26281 15 5223
270 24891 29070 108 87337
271 24949 29787 140 259077
272 25055 25197 28 1248
273 25082 30324 85 123227
274 25134 25472 61 10215
275 25167 41093 69 701769
276 25400 27852 22 28750
277 25507 39887 121 393641
278 25555 36690 29 132830
279 25571 36659 15 27676
280 25653 28873 123 247965
281 25749 26044 40 5480
282 25910 30955 75 284215
283 25921 44956 60 402633
284 26233 29253 54 40627
285 26324 44472 16 145205
286 26501 27067 6 2080
287 26510 33415 87 226114
288 26602 33977 46 69469
289 26618 39011 36 238298
290 26643 33445 77 133121
291 26806 38567 20 88239
292 27226 35054 4 8537
293 27290 31019 5 8245
294 27617 39297 59 145182
295 27622 28891 4 1908
296 27764 28095 20 4268
297 27787 32674 4 14766
298 27828 28709 91 53026
299 27943 43096 139 547343
300 27945 28867 9 3216
301 28073 45711 40 439527
302 28105 29887 48 64259
303 28170 31767 148 332081
304 28210 31151 22 39948
305 28224 35128 38 136795
306 28285 30680 123 162649
307 28372 28862 145 69908
308 28548 30319 100 244820
309 28742 32396 31 42699
310 28831 34348 12 26027
311 28938 34344 28 39331
312 29116 31937 56 129776
313 29214 30610 5 1544
314 29245 59150 25 550959
315 29443 40915 34 105006
316 29471 47080 7 109691
317 29528 41267 57 226994
318 29535 32283 149 646787
319 29598 45781 7 51412
320 29717 53229 102 635889
321 29801 29829 95 2099
322 29826 54001 20 415195
323 29864 54730 148 1396232
324 29960 30051 141 3764
325 29981 30256 100 20251
326 29997 44485 52 162254
327 30015 31847 96 73347
328 30178 47887 66 497425
329 30191 35489 17 9902
330 30210 36301 28 89467
331 30239 37698 19 32351
332 30254 47480 82 227317
333 30282 34831 79 254676
334 30303 40231 14 35474
335 30536 31406 128 89272
336 30541 32936 39 68092
337 30599 39805 23 39264
338 30661 37214 133 502817
339 30706 31356 66 36999
340 30758 42815 4 24182
341 30761 36388 104 295976
342 30898 63036 34 137850
343 30939 45838 126 738382
344 31038 50220 13 81587
345 31044 32357 5 2160
346 31155 41893 107 485659
347 31157 39344 142 714164
348 31208 46626 43 171464
349 31250 39222 74 278933
350 31291 34726 25 63804
351 31298 32754 42 12760
352 31308 35057 150 510014
353 31333 34926 61 183509
354 31361 31727 8 3522
355 31378 34077 7 11314
356 31481 31484 16 31
357 31553 35297 43 77306
358 31770 32993 146 52499
359 31812 35324 10 24091
360 31906 54213 39 155064
361 32024 46074 10 42262
362 32029 48487 6 61359
363 32085 36015 117 165290
364 32184 32717 5 1480
365 32756 35043 12 10863
366 32770 35515 20 48368
367 33221 34264 91 52953
368 33253 36146 55 32451
369 33266 53437 41 379009
370 33292 35056 5 4434
371 33498 38276 121 560600
372 33629 45323 48 242039
373 33689 41715 107 550854
374 33724 46889 132 568756
375 33825 36878 148 258296
376 33834 39466 8 23626
377 33851 39020 16 21283
378 33861 36094 116 49904
379 34069 34382 123 71643
380 34093 47319 24 79159
381 34215 34283 122 19851
382 34258 37606 76 80635
383 34284 41580 21 32752
384 34325 57839 15 98588
385 34360 43689 47 246450
386 34411 36608 88 160442
387 34479 36100 4 2072
388 34565 48059 29 119307
389 34569 60539 77 317216
390 34644 38778 68 47966
391 34671 39065 132 244319
392 34684 40226 11 12356
393 34686 46142 18 37529
394 34704 56676 56 1223870
395 34747 35997 5 5104
396 34796 50690 87 462769
397 34813 43239 35 94666
398 34950 57474 15 143189
399 35091 40391 51 111165
400 35172 47178 15 46952
401 35268 39563 115 262380
402 35275 64357 5 18646
403 35366 39881 139 342764
404 35407 55720 134 1031262
405 35605 36446 56 17971
406 35613 36579 29 9011
407 35627 42976 98 145878
408 35688 42213 66 167106
409 35691 42503 145 459604
410 35764 51352 56 319204
411 35840 37165 47 29159
412 35879 59798 89 784398
413 35890 46299 46 74844
414 35955 41999 11 24304
415 36043 36264 113 32020
416 36315 37637 30 5667
417 36387 39823 41 111477
418 36491 38172 6 2019
419 36630 40150 73 72320
420 36799 39831 71 55300
421 36828 41741 37 22711
422 36961 40986 137 347983
423 37062 40805 73 195021
424 37066 47748 28 41267
425 37099 51583 107 1266673
426 37242 40973 48 111175
427 37266 55525 87 799804
428 37496 48872 35 60131
429 37581 47594 19 66618
430 37667 38815 25 23411
431 37766 40871 64 93876
432 37889 38060 7 682
433 38043 49244 140 1509449
434 38072 39600 45 41919
435 38116 47853 38 48393
436 38262 38725 7 2994
437 38291 43818 22 61788
438 38401 56749 44 243542
439 38426 40389 42 29234
440 38435 50039 62 233655
441 38620 39430 71 19132
442 38880 63175 72 554640
443 38935 43703 55 87951
444 39032 51504 66 72526
445 39123 57377 30 181314
446 39133 54907 41 133805
447 39141 47729 35 87548
448 39735 42293 18 44267
449 39748 41396 61 19670
450 39864 40716 139 26088
451 40233 41008 132 117763
452 40268 43724 59 59499
453 40485 40660 8 1299
454 40490 41197 8 2136
455 40689 44089 144 189977
456 40710 41334 19 3932
457 40975 43976 6 13033
458 41074 41370 64 9744
459 41456 44126 33 29432
460 41461 42113 57 23780
461 41487 50579 103 423537
462 41665 42400 22 12496
463 42025 49626 143 608024
464 42077 42980 40 18587
465 42097 43427 15 5539
466 42289 44204 96 80784
467 42543 44917 10 6278
468 42640 49464 72 997328
469 42673 48528 23 14810
470 42783 50258 46 116159
471 42888 43935 10 6089
472 42917 44148 13 6661
473 43032 59588 79 794302
474 43253 46903 76 98511
475 43261 48912 120 586964
476 43395 45027 47 42869
477 43467 43604 31 1694
478 43534 46179 57 18708
479 43630 44388 26 4547
480 43641 47841 43 341958
481 43698 58896 105 1046764
482 43794 51240 33 100964
483 43798 66574 19 319307
484 43845 50290 51 80072
485 43891 67543 78 415681
486 44140 68408 75 967825
487 44198 45473 8 2699
488 44289 57828 7 39173
489 44496 66609 93 761739
490 44659 50735 112 124490
491 44808 45661 39 28096
492 44859 69178 21 230551
493 44970 48354 63 133067
494 44986 46012 10 7904
495 45069 54563 108 114744
496 45111 46856 100 120833
497 45314 46951 31 16268
498 45810 63004 18 19090
499 45845 55262 99 666371
500 46103 53643 139 455337
501 46273 47519 82 41943
502 46301 49180 53 236763
503 46354 47845 24 16263
504 46402 54666 143 439442
505 46450 54035 56 101419
506 46648 92869 99 1117199
507 46880 53079 8 31824
508 47116 49543 140 98958
509 47217 57597 18 82391
510 47246 57991 19 64984
511 47322 49760 68 50070
512 47331 47959 37 12036
513 47491 52581 111 324341
514 47500 55890 16 72837
515 47526 53054 145 468660
516 47571 49761 6 5196
517 47590 49809 87 42374
518 47709 56386 38 66096
519 47724 56419 125 1095423
520 47734 54981 40 52527
521 47808 50347 40 42696
522 47829 53284 61 57015
523 47900 57313 80 580388
524 47962 51901 12 24560
525 48045 58173 122 535200
526 48129 49675 60 34919
527 48386 55174 59 287099
528 48612 67134 13 112348
529 49020 56751 83 307340
530 49034 52499 16 25454
531 49148 55292 67 120941
532 49216 70494 130 1254324
533 49249 52883 6 22423
534 49490 54456 69 92026
535 49548 54668 10 25454
536 49734 62456 51 127360
537 49777 50581 18 4161
538 49829 51790 25 12769
539 49982 55647 145 380427
540 50157 52697 73 105367
541 50212 50373 16 763
542 50363 57218 21 109026
543 50480 57965 22 67708
544 50492 56035 54 124168
545 50587 70107 34 134651
546 50621 51276 43 9364
547 50753 53380 9 3349
548 50784 67207 55 526506
549 50952 59191 78 224390
550 50970 65845 113 470038
551 50992 51977 138 71015
552 51057 53144 23 25121
553 51147 71243 138 1558767
554 51161 54887 68 153171
555 51179 55302 81 138790
556 51208 55349 75 196448
557 51334 54352 42 90224
558 51417 57804 133 200418
559 51426 51891 30 6248
560 51458 63560 56 655061
561 51500 53384 96 66098
562 51502 51711 68 3554
563 51521 66992 16 262384
564 51527 55171 81 133429
565 51607 58147 74 117335
566 51667 51762 56 3282
567 51848 60758 50 158200
568 51894 53925 82 113723
569 52041 53305 101 46207
570 52073 54814 102 79535
571 52109 58598 20 52092
572 52111 58833 126 52301
573 52232 56877 38 104818
574 52272 60076 63 153046
575 52278 54811 8 22433
576 52319 52344 95 5880
577 52431 55788 40 98039
578 52546 63042 97 395696
579 52617 61695 75 209264
580 52672 86561 38 464695
581 52716 68897 36 204194
582 52744 53328 35 6513
583 52753 61585 19 56234
584 52843 58769 43 76570
585 52915 66752 20 82565
586 53136 66872 35 297297
587 53238 61252 51 119558
588 53327 77378 21 257697
589 53333 55549 10 8590
590 53471 54419 105 111269
591 53506 60735 83 248357
592 53671 65010 15 54636
593 53727 60400 12 25728
594 53841 54650 21 8120
595 53850 64693 16 98092
596 53862 68603 5 23149
597 53914 74927 14 198244
598 53942 55802 57 33734
599 53993 62765 149 533065
600 54067 64784 66 196447
601 54097 58321 7 4756
602 54107 61681 40 293039
603 54264 61452 87 217758
604 54298 62503 60 175683
605 54323 63973 20 24687
606 54416 56586 99 27369
607 54422 64444 35 22814
608 54425 58628 4 5032
609 54487 60686 52 111448
610 54660 56039 138 26638
611 54884 74417 116 525216
612 55141 67283 38 247216
613 55200 61437 20 99958
614 55215 59613 97 85874
615 55246 86290 67 341916
616 55303 56336 132 54064
617 55315 92901 71 585577
618 55441 63400 67 414529
619 55576 56143 59 16768
620 55602 62452 37 98916
621 55671 87597 125 1791340
622 55874 58494 18 14546
623 55992 65254 38 121443
624 56239 56880 12 3901
625 56240 62212 8 26376
626 56385 63012 90 396205
627 56593 74093 21 53291
628 56652 59309 144 194108
629 56762 57050 100 5370
630 56766 58378 17 14289
631 56896 73470 5 41182
632 57174 58744 8 6965
633 57228 72529 5 28928
634 57537 63351 53 307183
635 57691 64835 20 107147
636 57759 63900 6 21724
637 57799 63717 23 44305
638 57908 58538 35 16446
639 57962 70373 10 94769
640 57968 62977 13 19068
641 58066 70677 120 792943
642 58135 65219 46 320584
643 58144 61558 8 11151
644 58184 77075 19 131480
645 58286 63813 147 443768
646 58348 77459 27 301126
647 58380 84933 28 472834
648 58422 60251 9 4086
649 58493 59739 99 28546
650 58495 69810 69 373428
651 58715 69201 28 111233
652 58724 58875 28 1989
653 58728 59709 18 6086
654 58733 67135 35 182590
655 58734 59529 110 23853
656 58749 75363 77 474992
657 58848 60039 30 17052
658 58877 60388 37 22230
659 58951 64480 42 213516
660 58969 64524 50 333857
661 59137 59468 6 1263
662 59232 60198 124 94343
663 59247 63048 106 345547
664 59511 71970 59 227794
665 59580 62948 14 77464
666 59906 60827 103 72719
667 59946 78438 126 1010103
668 59960 80781 77 498936
669 59989 69614 38 129954
670 59997 61212 87 54243
671 60239 64093 59 113480
672 60260 61776 111 160505
673 60421 76717 121 764171
674 60525 62257 26 24578
675 60754 78116 29 157406
676 60787 67890 40 42406
677 60881 64299 14 11001
678 60950 72568 131 374260
679 60979 68654 21 110617
680 61080 72790 6 46359
681 61098 61307 56 7342
682 61111 68399 6 24478
683 61331 62172 64 31924
684 61352 64319 129 94022
685 61417 62848 124 70089
686 61434 61743 15 693
687 61501 61638 9 1142
688 61575 62692 81 66311
689 61974 67025 114 154087
690 61998 63545 64 56355
691 62043 69899 12 39991
692 62184 64178 16 15596
693 62192 67252 49 103628
694 62205 64073 116 90089
695 62231 65770 67 189722
696 62258 69079 4 4995
697 62399 67713 121 349310
698 62631 66270 109 115526
699 62662 62952 97 28480
700 62932 89793 111 664308
701 62940 79153 39 369559
702 62980 64396 96 21847
703 63144 75800 68 256916
704 63148 65055 9 4915
705 63724 65115 11 4500
706 63747 77122 31 79852
707 63831 65541 46 71116
708 63909 76931 63 317171
709 64230 66749 17 20070
710 64316 65514 89 100894
711 64334 88539 81 486797
712 64499 77702 20 108925
713 64567 68567 21 20942
714 64602 69246 5 12482
715 64608 65624 66 28965
716 64610 65222 86 60040
717 64751 73709 110 218199
718 64761 80122 30 236670
719 64776 77252 15 102907
720 64851 66493 15 21901
721 64884 70659 106 231891
722 65028 67736 18 24344
723 65192 71046 133 531032
724 65194 70330 110 532295
725 65459 77816 12 97210
726 65575 66671 22 19592
727 65702 66253 73 9550
728 65835 88603 24 396370
729 65930 87239 65 459099
730 66069 66428 76 16153
731 66100 66252 18 4300
732 66201 71106 33 104899
733 66295 73976 125 456325
734 66359 74448 110 180362
735 66377 71578 73 95149
736 66442 69182 14 4714
737 66605 67018 80 30242
738 66699 80394 94 445226
739 66785 78077 19 81631
740 66834 67758 106 32934
741 66867 70532 18 28587
742 66878 74541 51 205300
743 66923 72171 134 472287
744 67081 68975 13 7547
745 67139 70608 82 88390
746 67468 80075 17 144132
747 67693 82900 10 127152
748 68146 70400 7 9005
749 68158 70784 133 70720
750 68350 69341 140 53137
751 68430 76082 138 345175
752 68515 72894 12 14874
753 68529 74684 23 33409
754 68848 69316 43 13512
755 69280 72492 25 33140
756 69376 70790 116 43689
757 69442 86311 88 232941
758 69559 96026 14 75118
759 69567 74367 25 31238
760 69666 70712 99 36819
761 69922 73308 26 31858
762 69975 74162 120 305325
763 70009 79706 7 14753
764 70025 70378 73 13438
765 70153 88102 5 44038
766 70566 80514 6 10830
767 70619 73161 34 15423
768 70651 75000 33 37709
769 70788 88314 66 336844
770 70877 78354 132 468399
771 70887 73083 19 54800
772 70920 73464 36 109924
773 71369 74932 29 134376
774 71458 84382 6 36929
775 71480 82302 14 40049
776 71506 74644 30 56013
777 71572 71626 109 5251
778 71647 71977 22 4755
779 71656 76285 20 23631
780 71670 76250 29 108481
781 71990 90978 58 409148
782 72064 77911 23 73286
783 72097 81802 137 646527
784 72121 74304 22 63043
785 72340 90638 68 640457
786 72400 83530 72 680756
787 72404 75046 136 151349
788 72443 75195 20 19581
789 72538 77088 57 371220
790 72720 76395 27 92580
791 72937 91840 93 1050804
792 72962 78109 4 11529
793 73140 74991 70 45873
794 73176 74841 7 9523
795 73362 75347 107 112706
796 73449 77134 127 185644
797 73519 79898 11 51954
798 73646 78210 75 133269
799 73811 77165 68 73872
800 73997 82625 109 245515
801 74002 83423 18 53024
802 74065 76169 46 148991
803 74087 75103 129 50684
804 74089 84884 57 433396
805 74253 79348 53 203135
806 74578 94829 119 1177872
807 74598 78575 99 140671
808 74605 77073 71 78768
809 74840 77169 6 7603
810 74849 92343 13 36491
811 74890 75416 71 11452
812 74907 77671 16 28063
813 74992 75552 15 9087
814 75020 79957 14 27213
815 75040 80335 91 178761
816 75122 76254 12 9157
817 75231 88405 12 35439
818 75289 98759 113 1662667
819 75336 76268 68 67912
820 75487 89958 115 826665
821 75525 85575 115 468943
822 75556 81436 118 199201
823 75582 76362 128 129112
824 75807 82457 128 668585
825 76070 77528 40 36745
826 76078 83458 8 20411
827 76144 86064 23 114620
828 76180 79521 127 122075
829 76183 95579 21 97733
830 76184 82867 49 477729
831 76211 95946 36 331210
832 76320 87038 7 41773
833 76325 84669 17 185483
834 76358 83046 80 236947
835 76361 84433 25 177779
836 76714 85078 147 324653
837 76724 78971 38 24886
838 76777 96936 146 1186801
839 76887 77617 82 33812
840 77049 84164 5 7346
841 77210 80834 127 314798
842 77288 82641 143 253522
843 77319 77882 82 25661
844 77341 90963 34 70962
845 77564 81500 55 75746
846 77770 82485 25 48682
847 77862 79216 48 69461
848 77949 79215 62 41869
849 77960 78718 31 9042
850 77999 86022 33 167496
851 78090 78136 97 2869
852 78148 82397 91 115137
853 78156 82111 61 91642
854 78436 97743 69 473381
855 78640 79079 90 18312
856 78825 82362 70 182493
857 78893 84230 58 116010
858 78899 84919 103 293395
859 78994 81054 93 28671
860 79025 83848 41 66550
861 79061 82806 26 69788
862 79358 80001 29 3604
863 79582 82191 12 16446
864 79804 90655 139 352780
865 79961 89052 7 24329
866 79968 93705 12 35038
867 79979 81125 123 94501
868 80047 82967 4 5660
869 80050 84284 73 140513
870 80073 82000 4 4466
871 80165 83706 133 93256
872 80172 81777 21 43674
873 80227 80758 30 14372
874 80695 87266 14 36170
875 80699 82534 57 147441
876 80716 94677 64 487047
877 80794 88601 15 61369
878 80808 88862 35 218320
879 80861 99765 39 157825
880 80936 93251 81 853837
881 81028 83839 63 47274
882 81030 84305 20 32495
883 81069 82773 112 96527
884 81168 81537 31 4123
885 81215 85996 100 110497
886 81401 95409 20 148207
887 81404 82141 81 77700
888 81462 99133 67 600803
889 81468 83609 13 16041
890 81637 86132 24 29015
891 81776 86322 17 26748
892 82034 88956 23 112126
893 82040 86442 71 67284
894 82236 89992 15 127365
895 82261 82628 49 68017
896 82426 88015 8 17491
897 82515 85438 21 29365
898 82791 87616 13 12211
899 83048 89212 122 218683
900 83113 83146 92 1985
901 83142 84710 82 21357
902 83167 95442 24 122277
903 83275 85808 105 234521
904 83492 85344 10 12134
905 83562 92744 94 1123035
906 83726 92398 49 188630
907 83811 91754 35 68550
908 84331 87830 103 86152
909 84392 95949 120 400577
910 84512 85456 12 3730
911 84528 93709 53 124192
912 84785 97970 78 697168
913 85320 87179 121 110834
914 85797 97117 132 1045858
915 85880 99879 90 463255
916 85987 86110 11 936
917 86192 95052 24 82927
918 86454 90816 23 63443
919 86741 87891 75 80396
920 86799 86988 53 3083
921 86870 95984 42 165960
922 86983 96221 76 140668
923 87123 88614 33 20074
924 87126 96076 20 101515
925 87225 92267 100 718771
926 87305 94415 25 38804
927 87650 91511 18 18892
928 87712 93511 22 121711
929 87761 87953 95 8502
930 87874 95871 43 356200
931 87951 88806 10 6961
932 88022 90218 35 43573
933 88086 89194 143 59157
934 88188 90990 13 37799
935 88655 88809 12 744
936 88659 90830 121 311112
937 88742 97331 134 302758
938 88927 94100 25 60230
939 89062 89733 21 4412
940 89196 90442 110 92637
941 89531 96569 60 109508
942 89579 93091 24 30367
943 89626 99782 102 150176
944 89809 99566 26 326017
945 89833 91296 129 69263
946 90270 90566 20 1733
947 90525 92074 37 18478
948 90595 99633 21 51306
949 90705 92448 110 355246
950 90780 95776 88 241813
951 91046 91985 97 73535
952 91086 93217 89 32253
953 91101 93744 63 26634
954 91180 95304 47 67437
955 91303 93227 84 77494
956 91396 92481 10 4528
957 91441 91944 43 7714
958 91454 93876 50 24019
959 91523 94986 53 44200
960 91780 93752 5 4626
961 92092 96311 70 445764
962 92368 95489 36 40341
963 92438 93369 111 69457
964 92445 94278 73 87891
965 92689 93955 22 33312
966 92796 96690 7 27987
967 93072 97265 15 114222
968 93301 93906 12 1524
969 93436 93543 117 8210
970 93656 97205 41 154140
971 93759 97184 133 201166
972 93806 94032 54 10437
973 93807 96169 54 52721
974 93859 96450 8 8120
975 93873 97113 73 50517
976 93942 94801 96 68552
977 94036 94312 137 22504
978 94062 94431 4 570
979 94183 96862 108 306261
980 94196 97424 24 28498
981 94376 98578 15 20570
982 94381 97579 42 35915
983 94445 96991 19 6153
984 94750 96799 146 127441
985 95998 98574 141 200428
986 96242 97738 42 14265
987 96290 98784 20 37033
988 96384 96897 13 743
989 96774 99657 113 54288
990 97047 98308 34 21688
991 97133 99503 44 27398
992 97159 99565 101 110605
993 97450 99037 17 31244
994 97479 98961 47 40206
995 97822 98797 47 14134
996 98022 99210 91 71653
997 98315 98343 12 257
998 98382 99540 128 96954
999 98993 99119 75 6961
