50 1000 0.011
.......................##.........................
..................##..##.....#....................
................########....##.....#..............
.##..............###.#......#.....##..............
#####.............##........#.....####......###...
...#........#..............#......##.........#####
...........##..............###.....#..........#...
...........##......................##.............
...........#....................#.#####...........
...............................#######............
...............................##.................
...........#....................#.................
..........####....................................
...........###....................................
............###...................................
...........##.....................................
..................................................
.................................................#
................................................##
.................................................#
.................................................#
..................................................
...........................##......#..............
............................#.##...###...#........
...........................#####...#...#.#........
.............................##....##.#####.......
...#..........................##...#..#.##........
..###..........................##........#....##..
...##.........................####.......#....##..
................................#............###..
..................................................
......#...........................................
.....###................................###.......
....#.##..................................##......
....###.................................###.......
....##...................................#........
.....##..................................#........
.....##..............#............................
...................###............................
...............#######............................
...............#######............................
.......#.#....##.#..#.....###.....................
.......###....#...................................
......##.#........................................
....#..##.........................................
..###.............................................
.####.............................................
#..#..............................................
#.##...........#..................................
##.............#..................................
0 23 218 69 8030
1 654 2060 94 59426
2 661 2986 70 143454
3 700 1475 79 30227
4 738 3136 60 98160
5 913 3412 80 46564
6 1025 4387 82 165862
7 1123 1737 23 2630
8 1243 3138 63 85041
9 1260 6249 31 114051
10 1292 2026 82 23408
11 1371 3812 10 14144
12 1568 1751 47 4619
13 1697 2885 34 22262
14 1767 2350 10 2359
15 1876 2495 59 20110
16 1877 3326 68 25428
17 1912 3357 109 58556
18 1957 3230 117 176492
19 2393 3349 20 5765
20 2477 6363 76 96052
21 2509 2584 41 946
22 2553 3184 80 26838
23 2809 3145 62 9380
24 2947 4185 148 115880
25 3035 10881 52 224210
26 3042 8221 9 23194
27 3077 4694 64 111587
28 3094 6702 33 75034
29 3104 3851 95 12660
30 3120 8325 25 26658
31 3134 11477 99 603044
32 3320 5511 5 3004
33 3424 9264 131 550028
34 3495 5141 7 7447
35 3509 4943 7 4758
36 3730 5428 19 13556
37 3833 6244 55 93862
38 3835 4441 33 5601
39 3853 5350 40 26454
40 3956 4141 86 6166
41 4160 13283 145 510161
42 4290 4495 29 2482
43 4371 5501 74 50689
44 4385 8986 102 213728
45 4406 8796 7 7078
46 4429 5329 68 13567
47 4558 5161 118 29309
48 4613 4736 95 7438
49 4705 7851 135 380453
50 4763 5269 26 7200
51 4789 7406 134 136440
52 4919 9379 47 140431
53 5095 6458 103 24160
54 5225 5461 141 11466
55 5286 6306 56 26999
56 5349 10515 23 49369
57 5400 5418 118 1757
58 5466 6380 140 48885
59 5633 6714 110 43732
60 5730 8564 48 39447
61 5986 8860 88 155706
62 6169 11364 14 49299
63 6219 13964 9 40513
64 6322 6507 124 8102
65 6393 6398 4 7
66 6597 10179 95 136627
67 6660 7812 86 34772
68 6730 11179 13 22936
69 6804 7295 75 33754
70 6847 7330 14 9689
71 6866 10523 132 54779
72 7025 9713 48 62524
73 7162 7957 140 131682
74 7382 7535 26 1238
75 7597 9583 141 73923
76 7880 8112 143 12728
77 8021 8360 95 21021
78 8040 11118 103 92211
79 8063 8396 48 9893
80 8211 9990 18 28641
81 8376 11103 29 53793
82 8389 12225 73 160305
83 8444 10049 77 29860
84 8477 8535 9 317
85 8586 9848 129 53480
86 8736 15818 22 89614
87 8763 13155 20 26759
88 8797 15280 6 14431
89 8851 10772 8 5022
90 9036 11585 112 176112
91 9199 13625 34 55683
92 9200 12043 7 7137
93 9321 9497 36 5855
94 9392 10920 22 6886
95 9407 11043 67 71571
96 9540 10858 131 98380
97 9657 15537 23 84066
98 9670 13093 44 62996
99 9762 13219 71 240521
100 9764 10711 132 160140
101 9856 11829 9 10750
102 9971 9995 45 970
103 10012 10220 11 617
104 10193 10710 8 3559
105 10364 16581 124 156407
106 10442 12496 45 33295
107 10781 16105 31 58681
108 11154 14041 4 4176
109 11197 12363 7 6924
110 11532 11716 33 2664
111 11610 13357 120 111320
112 11645 13065 83 21897
113 11661 11686 70 1263
114 11697 12227 31 7516
115 12291 14233 13 9414
116 12429 15456 37 26301
117 12457 12931 12 3808
118 12509 13707 78 80762
119 12834 14968 45 52532
120 12879 15551 26 37719
121 13102 15373 25 9212
122 13157 14481 106 57639
123 13311 16704 40 74746
124 13329 14996 4 3010
125 13476 14604 23 10360
126 13497 13532 28 656
127 13520 18834 7 10907
128 13584 18547 9 53015
129 13601 14478 6 1225
130 13693 17654 44 128969
131 13765 14101 28 1513
132 13794 15399 149 182862
133 13832 15187 72 55231
134 13859 18446 63 139563
135 13876 15686 28 31305
136 14046 18552 54 186434
137 14181 18726 62 138419
138 14362 17826 4 4019
139 14568 16519 36 34693
140 14601 16949 143 485074
141 14736 14901 16 1103
142 14746 19487 11 36725
143 15066 17539 27 16118
144 15180 16685 138 63920
145 15433 16112 46 67043
146 15453 16198 11 3166
147 15506 15955 74 34910
148 15547 15622 39 5321
149 15805 17618 76 43478
150 15962 17717 118 94171
151 16118 16235 54 2281
152 16316 16603 17 1162
153 16403 17953 58 19821
154 16413 17380 61 21160
155 16524 22721 12 52494
156 16686 17314 86 47047
157 16759 29317 126 497091
158 16920 23398 108 585205
159 17057 19817 116 55612
160 17143 18205 141 84039
161 17364 31344 6 25346
162 17450 25184 104 321373
163 17461 20585 112 167314
164 17471 18935 38 26717
165 17472 19643 98 131625
166 17481 17917 88 10512
167 17578 17987 30 8036
168 17646 17889 135 24448
169 17699 17833 31 1772
170 18261 25658 119 594401
171 18316 18362 41 433
172 18464 18529 126 3712
173 18479 20745 95 302115
174 18540 21292 48 113980
175 18550 19330 101 35705
176 18630 23573 76 322625
177 18639 22600 30 135642
178 18792 19259 48 20310
179 18873 19898 64 43064
180 19027 20379 126 114069
181 19090 20325 94 43707
182 19266 19465 70 4430
183 19293 29600 11 33494
184 19413 28081 39 60380
185 19588 21240 29 14757
186 19848 20595 65 11300
187 19921 20381 5 1850
188 20045 22325 99 84418
189 20064 21167 113 113162
190 20080 20942 20 5667
191 20189 21282 13 13151
192 20446 27683 6 19113
193 20573 22073 25 20031
194 20620 23281 19 22538
195 20713 20965 8 1740
196 20722 21150 94 17838
197 20800 23079 100 132087
198 20818 21579 12 10284
199 20853 22253 10 5883
200 20877 21004 41 2418
201 20973 24330 98 157127
202 21036 22696 11 5422
203 21095 22487 138 244917
204 21122 21193 121 6838
205 21166 26768 43 440867
206 21207 22909 125 102094
207 21218 22199 12 5808
208 21232 28389 132 311616
209 21340 21890 89 19680
210 21525 22572 38 25827
211 21604 22240 15 7306
212 21657 22002 51 10181
213 21727 24050 59 72445
214 21815 25639 16 28621
215 22032 22999 50 50994
216 22065 22660 18 7243
217 22095 24211 7 6132
218 22180 22849 8 2667
219 22703 26081 28 39729
220 22737 24332 100 122482
221 22925 23480 83 21913
222 22932 24571 133 239110
223 22965 31316 137 1790659
224 23107 25382 14 15478
225 23138 26021 108 407717
226 23173 23916 16 11191
227 23199 25453 36 24993
228 23224 23510 61 16484
229 23290 25789 124 81641
230 23355 23815 86 22502
231 23434 26104 41 49957
232 23489 23811 83 19758
233 23538 27087 80 88970
234 23569 26217 37 26279
235 23587 27371 147 505993
236 23671 24585 53 31118
237 23721 28523 109 269600
238 23742 24618 141 53493
239 23865 23921 99 5387
240 23891 26662 45 59582
241 24081 24512 31 5049
242 24168 25066 50 19283
243 24294 25844 144 242503
244 24493 25979 131 42594
245 24663 24927 25 19259
246 25059 28317 106 43416
247 25164 26147 125 30535
248 25193 26134 27 11715
249 25196 26015 45 21450
250 25277 31562 133 210040
251 25353 28280 19 57859
252 25463 28302 55 67889
253 25481 26243 6 1686
254 25537 28753 6 7319
255 25591 26135 29 5851
256 25957 27590 8 2610
257 26130 30939 56 90792
258 26137 27876 82 65723
259 26331 26865 136 68888
260 26395 28570 41 21919
261 26436 30828 62 50838
262 26760 26930 109 7163
263 26867 27450 147 54409
264 26901 32418 17 27296
265 26915 28964 19 7205
266 27084 38675 24 42460
267 27241 28900 49 31073
268 27299 27869 113 45960
269 27489 29292 71 55012
270 27736 28768 7 1804
271 27767 28814 126 219639
272 27773 28791 13 7842
273 27843 31882 21 87399
274 27862 31710 87 220985
275 27897 29231 98 189777
276 27970 30658 12 7911
277 28142 29587 70 136561
278 28150 29229 27 8810
279 28235 31246 58 109546
280 28394 32395 141 284948
281 28426 28849 49 16261
282 28427 28950 102 19729
283 28485 29044 36 12320
284 28540 29917 24 19705
285 28706 33204 33 48417
286 28943 31051 138 90536
287 28961 30424 9 2086
288 29048 29087 69 920
289 29214 36818 19 31377
290 29261 33147 13 22993
291 29550 30129 68 14138
292 29757 30168 6 494
293 29945 30287 112 36920
294 29988 32774 101 70547
295 30130 30210 7 85
296 30189 31270 75 104210
297 30271 33038 34 66818
298 30596 31118 8 3341
299 30728 31567 77 33415
300 30763 31403 34 15078
301 30819 32301 21 9812
302 30863 34233 14 66002
303 30875 31239 34 5195
304 31324 31589 107 15133
305 31332 32023 127 65266
306 31623 34058 124 374567
307 31629 32062 6 1722
308 31662 32279 42 23600
309 31794 35843 117 524654
310 31955 32169 6 752
311 32223 33141 100 57647
312 32485 34025 109 149212
313 32584 32996 48 13769
314 32616 34202 48 65660
315 32675 37236 76 74510
316 32844 33407 9 3660
317 32845 38705 60 95560
318 32890 35512 33 42926
319 33005 37557 36 50783
320 33179 34477 11 4924
321 33218 34263 45 11926
322 33236 37692 42 41654
323 33339 36003 27 58990
324 33397 42776 18 76859
325 33494 35205 28 41781
326 33550 34752 29 30538
327 33576 33768 9 2046
328 33694 33831 71 7327
329 33804 40578 23 80292
330 33838 38407 12 26560
331 33881 34039 15 1147
332 33934 37192 38 32941
333 33959 34762 59 34372
334 34008 35077 13 1999
335 34063 34608 34 6846
336 34079 34180 123 4196
337 34114 42939 59 491791
338 34160 36477 118 80143
339 34208 34230 140 5489
340 34222 37447 19 23797
341 34298 34513 88 10442
342 34321 34972 30 15141
343 34457 42487 37 170276
344 34466 36071 132 198934
345 34519 37290 20 24056
346 34778 36421 22 7573
347 34871 35433 44 28960
348 34900 36345 112 122342
349 34946 36209 30 15074
350 35019 37445 137 102209
351 35168 35803 79 31946
352 35422 35835 108 23484
353 35437 35584 23 2910
354 35477 40857 78 95946
355 35528 36709 88 28209
356 35774 41814 65 171747
357 35810 35986 33 3161
358 35820 41296 47 44084
359 36139 37285 132 28862
360 36203 36379 131 11170
361 36220 36776 80 47903
362 36235 36703 77 18372
363 36302 37595 18 9865
364 36424 36434 22 129
365 36531 38331 66 204230
366 36639 40229 29 31287
367 36653 40579 55 198205
368 36874 37426 107 38512
369 36908 37887 113 111761
370 36939 37966 85 83721
371 37308 37714 29 7446
372 37564 37811 13 2447
373 37669 38509 14 14091
374 37696 39287 135 79591
375 37828 38224 109 19605
376 37884 44491 136 695019
377 37938 38445 89 19353
378 37952 38935 125 129575
379 38077 40892 112 94743
380 38131 39129 93 119857
381 38132 38344 133 20872
382 38262 39766 15 16902
383 38318 43144 111 144259
384 38326 38538 9 1609
385 38336 41531 17 73483
386 38350 42620 26 25996
387 38383 40754 122 179473
388 38478 41899 119 135978
389 38485 43662 85 169077
390 38586 40328 147 67790
391 38724 45339 18 42189
392 38733 42923 63 78217
393 38856 39335 31 5838
394 39069 40699 25 22860
395 39097 44449 75 100288
396 39423 39485 28 903
397 39461 40841 52 73037
398 39523 43088 10 12393
399 39525 43462 43 78699
400 39535 39886 104 42512
401 39585 41692 20 19208
402 39601 44111 13 38515
403 39731 40705 19 13740
404 39838 41221 15 25030
405 39859 41658 68 66830
406 39979 41355 13 6264
407 40085 40260 52 9000
408 40189 40382 49 4352
409 40241 42786 138 310844
410 40564 43340 34 27427
411 40569 40655 61 3295
412 40644 43795 9 5336
413 40726 41053 57 13348
414 40746 42319 23 8147
415 40929 43124 4 3660
416 40943 45743 28 197295
417 40961 41385 146 31867
418 41207 42073 65 34859
419 41373 44983 91 204916
420 41630 42886 10 8847
421 41656 48814 109 613689
422 41770 41777 78 691
423 41985 43269 8 2728
424 42203 43608 9 5535
425 42249 43945 134 40790
426 42558 42642 96 2960
427 42829 43129 40 9088
428 42878 43005 129 6492
429 42940 43508 119 72798
430 43063 44376 67 54610
431 43216 44494 114 85029
432 43226 45720 49 52951
433 43399 46066 91 84606
434 43489 46748 63 139979
435 43873 48930 10 10701
436 43892 47811 32 78721
437 43914 44195 19 4203
438 43993 51067 78 318453
439 44055 47797 132 189274
440 44082 45204 111 61429
441 44192 44354 61 5351
442 44312 50077 6 10953
443 44366 44801 125 26854
444 44523 45161 64 17102
445 44615 47028 24 19395
446 44653 46084 10 6012
447 44654 45516 9 7585
448 44703 48767 88 135519
449 44783 45769 125 77422
450 44829 46079 48 28789
451 44872 46515 11 14171
452 44877 46579 83 154505
453 45019 46181 129 41360
454 45246 46545 135 56770
455 45261 45870 15 11227
456 45271 46653 51 35870
457 45356 47168 101 141465
458 45393 45534 20 1584
459 45641 47139 90 56435
460 45654 50003 6 10924
461 45664 46139 76 17958
462 45848 48992 16 15894
463 45923 51736 141 147558
464 46003 49827 135 384697
465 46026 48261 74 246130
466 46031 50224 6 13092
467 46065 47262 118 105191
468 46080 47829 88 84399
469 46147 50629 76 117830
470 46390 46430 67 3575
471 46403 52581 55 218580
472 46451 47094 145 56609
473 46562 46889 5 1004
474 46602 51432 36 49471
475 46654 47903 54 70090
476 46707 47199 63 21426
477 46728 50679 118 134002
478 46944 47391 45 24053
479 47031 47851 117 84019
480 47083 49551 11 9170
481 47095 47132 128 10343
482 47117 47476 115 19963
483 47279 50977 75 129231
484 47288 49123 8 7002
485 47431 50625 84 98795
486 47433 47461 49 2077
487 47468 49835 30 31233
488 47502 47516 96 985
489 47557 48477 36 12141
490 47648 51101 14 44331
491 47653 49507 50 47410
492 47654 48951 101 127190
493 47717 48633 102 50090
494 47861 48770 81 32147
495 47906 48074 80 4916
496 47928 50837 78 171574
497 48081 52705 6 4771
498 48217 58299 88 595519
499 48271 51269 116 154872
500 48320 50513 51 86291
501 48365 50616 47 53267
502 48621 51654 16 8033
503 48867 50425 22 16442
504 48912 49028 26 2838
505 48947 50804 148 103441
506 49080 51666 102 97359
507 49195 50455 134 65343
508 49224 49935 37 5389
509 49236 49630 23 7064
510 49306 49738 128 50371
511 49404 51341 39 68856
512 49414 49860 40 5642
513 49512 54636 28 79840
514 49588 51609 96 94323
515 49592 50742 55 61903
516 49667 49762 39 1813
517 49787 54024 85 376876
518 49894 53784 52 118985
519 49941 51477 80 45973
520 50694 51293 22 7210
521 50697 51846 14 13712
522 50805 63864 138 798209
523 50822 51055 19 1052
524 50868 51056 10 1585
525 51031 51163 120 4350
526 51066 51756 43 15136
527 51164 52888 47 24339
528 51216 54701 10 21111
529 51374 51427 117 3899
530 51400 51617 23 9267
531 51452 60050 24 52617
532 51549 52854 4 1017
533 51591 52467 54 22064
534 51618 52887 42 25424
535 51624 53428 7 10511
536 51646 51759 147 11057
537 51870 54570 130 82899
538 52042 52919 106 56554
539 52112 54091 80 30415
540 52276 57236 98 382673
541 52311 54300 143 111336
542 52411 54894 14 10404
543 52430 52444 14 60
544 52479 53724 95 86174
545 52520 59740 4 8136
546 52651 55553 50 186231
547 52837 58834 4 25215
548 52952 61743 40 235417
549 53041 59953 106 126628
550 53048 56901 43 134998
551 53155 57101 145 163842
552 53198 56135 56 58767
553 53295 53451 47 2401
554 53598 54307 141 42241
555 53728 56769 40 43376
556 53772 53973 5 745
557 53997 54171 7 932
558 54185 55366 53 21418
559 54284 61792 51 63168
560 54296 54827 150 23183
561 54321 55046 24 20209
562 54433 55997 113 40754
563 54498 68117 120 1168702
564 54642 55304 15 6884
565 54662 54702 11 443
566 54731 56520 117 352807
567 54741 55925 21 12755
568 54847 55296 31 4536
569 54966 54973 49 516
570 55092 57690 42 23848
571 55098 55331 34 8123
572 55268 61809 14 16064
573 55354 56162 6 2463
574 55416 56581 26 15219
575 55481 58725 143 281636
576 55530 67287 5 19963
577 55600 55606 142 592
578 55936 60588 88 329844
579 56265 57904 53 20034
580 56270 58225 39 29547
581 56351 58473 9 7753
582 56370 57680 23 6474
583 56441 58461 71 84323
584 56475 57540 50 20185
585 56494 66129 31 535344
586 56716 59616 131 198386
587 56731 58365 93 52016
588 56752 57231 131 35201
589 56764 58358 133 54998
590 57131 58652 39 32394
591 57169 61030 34 22964
592 57343 59818 86 69887
593 57717 58124 14 3331
594 57784 58641 52 26254
595 57899 60299 16 9579
596 57915 58407 64 10567
597 57960 62106 29 57910
598 57963 61733 5 8983
599 57980 64243 35 149845
600 58003 59853 133 115165
601 58098 61211 29 30013
602 58125 58851 118 61265
603 58204 61488 75 91092
604 58252 62939 19 29497
605 58272 61667 40 55274
606 58329 59109 21 3654
607 58417 63571 134 156016
608 58442 61393 125 243539
609 58478 59555 12 6184
610 58659 58943 145 18388
611 58727 59458 98 41382
612 58823 59592 35 11514
613 58935 60398 54 41858
614 58948 59318 15 6681
615 59211 61444 97 201217
616 59296 63848 37 99504
617 59595 60328 112 18281
618 59606 66269 101 726591
619 59645 63373 93 44135
620 59746 61035 105 59056
621 59948 62702 121 131032
622 60027 60966 34 7859
623 60123 62698 113 105160
624 60219 62780 7 12779
625 60272 60417 80 5228
626 60277 61017 69 33984
627 60335 62326 27 7467
628 60337 66680 62 149291
629 60348 60824 10 5728
630 60359 63039 22 30090
631 60390 66391 118 150375
632 60727 62467 125 68731
633 60773 62677 54 76480
634 60817 62647 55 73273
635 60842 61799 107 78946
636 60948 65242 88 36879
637 61098 63959 97 39840
638 61110 61443 18 1835
639 61416 65416 127 161882
640 61454 61985 114 71404
641 61474 62681 50 10368
642 61476 65216 22 111991
643 61965 65529 45 122087
644 62077 65018 12 12447
645 62139 64887 62 45353
646 62267 65276 52 35403
647 62401 64051 38 19566
648 62452 64492 8 7534
649 62563 62992 74 11818
650 62651 63539 21 8195
651 62837 63438 22 12622
652 62945 65092 53 30272
653 62972 69776 136 181936
654 63049 63118 13 453
655 63153 64095 62 24230
656 63264 64836 136 156741
657 63302 65689 25 16680
658 63318 63402 34 4900
659 63336 65087 143 110938
660 63384 63666 89 22793
661 63493 65786 7 11670
662 63495 66685 48 46115
663 63640 63679 93 1836
664 63730 65503 5 4467
665 63898 64512 35 11558
666 63944 64399 5 936
667 64099 64351 39 1808
668 64135 66738 42 52865
669 64140 70609 13 17082
670 64166 67742 64 138006
671 64178 64690 13 3671
672 64203 64503 78 5762
673 64506 68673 126 219140
674 64628 70989 6 24519
675 64705 66639 65 49995
676 64840 67017 8 5970
677 64854 65827 21 14602
678 64922 65211 144 17430
679 64925 73622 34 136738
680 64980 69414 33 36073
681 65033 68048 49 45956
682 65035 66394 75 90793
683 65062 69410 7 14257
684 65106 66270 87 113572
685 65220 65526 85 13356
686 65312 66076 42 25373
687 65418 71667 48 123321
688 65459 69803 7 11412
689 65531 65998 19 2468
690 65738 70608 30 103860
691 65753 66722 29 4743
692 65813 66194 36 3636
693 65843 71421 93 312478
694 65913 66344 87 13863
695 66082 68990 119 187457
696 66104 67738 94 87498
697 66121 69043 89 114821
698 66211 66390 85 12562
699 66295 74168 100 377005
700 66367 66818 38 8817
701 66445 68303 35 45194
702 66683 66825 8 510
703 66729 68319 24 21013
704 66992 69520 80 36159
705 67096 68711 88 37784
706 67169 69101 63 27849
707 67192 69934 5 3886
708 67350 68534 124 52798
709 67434 70181 16 8791
710 67533 70175 8 15872
711 67563 67816 35 3536
712 67571 70161 7 5570
713 67755 69228 55 75493
714 68125 68435 139 16212
715 68155 70168 46 66995
716 68255 69357 10 8002
717 68267 68553 10 2221
718 68345 72822 33 104868
719 68398 72542 31 78617
720 68455 71102 84 157648
721 68456 68539 6 380
722 68629 69189 135 20908
723 68730 69898 25 18036
724 68841 69800 60 40784
725 68845 70567 95 66143
726 68883 78527 51 287136
727 69209 70465 141 226140
728 69323 69531 148 23631
729 69351 70103 42 31322
730 69445 70548 73 19247
731 69550 77360 138 384454
732 69673 88811 36 139433
733 69819 70734 33 12148
734 69822 70241 56 20552
735 69945 71402 84 35276
736 69972 71067 66 82984
737 70273 73946 59 32440
738 70294 73320 70 35905
739 70299 70800 63 21650
740 70469 71641 34 9675
741 70707 73337 26 35451
742 70742 72048 67 44168
743 70885 73096 11 11341
744 71087 73458 33 45549
745 71127 72075 28 25133
746 71276 76348 133 325069
747 71387 75355 28 40732
748 71464 72595 46 23748
749 71614 77132 73 142796
750 71771 73802 143 97168
751 72027 72263 13 950
752 72065 73980 20 30639
753 72229 72993 74 25232
754 72246 76085 143 251651
755 72398 73922 121 114762
756 72507 73356 11 5541
757 72549 74065 29 20374
758 72591 73263 82 20372
759 72655 75730 77 91056
760 72783 73611 16 6899
761 72804 73709 19 7533
762 73030 73683 93 14308
763 73033 74128 103 24616
764 73084 73992 145 85459
765 73196 84567 74 849852
766 73210 73353 120 4883
767 73334 75668 28 67391
768 73641 75033 55 46112
769 73650 77468 104 295777
770 73808 74981 63 8899
771 73855 74924 6 4218
772 73858 74156 20 3704
773 73913 75467 73 20819
774 74111 80550 52 109666
775 74210 75187 142 53470
776 74292 75690 33 64751
777 74412 76152 141 210648
778 74564 75297 139 90790
779 74687 77500 9 11442
780 74904 80153 60 145699
781 75071 76741 43 45190
782 75129 75842 68 7809
783 75239 78048 145 176316
784 75276 77134 7 9374
785 75472 75527 88 4929
786 75487 76952 109 105055
787 75529 76193 30 16401
788 75674 76813 118 47365
789 75877 79599 51 32327
790 75912 76691 75 13761
791 75982 76975 19 7869
792 76046 79945 37 24074
793 76100 76759 17 5475
794 76179 77801 88 56412
795 76521 76603 47 1550
796 76647 77478 41 11930
797 76703 76725 135 2908
798 76752 78379 12 4845
799 76986 77361 110 88544
800 77012 78915 16 12434
801 77244 85439 10 50764
802 77648 79189 4 2276
803 77684 84124 144 705502
804 77805 80564 80 79082
805 77833 79974 10 21141
806 77912 78181 127 8397
807 77924 81970 21 31604
808 77931 78484 61 23163
809 78030 82564 7 6349
810 78037 79743 36 36392
811 78058 78789 63 11558
812 78166 80109 80 69341
813 78316 78621 92 14447
814 78554 81968 80 109663
815 78683 80760 71 76029
816 78721 80318 7 12136
817 78791 79193 36 11516
818 78798 87654 88 986266
819 78872 80201 10 3804
820 78963 83403 12 19326
821 79085 79988 96 79050
822 79164 79340 41 4790
823 79180 80686 83 69517
824 79208 80557 124 42944
825 79236 80562 74 45700
826 79339 79921 31 6685
827 79434 85529 7 9893
828 79895 82734 41 21155
829 79986 81437 89 29774
830 79999 83813 61 69044
831 80007 80128 62 11789
832 80167 80198 28 234
833 80207 85776 5 7163
834 80266 86875 6 9150
835 80304 85974 21 39078
836 80353 81198 56 20156
837 80380 81064 91 29308
838 80463 82277 101 31387
839 80476 87525 41 101954
840 80584 81867 92 84698
841 80630 81628 29 12325
842 80765 83779 17 17118
843 80808 85546 22 59135
844 81021 83208 7 8863
845 81061 85326 72 107536
846 81070 81645 121 94984
847 81092 81824 44 12106
848 81186 81433 33 7145
849 81221 83034 13 9689
850 81261 87023 65 429869
851 81274 83007 60 44083
852 81377 86795 73 139372
853 81821 83882 13 6034
854 81859 82546 136 20736
855 82004 83980 8 13383
856 82116 82230 30 3971
857 82595 88314 32 57736
858 82693 84138 33 55815
859 82829 83293 123 20071
860 82890 83395 32 10305
861 82942 83076 62 2499
862 83042 91330 83 374369
863 83093 87752 20 49588
864 83199 86504 31 20158
865 83550 84552 145 52047
866 83590 84373 139 47551
867 83607 86537 54 86615
868 83664 86552 25 34459
869 83814 85267 88 29523
870 83848 85358 102 69361
871 83936 86519 78 87440
872 83993 84546 45 16443
873 84086 85542 40 16198
874 84120 84498 31 8525
875 84128 89831 53 141421
876 84224 86156 96 181393
877 84405 91069 69 149827
878 84409 84666 9 2223
879 84559 90429 7 19563
880 84638 85744 86 49803
881 84931 86548 25 7712
882 84935 85830 24 10009
883 85308 85689 20 3908
884 85342 86040 82 19700
885 85410 87193 41 52751
886 85572 88048 76 65233
887 85709 94651 44 119517
888 85867 86188 57 7618
889 86063 88687 18 46003
890 86082 90017 11 15946
891 86288 86421 56 7049
892 86455 90861 27 45414
893 86485 88032 60 71934
894 86680 88234 8 6006
895 86698 87473 74 19805
896 86745 87400 45 12796
897 86757 89055 137 157003
898 86879 90373 130 87290
899 86930 87643 10 3073
900 87015 87957 50 24204
901 87067 92580 8 6883
902 87116 87677 5 1058
903 87144 87235 68 1533
904 87174 87521 22 2944
905 87207 91068 16 28872
906 87331 88548 129 127858
907 87351 90788 73 153187
908 87464 88821 41 17936
909 87515 88557 75 25682
910 87575 92576 6 11149
911 87693 88800 89 35608
912 87730 91929 11 40918
913 87759 88714 58 77300
914 88008 90346 128 121854
915 88034 92071 134 202874
916 88307 91603 132 92494
917 88368 88461 119 5871
918 88412 89990 70 148442
919 88519 89331 67 15323
920 88601 89815 6 3573
921 88716 91107 129 62582
922 88752 93758 7 23758
923 88959 92090 12 32831
924 89016 90251 5 4215
925 89044 89217 35 2845
926 89075 89151 148 10280
927 89199 91038 145 208667
928 89287 90652 62 18203
929 89391 97209 36 75418
930 89552 89577 138 3366
931 89553 90899 98 34226
932 89632 90663 6 1870
933 89786 91109 50 24311
934 89816 93139 141 166024
935 89857 91963 50 148381
936 90036 90643 111 33085
937 90104 90314 16 1767
938 90708 92567 70 93937
939 90756 96647 67 99799
940 90828 91062 128 15754
941 90859 91598 16 5651
942 91080 91285 68 7305
943 91251 94755 79 163762
944 91356 91550 67 8238
945 91383 93510 5 8048
946 91445 92399 37 7423
947 91470 93812 59 36564
948 91752 93061 18 9743
949 91935 92138 32 1373
950 92058 92096 71 1259
951 92080 95670 148 139346
952 92398 95851 7 8054
953 92612 95924 65 101558
954 92624 92658 106 4177
955 92756 92967 104 7787
956 92946 96062 50 76572
957 92980 94853 18 10162
958 93437 95218 62 40062
959 93645 95051 10 10027
960 93655 94565 24 24124
961 93721 97922 29 29030
962 94058 98382 25 52821
963 94089 94159 83 2400
964 94103 95762 55 63311
965 94154 95507 31 21989
966 94400 95937 50 69238
967 94658 96418 117 48883
968 94838 99442 22 28027
969 94989 96816 83 95216
970 95074 95181 64 5128
971 95100 97438 90 80209
972 95163 95231 42 1010
973 95168 97004 78 45943
974 95558 99802 139 218161
975 95592 97838 66 101948
976 95710 97827 12 7134
977 95725 96262 126 29923
978 95839 96145 10 1616
979 95888 97110 143 107570
980 96284 97676 36 6751
981 96287 96490 11 1191
982 96362 97747 17 16804
983 96410 96703 145 17030
984 96488 99569 76 89654
985 96621 98283 13 8723
986 96898 99669 72 77239
987 97149 98468 18 9179
988 97166 99066 55 150179
989 97197 97287 76 1738
990 97296 97527 88 4203
991 97496 97612 17 2466
992 97597 98083 148 40900
993 97697 97778 14 967
994 98195 99752 12 1835
995 98778 99394 22 3739
996 98837 98937 11 745
997 98936 99372 19 11953
998 99065 99641 38 3698
999 99413 99677 11 1926
