50 1000 0.085
..............#####...........................##..
................##...............#......###....##.
................##......#......#.#####............
........................##.....####..##...........
#.......................#.........................
##......................##........................
##.............#........#....#.............#####..
...............#...........###..............#.###.
....##........####..........###..............#####
.....#...#...####...........#.................###.
...###...#.######...........#............##...####
.#####.#.##.##.........................#.#....#..#
.#..#.######.#.........#.#............####..#####.
..##..#####...#........###...........##.#....#####
..#######.....#.......######................####.#
..#.#.#.....###.........##....................##..
#####........##...........###.................#...
####......................##.....................#
..###.....................#.##...................#
###.#.....................#.#..............##..###
###.#...#................#..###...........####.###
###.#...#................#####............########
##.....##........#........#..............########.
##.....##......#.#.......................###.####.
.#....###.....##.#........................#...####
......##.....######...........................#...
.............##.##....................#...........
.............####................#....##..........
.............##..####...........##..#..#..........
.............##..#.#............#####.............
.................................####.............
..........................#.........##............
........................###.........#.............
.........................###.........#..#.........
.....................................####.........
.........................#........#.#####.........
........................##.#......#######.........
.......................#####......#.#####......###
.........................#...........##.##.......#
.........................#...............###...###
###.......................................#.####.#
######....................................#####.##
.#####.....................................###..##
...#.##.....................................##....
.....####....................................#..#.
.....#...............#..........................##
..................#.##...........................#
..##............#######.........................##
..##.............#####..........................##
...##...........#######........................###
0 23 7621 15 39923
1 206 22504 129 321690
2 221 4095 75 96538
3 286 5788 95 251015
4 309 5140 6 16937
5 376 1970 36 43355
6 391 829 7 2727
7 392 474 24 3017
8 448 10304 15 255694
9 495 19089 118 1147541
10 540 2178 27 45492
11 601 6104 67 175019
12 707 13222 80 562814
13 759 6465 47 68500
14 910 7247 77 186388
15 1050 9311 42 199018
16 1059 8727 104 716404
17 1114 3072 55 181384
18 1224 3672 120 122920
19 1280 3150 131 102758
20 1286 3754 80 76656
21 1327 9741 108 628476
22 1550 2342 146 35573
23 1554 2297 68 14111
24 1723 6252 69 197100
25 1782 15623 78 298078
26 1891 3998 79 143432
27 1991 4435 7 7010
28 2039 3079 16 10620
29 2129 6601 13 17710
30 2551 9280 11 39860
31 2660 3451 70 39156
32 2814 5088 87 101317
33 2889 46679 73 1037995
34 3039 6276 130 165322
35 3110 6309 18 25450
36 3182 3199 9 79
37 3294 15671 133 535377
38 3324 5684 31 56596
39 3349 18034 67 737071
40 3358 9135 36 68547
41 3377 15969 15 70397
42 3395 11046 26 69809
43 3452 5146 11 7250
44 3697 15457 85 358526
45 3761 24649 5 39710
46 3767 6940 9 21588
47 4055 4345 109 22162
48 4165 14892 20 95431
49 4174 14387 42 371885
50 4208 10868 20 36013
51 4223 6208 63 36213
52 4230 7010 18 15680
53 4294 13956 21 73860
54 4335 5650 38 25314
55 4443 7094 11 9298
56 4512 4578 57 2501
57 4534 10921 98 134605
58 4568 9019 8 12264
59 4612 7331 60 61268
60 4708 5776 73 18499
61 4903 12897 97 755057
62 5005 7593 21 30471
63 5073 6006 51 17142
64 5095 9784 108 89901
65 5187 6589 90 170468
66 5198 9065 111 111367
67 5272 9487 28 102824
68 5290 9957 21 33665
69 5449 14764 28 202504
70 5514 8730 132 274901
71 5570 20045 28 193241
72 6043 11099 20 109236
73 6068 8459 80 28219
74 6102 9619 68 72900
75 6106 10151 121 188756
76 6249 11432 20 48819
77 6334 16217 108 435810
78 6342 7157 60 36194
79 6462 12629 92 205851
80 6472 13008 12 16751
81 6588 21611 19 48782
82 6656 11163 97 247580
83 6756 8564 27 15893
84 6842 10377 129 261388
85 6942 15584 30 131792
86 6979 16856 20 93321
87 7025 9686 29 32925
88 7125 8008 4 973
89 7262 8455 46 22274
90 7597 15429 36 93052
91 7599 14946 28 114816
92 7662 9199 6 3338
93 7681 10907 8 16847
94 7694 23129 123 374514
95 8315 26465 37 693200
96 8368 9193 47 19637
97 8374 13424 81 90774
98 8475 22487 59 400583
99 8520 12270 36 119435
100 8765 18858 49 171600
101 8818 18536 12 58281
102 8845 10100 95 99806
103 8903 10494 145 110616
104 8964 19257 23 84487
105 9272 19636 16 121261
106 9302 17182 15 50779
107 9346 20421 11 47453
108 9422 12570 24 17915
109 9607 24349 32 77631
110 9617 9738 33 1710
111 9645 17248 32 105839
112 9660 17504 98 236673
113 9815 27162 91 506970
114 9858 12861 10 7577
115 9992 20691 5 13768
116 10020 20497 4 12824
117 10243 12871 135 129065
118 10262 16881 31 106376
119 10398 12645 6 5324
120 10603 24528 41 215679
121 10740 18282 22 44857
122 10745 12282 21 6788
123 10753 11813 33 14309
124 10795 26254 64 368430
125 10949 16519 33 231637
126 11017 19344 126 509666
127 11091 14320 61 121264
128 11203 14491 48 117903
129 11256 11543 71 7718
130 11295 23625 107 1000119
131 11301 14711 99 204386
132 11634 13975 111 83718
133 11636 18058 31 93702
134 11658 21943 141 779301
135 11684 17705 98 199290
136 11812 13820 49 33121
137 12042 12325 45 16856
138 12203 17743 14 44543
139 12305 13708 11 12704
140 12433 18428 39 43147
141 12477 76280 85 479386
142 12864 16455 16 13778
143 12935 21663 7 33858
144 13048 15464 104 206714
145 13100 36888 27 303568
146 13135 15613 43 41761
147 13143 14399 101 106198
148 13177 15590 7 5342
149 13245 14795 9 8200
150 13248 13494 9 1406
151 13310 13959 63 27452
152 13404 23498 101 328538
153 13448 25073 23 140522
154 13500 19608 122 239024
155 13579 21512 21 60134
156 13620 20897 127 368521
157 13645 15716 20 14441
158 13833 24905 137 1871644
159 13949 25800 32 199845
160 13993 15040 67 11927
161 14069 15885 106 98307
162 14159 22380 17 22465
163 14172 18055 128 157787
164 14329 19228 66 82630
165 14483 15281 7 823
166 14804 15317 18 6560
167 15008 15488 128 43024
168 15010 31461 7 16127
169 15088 16576 20 14981
170 15151 25154 92 481268
171 15223 19538 29 85691
172 15254 17136 105 135462
173 15373 15578 47 5388
174 15407 24059 70 253271
175 15479 21093 109 186504
176 15569 19054 14 12489
177 15626 19720 54 123624
178 15641 25690 7 24184
179 15708 26283 59 180460
180 15861 21774 50 84719
181 15934 18755 17 25316
182 16035 39261 37 578912
183 16189 20253 54 46472
184 16495 22296 53 89502
185 16502 33732 30 526941
186 16689 21782 128 145403
187 16781 19165 28 16978
188 16864 27115 24 55007
189 17040 33056 123 583203
190 17092 45501 51 406726
191 17096 20137 45 42981
192 17246 19073 57 21926
193 17411 22659 97 390165
194 17436 21566 30 29707
195 17584 22131 49 47044
196 17683 20765 128 145516
197 17689 25637 145 1367648
198 17741 17918 67 7362
199 17753 18447 99 16723
200 17776 18783 145 53434
201 17884 21500 39 39956
202 17907 20148 13 15941
203 18017 23517 12 28893
204 18027 18090 44 2852
205 18088 26322 40 322064
206 18166 19510 8 8449
207 18381 22583 26 28718
208 18625 18701 138 1729
209 18655 23637 10 21485
210 18699 23611 95 179504
211 18805 22130 34 22313
212 18930 23548 10 20538
213 18951 20158 89 112980
214 18987 21496 7 8472
215 19008 26249 102 578004
216 19238 27941 50 183854
217 19407 56066 11 104502
218 19408 27037 40 258904
219 19448 20850 29 31992
220 19537 24702 11 25451
221 19691 52428 7 29788
222 19927 24531 9 15712
223 19998 26308 61 59394
224 20013 23251 32 43356
225 20019 22318 7 15245
226 20081 26653 112 254599
227 20200 21151 27 16783
228 20204 21135 90 34997
229 20257 22683 11 12132
230 20328 22810 28 47591
231 20602 28234 148 236252
232 20653 25831 33 71724
233 20657 22183 23 48999
234 20675 21390 96 35364
235 20844 28091 128 672220
236 20862 23693 78 89868
237 20872 29863 32 120043
238 21053 30306 13 83478
239 21187 27799 35 66987
240 21294 23985 133 34738
241 21438 37997 144 1946204
242 21474 35689 104 527259
243 21796 22961 50 43302
244 21967 24504 4 4573
245 21997 34206 94 525886
246 22106 27093 114 174843
247 22153 23226 101 95506
248 22217 22531 5 425
249 22229 28672 67 322468
250 22251 50887 4 19379
251 22301 26370 95 306861
252 22339 25185 31 21175
253 22393 51819 86 450101
254 22447 37106 14 65526
255 22508 28784 12 60111
256 22519 22678 20 968
257 22685 23584 51 18277
258 22707 24195 5 1517
259 22832 23438 15 6991
260 23032 29253 71 214321
261 23084 23967 143 67461
262 23170 33774 71 365828
263 23175 25509 7 9024
264 23220 24680 92 52979
265 23345 24044 28 9024
266 23410 35477 6 15849
267 23427 38251 67 739697
268 23480 27312 142 148635
269 23646 29023 74 236628
270 23789 36263 47 92841
271 23803 35614 65 84248
272 23849 25777 38 61222
273 23931 27585 19 48819
274 24049 36425 19 84297
275 24071 25168 66 12768
276 24144 34051 118 474759
277 24151 28966 132 182411
278 24321 38934 135 377713
279 24405 27769 69 117133
280 24508 24924 65 19683
281 24523 25425 50 17511
282 24574 26124 30 14701
283 24650 24916 81 31969
284 25099 34494 25 65894
285 25294 27537 52 53512
286 25357 28531 99 131095
287 25416 26865 139 37349
288 25712 31105 6 14692
289 25935 33156 7 28774
290 26201 26817 43 3147
291 26520 27396 49 32857
292 26628 28326 93 57214
293 26776 30455 16 13066
294 26891 36342 48 705059
295 26893 53061 43 236103
296 26952 35116 127 116699
297 26994 32795 6 7695
298 27035 29475 79 109872
299 27157 27621 119 31396
300 27441 32512 95 188283
301 27470 35155 90 155665
302 27576 31915 58 137945
303 27595 27801 45 7177
304 27630 28851 24 5152
305 27657 48279 33 190534
306 27772 34309 26 49237
307 28059 31134 17 11148
308 28194 31555 79 191000
309 28297 29532 33 38681
310 28416 31416 126 327422
311 28758 37517 69 92968
312 28767 31578 104 212058
313 28774 31304 15 10798
314 28803 46640 7 25579
315 28967 32911 6 6741
316 28982 34056 37 65320
317 29034 36459 22 60182
318 29155 44963 108 194448
319 29187 42585 34 227912
320 29322 29828 11 6039
321 29400 33964 14 23293
322 29406 29819 134 23628
323 29410 30869 92 57860
324 29460 32396 139 176392
325 29604 34391 12 21080
326 29635 30815 9 5774
327 29729 30900 119 24627
328 29777 34425 46 85253
329 29902 31642 83 73952
330 30237 34948 12 23842
331 30259 31340 73 36630
332 30308 38217 7 54869
333 30405 39818 27 74202
334 30493 57613 128 1072811
335 30553 33177 61 111495
336 30868 32976 39 60207
337 30982 31559 102 34188
338 31046 33210 108 81839
339 31202 35150 53 64476
340 31267 39332 31 164962
341 31285 33867 16 33550
342 31438 36969 149 333587
343 31443 39132 94 299211
344 31471 32222 85 27142
345 31481 45024 45 218631
346 31486 31637 36 7131
347 31673 39101 111 388806
348 31861 33814 35 22690
349 31952 37946 30 69174
350 32141 32862 5 972
351 32161 45015 11 22212
352 32562 44426 19 55738
353 32596 49451 17 45880
354 32702 33144 17 5027
355 32780 37057 6 7125
356 32955 35160 55 62142
357 32985 41164 11 48896
358 33098 34951 127 134099
359 33191 42455 6 26825
360 33266 36280 62 152991
361 33492 46800 46 236994
362 33718 34184 8 1676
363 33756 34811 69 35661
364 33777 34127 10 1415
365 33810 34275 23 5034
366 33933 36285 73 38545
367 33997 34570 42 3936
368 34027 74127 7 179368
369 34209 43477 50 214646
370 34232 36159 145 87737
371 34377 38724 88 289774
372 34462 39392 32 37325
373 34626 34686 147 5331
374 34683 39180 8 10011
375 34789 37674 91 238848
376 34822 37755 12 4184
377 34862 35162 6 809
378 34876 36670 34 26346
379 34898 45761 11 15934
380 35139 47298 76 359803
381 35215 38584 36 77793
382 35281 42371 47 86523
383 35332 44053 36 43914
384 35343 36195 132 54879
385 35398 37892 116 205648
386 35416 43310 12 74524
387 35506 35704 140 10159
388 35593 40693 5 22788
389 35603 36699 36 16988
390 35695 37385 139 124079
391 35906 40780 25 30219
392 35982 38548 10 21072
393 36161 37051 120 40943
394 36317 49450 111 481082
395 36325 37049 91 32173
396 36404 39061 24 27016
397 36526 37120 114 37567
398 36647 41106 57 163180
399 36754 47510 98 396461
400 36785 39430 6 6128
401 37221 41531 65 90111
402 37242 39395 8 5829
403 37304 41657 143 205767
404 37614 37903 26 2938
405 37617 37873 70 29699
406 37621 39119 72 33556
407 37871 42265 21 44397
408 37887 44483 85 1005397
409 38076 38707 49 21359
410 38081 44758 43 65864
411 38129 40922 128 157519
412 38132 40263 57 36154
413 38178 46044 99 301376
414 38313 51249 16 96502
415 38343 50679 98 242345
416 38551 42077 10 14402
417 38617 45602 85 363871
418 38650 41644 23 26486
419 38684 42672 57 80516
420 38696 39854 35 33398
421 38880 46419 58 122740
422 38947 39491 74 14093
423 39006 44545 18 80491
424 39069 45486 32 89382
425 39156 40159 70 52576
426 39197 56173 5 53297
427 39225 48585 70 406125
428 39325 52010 54 175877
429 39759 44047 38 42697
430 39794 41917 106 103046
431 40139 46742 6 23245
432 40283 41981 60 64195
433 40328 44884 81 230421
434 40377 41519 71 37718
435 40458 44145 23 26477
436 40472 42588 22 10795
437 40595 44538 5 4030
438 40691 45863 37 42612
439 40742 48114 44 157746
440 40818 43340 61 27755
441 40821 43822 8 6700
442 40827 58187 13 84261
443 40883 58508 68 879014
444 40947 41100 60 4611
445 41140 51343 13 38572
446 41312 49376 91 267512
447 41472 41548 12 1147
448 41478 42064 77 15439
449 41522 46614 13 5103
450 41754 41913 28 2383
451 41857 45046 4 14159
452 41865 42328 147 10672
453 42089 48379 80 270344
454 42125 47419 46 85365
455 42293 44720 19 11753
456 42393 47704 27 77440
457 42446 49757 17 28219
458 42587 44480 21 13131
459 42617 50817 106 228076
460 42641 43151 23 5720
461 42698 49281 75 325924
462 42786 43405 14 2922
463 42798 57574 47 263305
464 42939 50083 34 182075
465 43056 45932 117 138657
466 43074 47167 141 647299
467 43089 44890 89 78323
468 43189 43951 130 31795
469 43329 45049 114 104053
470 43347 47872 25 73650
471 43373 51846 23 63157
472 43468 47423 56 276457
473 43796 51145 84 510959
474 43997 47941 4 13803
475 44135 44613 27 5574
476 44475 62891 85 1562672
477 44558 48351 24 48122
478 44817 45051 94 12997
479 44863 48387 76 86531
480 44885 50770 36 163544
481 45149 49993 5 36361
482 45371 46861 47 27497
483 45395 46389 149 60854
484 45450 52137 51 133759
485 45531 61015 14 64249
486 45848 48309 30 16645
487 45917 46402 146 56826
488 45928 48879 16 21785
489 46014 46740 6 7371
490 46071 68734 138 2322243
491 46139 47543 37 53729
492 46176 58969 7 20427
493 46193 47358 42 45118
494 46220 62312 33 145005
495 46644 53721 93 141459
496 46904 50492 66 84404
497 47094 49042 34 52606
498 47257 51069 88 206615
499 47285 58641 59 548164
500 47304 48491 94 41774
501 47468 51809 24 117957
502 47626 54272 76 146919
503 47720 54500 24 197710
504 47730 47934 109 13729
505 47781 50136 19 13078
506 47803 49634 15 34837
507 47816 61521 4 24313
508 47820 51728 85 243859
509 47863 54179 115 243753
510 47902 58488 56 281261
511 47930 49906 42 55621
512 47964 60559 22 135576
513 48018 65972 86 217424
514 48048 48158 25 1233
515 48091 53127 135 202512
516 48098 52854 5 7877
517 48350 50520 49 81669
518 48497 52050 11 22582
519 48520 50329 16 11454
520 48622 54301 10 109339
521 48833 55934 50 54518
522 49019 55354 13 52293
523 49048 50080 97 37405
524 49092 49775 113 33639
525 49134 50369 5 3272
526 49189 53343 6 9557
527 49262 51925 14 20348
528 49442 54344 150 177375
529 49482 55660 6 37628
530 49539 50927 42 75668
531 49722 50076 20 7215
532 50118 53634 12 12133
533 50173 61117 5 31491
534 50176 54153 12 15472
535 50222 52657 34 20269
536 50387 52402 105 148651
537 50406 60725 72 281074
538 50646 56431 49 530226
539 50713 54644 74 118169
540 50729 59472 30 615096
541 50790 51817 56 45854
542 51098 52891 42 30681
543 51143 51435 126 50252
544 51187 52611 4 2358
545 51332 53761 90 39019
546 51390 57710 16 57557
547 51504 61636 27 69656
548 51583 63380 13 111242
549 51619 56169 10 34242
550 51627 63549 38 78400
551 51687 62226 83 231341
552 51692 54373 41 74107
553 51737 79025 107 2251001
554 51912 59846 67 164202
555 51984 57973 42 109906
556 52120 56631 88 80333
557 52196 54896 13 15709
558 52408 54124 53 71012
559 52467 52521 18 1352
560 52500 54240 76 83027
561 52536 52771 17 2527
562 52580 71280 16 133575
563 52596 62350 15 60167
564 52684 63682 130 2003368
565 52714 71807 19 126895
566 52762 54051 148 49575
567 52970 53724 51 77483
568 53041 53223 43 3997
569 53115 59719 143 225771
570 53170 56196 8 23441
571 53179 60910 88 312674
572 53180 56022 15 47660
573 53233 53548 24 2903
574 53422 56469 27 86029
575 53494 58202 43 45435
576 53519 55813 110 114362
577 53726 53999 4 151
578 53778 62462 11 34453
579 53922 63531 126 1100312
580 53973 56168 132 88459
581 54150 55077 42 26338
582 54479 61631 35 239103
583 54713 55812 27 24400
584 54802 56799 94 108233
585 54809 63008 63 173583
586 54920 57170 6 7670
587 54956 59153 8 31007
588 54967 56086 143 61737
589 55145 58480 78 59913
590 55212 57276 124 235389
591 55391 59441 119 140455
592 55822 62862 118 260930
593 55926 61824 24 55719
594 55969 59461 71 50349
595 56042 63594 35 214511
596 56151 59906 150 813823
597 56378 62262 8 43633
598 56394 57443 24 10064
599 56505 64393 36 144701
600 56570 70506 6 17674
601 56577 57009 42 8686
602 56619 69135 25 153436
603 56630 67621 19 117278
604 56968 59226 150 232388
605 57065 58597 29 32747
606 57102 61524 29 23077
607 57270 59358 115 98954
608 57424 60265 6 15336
609 57494 58977 26 19134
610 57507 60120 107 473795
611 57518 62015 135 195366
612 57557 61288 65 151625
613 57573 66951 22 58881
614 57693 58696 131 58422
615 57761 69298 112 945494
616 57818 70190 94 276490
617 57887 60708 87 212701
618 57927 84264 9 104218
619 58017 61489 10 11315
620 58018 66445 29 88357
621 58125 59261 80 44797
622 58201 77764 43 223448
623 58233 69468 61 334091
624 58334 60068 5 2949
625 58352 76959 75 416755
626 58523 58902 5 476
627 58560 62900 84 418200
628 58562 60865 4 7301
629 58706 61281 52 44828
630 58774 61970 43 44193
631 58804 60778 94 34954
632 58815 61434 81 59522
633 58874 62715 6 27318
634 58894 59742 7 2399
635 58923 59824 121 95897
636 58949 65744 7 4434
637 59010 59064 8 176
638 59023 75213 34 214830
639 59054 59499 95 22564
640 59065 59098 56 1479
641 59095 61287 147 130783
642 59119 70143 52 134350
643 59214 68151 10 45454
644 59216 62685 23 22884
645 59222 61027 68 24880
646 59294 65945 40 89046
647 59337 60933 28 19945
648 59394 60600 52 58453
649 59435 65295 13 102260
650 59456 65850 87 587176
651 59635 60584 29 12891
652 59644 78020 69 460563
653 59709 64661 48 106469
654 59796 61646 53 51579
655 59957 67761 71 138582
656 59963 60253 55 8467
657 60084 61743 135 61644
658 60280 63255 34 42324
659 60314 62347 18 12075
660 60330 63678 93 144636
661 60404 60974 104 16731
662 60445 62029 12 15753
663 60467 62078 26 19518
664 60504 79866 10 64538
665 60643 60863 123 18654
666 60721 69514 27 74887
667 60956 61032 17 1179
668 61040 66925 16 58642
669 61146 67681 143 385730
670 61147 82838 129 2015441
671 61224 61699 49 38470
672 61244 69321 83 383442
673 61344 71127 39 145300
674 61658 62947 16 9762
675 61809 67141 62 102350
676 62176 74093 90 390493
677 62317 62941 26 12880
678 62321 73024 49 333099
679 62407 66459 87 79436
680 62466 63447 43 19210
681 62568 65797 66 124701
682 62648 66389 128 285990
683 62979 73289 94 338580
684 63029 71254 14 127406
685 63050 68092 53 249201
686 63089 63656 39 8292
687 63100 67580 30 95574
688 63115 65286 16 16019
689 63131 63159 70 791
690 63189 64968 47 34763
691 63571 75199 14 24533
692 63636 68577 120 196525
693 63732 69008 53 113893
694 63775 95649 32 340438
695 63849 66098 29 34624
696 63879 65800 49 34167
697 63950 67097 31 26963
698 63997 65879 9 4218
699 64021 66302 38 34329
700 64075 74605 54 176023
701 64262 65739 42 71508
702 64309 65267 16 8996
703 64348 76785 141 800545
704 64700 66789 87 34348
705 64722 66834 118 36557
706 64833 66210 13 3237
707 64905 68611 124 136271
708 65108 66549 43 20300
709 65191 70407 125 140136
710 65192 79624 37 271532
711 65214 75144 26 80037
712 65247 85383 9 60628
713 65674 66798 56 21246
714 65676 65877 24 3554
715 65821 67775 4 4255
716 65826 68746 5 5790
717 66289 66339 58 1143
718 66726 69152 6 14055
719 66896 76478 55 182619
720 67216 89119 129 1640438
721 67226 75333 90 94955
722 67277 67896 84 50365
723 67352 68812 93 55361
724 67400 74821 51 161803
725 67632 69898 38 41492
726 67813 68937 21 5253
727 67842 72243 42 29070
728 67915 72432 48 52428
729 68139 72364 42 79129
730 68145 70660 18 21350
731 68153 73714 13 38444
732 68183 79163 31 45227
733 68308 77407 47 65848
734 68338 72995 63 218107
735 68364 70736 129 118467
736 68428 71973 55 119973
737 68591 90354 64 650202
738 68904 68923 118 1423
739 68915 71370 125 63555
740 69014 71028 126 50186
741 69106 72074 10 12743
742 69153 70735 63 24070
743 69197 75659 92 269742
744 69308 78768 10 24059
745 69493 73697 5 10725
746 69544 72297 89 62629
747 69593 72857 10 11252
748 69828 70059 64 13896
749 69905 71387 87 43114
750 70077 75801 26 106426
751 70116 73973 148 456471
752 70141 77518 75 109714
753 70476 77209 10 21260
754 70551 71292 4 989
755 70567 74050 44 88007
756 70620 73332 26 23365
757 70688 81212 63 318152
758 71074 89355 105 2088398
759 71098 79315 44 166599
760 71135 72527 11 10106
761 71211 79743 6 31495
762 71241 73810 67 145528
763 71402 71635 96 32362
764 71533 79116 60 595453
765 71545 82237 50 407334
766 71616 80451 18 70861
767 71617 71770 105 13399
768 71625 83032 17 180055
769 71642 86622 114 331678
770 71722 76590 27 54086
771 71738 78024 30 58942
772 71739 75309 10 17021
773 71766 74527 65 56612
774 71838 90333 136 1129992
775 71887 79387 137 383007
776 71915 78469 128 366319
777 71937 75853 143 100654
778 72444 75085 48 79562
779 72484 75606 102 213221
780 72768 75630 113 128244
781 72790 73915 21 10592
782 72866 85425 83 160589
783 73055 73095 64 4664
784 73118 77540 110 286992
785 73183 73531 6 1126
786 73254 77837 37 55219
787 73333 76850 44 201146
788 73384 92763 73 358149
789 73405 87822 81 176538
790 73487 74912 131 238240
791 73916 78175 77 95047
792 73950 75953 8 8910
793 74054 83602 29 67000
794 74236 76285 146 114291
795 74238 77192 9 29153
796 74255 97739 53 298799
797 74289 79515 78 60567
798 74337 89540 70 574436
799 74640 77683 38 90204
800 74646 87622 22 79106
801 74704 81427 106 235813
802 74907 76571 27 42445
803 75245 81065 6 8759
804 75391 82601 4 11637
805 75441 81889 60 212058
806 75629 76831 61 111629
807 75733 76895 35 10084
808 75757 75870 26 862
809 75859 82647 11 23416
810 75962 88194 149 995224
811 76018 80120 85 106912
812 76193 76840 11 3956
813 76212 80773 6 7802
814 76294 80750 103 181142
815 76295 77490 101 18914
816 76372 81768 9 51890
817 76671 79740 97 197773
818 76784 84256 9 41119
819 76815 77340 98 42782
820 76896 79649 104 69731
821 77211 77245 98 2327
822 77432 78605 77 23366
823 77462 82400 75 166810
824 77573 85651 18 43860
825 77596 95110 73 753625
826 77650 83364 41 140146
827 77720 82399 59 155168
828 77740 77979 44 10191
829 78215 87138 13 23875
830 78217 78391 111 12779
831 78440 80430 22 23488
832 78472 97240 110 222493
833 78699 80444 25 24607
834 78798 89240 39 131658
835 78879 84454 123 168895
836 78896 82855 123 478262
837 78974 90999 14 73288
838 79045 82865 65 125469
839 79063 91056 30 95690
840 79103 89521 77 700657
841 79162 80218 34 17281
842 79176 80093 138 41652
843 79284 83715 30 129547
844 79721 82327 18 12923
845 79759 79992 142 24590
846 79864 90766 123 1452051
847 79869 86975 139 254212
848 79931 84124 19 26260
849 79972 81037 148 53355
850 80115 86573 74 358006
851 80213 80815 32 5428
852 80279 80513 95 9532
853 80334 86053 16 54050
854 80519 83342 91 190914
855 80605 83982 25 24016
856 80781 81171 24 12292
857 80834 81117 15 835
858 80921 81078 109 12664
859 80933 83882 28 24685
860 81097 83872 71 95270
861 81099 82037 106 189802
862 81184 83455 66 94178
863 81257 87769 98 495022
864 81325 82245 42 13508
865 81393 83420 24 7467
866 81493 92118 93 628529
867 81495 93140 12 42053
868 81674 82494 145 69962
869 81827 98389 83 444592
870 81843 87021 107 132520
871 81897 85299 147 183834
872 82102 89120 21 77199
873 82199 82642 130 28914
874 82248 97432 38 58742
875 82269 92112 43 77598
876 82270 85647 10 15385
877 82440 93367 14 64579
878 82471 82961 38 25082
879 82535 91351 73 481343
880 82802 84034 40 23381
881 83285 87324 41 52006
882 83291 96463 77 423598
883 83506 89998 78 136648
884 83671 86784 35 82730
885 83764 84036 26 4782
886 84032 90091 123 246880
887 84087 86058 118 201820
888 84088 87443 7 16765
889 84166 92093 89 630681
890 84223 90501 22 21731
891 84344 87487 91 105310
892 84346 89649 92 411428
893 84360 90213 62 216728
894 84458 97454 13 147791
895 84533 87050 71 169081
896 84541 85274 29 11056
897 84702 91790 10 40006
898 84785 85289 39 11532
899 85147 85785 56 11914
900 85196 95336 149 508109
901 85324 85755 144 63935
902 85411 92099 38 151945
903 85428 86115 46 24659
904 85508 89567 21 24900
905 85597 89195 49 59201
906 85772 88855 11 27426
907 85838 94099 98 239339
908 85935 93574 10 32881
909 86324 87164 115 48055
910 86368 93578 51 64994
911 86392 88660 129 233247
912 86484 92101 89 169330
913 86520 89034 69 50771
914 86537 89640 90 213133
915 86610 89341 41 65562
916 86749 92024 74 116558
917 86805 87442 70 12205
918 87004 95991 67 125023
919 87231 92702 76 620679
920 87413 94128 83 271516
921 87468 89883 7 11507
922 87504 89571 55 71383
923 87595 89637 68 35323
924 87635 91133 98 101117
925 87666 90221 142 118548
926 87706 91970 103 231712
927 87808 95221 103 287089
928 87813 90262 19 34597
929 87859 88311 16 5965
930 88003 88616 136 51402
931 88074 93539 52 154511
932 88261 89196 14 4800
933 88395 99939 69 1260577
934 88534 93377 119 113679
935 88670 89532 66 51597
936 88684 93081 12 32773
937 88838 90234 12 4098
938 88931 97930 21 49974
939 89166 92157 20 32523
940 89262 89915 86 15209
941 89582 97214 6 14201
942 89619 91262 30 17928
943 89650 92352 47 49192
944 90118 92433 13 9913
945 90198 92274 56 22876
946 90279 92874 144 207085
947 90329 98189 76 369956
948 90473 92666 8 9792
949 90618 96145 78 229637
950 90647 91238 110 22742
951 90682 91704 88 24814
952 90953 98382 37 162934
953 91077 92845 4 4800
954 91078 92856 141 275313
955 91364 98715 80 163063
956 91871 96118 39 132872
957 91876 94453 14 22922
958 91972 95199 43 46635
959 91991 96112 36 101232
960 92122 92357 16 2912
961 92141 94939 26 37626
962 92424 95737 146 165131
963 92432 93089 36 6559
964 92831 93060 18 1401
965 93022 96722 21 61875
966 93182 95253 98 122494
967 93261 94729 38 37519
968 93757 96370 140 226411
969 93994 98275 6 18723
970 94029 95185 118 56067
971 94299 97003 43 81655
972 94776 98402 93 224362
973 94829 99750 46 142077
974 95002 98287 123 114857
975 95037 99016 94 311834
976 95183 98858 91 353998
977 95329 95378 95 1051
978 95406 97542 18 12662
979 95437 97129 104 37397
980 95447 96617 15 11425
981 95501 95693 27 3880
982 95543 96748 24 18589
983 95622 99934 77 122406
984 95753 98915 18 27749
985 95990 96895 50 18610
986 96001 99314 63 81478
987 96408 98890 80 71175
988 96522 96561 101 2382
989 96541 97247 86 61095
990 96681 97196 30 11406
991 96803 97141 15 1028
992 96861 98470 87 92889
993 97036 98252 78 31487
994 97056 97947 17 7444
995 97233 98755 14 7562
996 97458 98609 21 8073
997 97737 99680 30 28636
998 98104 99740 39 23601
999 98147 98821 35 16366
