50 1000 0.037
......####..................##......###.#####.....
....#####.#......#.....########.......########....
.....##.#####.##.###....#.##...........##.###.....
.....#####....##..#........###.#........######....
.........##..##..##.........####........#####.....
.........#...###.##......................#...##...
............######.......#.........###......#.#...
............##.###......##.........##.##....####..
..............#####......#........######....#.##..
..................##...........##########...#####.
..................##...........##..#........#.#...
................#.#.#...........####..............
...............######...........##................
.....###.......#######......#....##...............
...#..####........#####.....####.##...............
..##.###.........#######...#####.#................
.##..##............#.........#...#................
......###.....................#...................
....######....................#...................
....##.#......................##..................
.......#.......................##.................
.............................####.................
..........#.###..............#..#.................
.#........######...........####...................
###........#.#............####....................
#..........................###..........##..#.....
##........................##.#..........###.#.....
##............###............###.....#.##.###.....
........................#..........#.####..##.....
......................###.........####.###..##....
........................##.........###.#.######...
....................................#...#######...
...................................########.......
............##...........##...#..........#.##.....
.......#..####...........###.###..........#####...
......##..#####.........#######............##..#..
.....###.#####...........#####..........#########.
....#####.##.#..........###.###...........########
.....#########...........##...............########
.......########.........###.................###.#.
.........###.............#........#.........##.###
...#....####............##......####.......#.#.###
...##....#####...........##......##........#####..
.##.#....##.#..........##........##.......#####...
.####......###.....##..####......#........#.##....
####......##......####..###...............#.##....
..#...............####....##..............##.#....
...................#.##...................#..#....
...........###.......##...................#.......
..........###.......###........###................
0 272 1465 73 68305
1 756 3288 6 3403
2 850 1053 32 3593
3 930 11917 50 186334
4 985 2313 8 4777
5 1014 1660 25 8098
6 1054 1902 47 11576
7 1107 1557 127 16819
8 1494 2025 88 62030
9 1554 14737 127 493415
10 1853 2904 53 15526
11 1938 3965 147 188751
12 1974 7102 57 90663
13 1988 3105 117 70559
14 2124 3606 121 55644
15 2163 7027 125 427816
16 2175 2636 12 4092
17 2476 3231 26 5292
18 2621 6625 17 20078
19 2639 2865 117 21259
20 2705 7244 13 32148
21 2726 4459 79 85465
22 2938 10450 59 197373
23 2983 6854 98 156418
24 3277 7500 66 32627
25 3318 7246 37 62058
26 3370 4232 35 25546
27 3428 3726 70 15381
28 3578 4677 71 20299
29 3579 5529 47 20569
30 3594 3930 149 13628
31 3759 5177 44 35295
32 3967 9153 85 399633
33 4043 7571 5 9873
34 4114 7837 70 186530
35 4125 7560 13 25766
36 4291 7157 100 71859
37 4307 5665 63 85169
38 4595 6831 141 232695
39 4636 12911 28 449186
40 4726 7139 42 99997
41 4782 8430 6 6819
42 4874 11097 26 152012
43 5055 6052 75 22218
44 5186 6895 61 60668
45 5325 9649 125 358805
46 5373 12269 113 371303
47 5562 12267 72 104270
48 5649 6184 45 14243
49 5663 9104 20 47166
50 5814 14829 149 502835
51 6051 7087 81 26539
52 6053 7757 24 12458
53 6102 6169 46 1432
54 6197 7264 21 5992
55 6243 6626 29 5062
56 6381 6537 108 37487
57 6686 9634 106 102078
58 6757 12923 69 191786
59 6770 10465 121 259228
60 6796 8764 99 108307
61 6915 8740 13 5268
62 7128 7309 40 3398
63 7265 7652 130 29512
64 7277 12266 117 179774
65 7412 8406 19 6299
66 7590 8152 67 15084
67 7620 7944 17 3939
68 7703 10844 138 150887
69 7747 8323 13 2571
70 7922 10587 4 5991
71 8013 17082 118 352291
72 8055 9532 67 45459
73 8107 10816 121 78083
74 8157 14652 39 78138
75 8286 8529 61 7293
76 8402 14389 57 152275
77 8477 9952 77 69713
78 8858 8897 84 1857
79 8895 9251 94 21482
80 8968 11571 27 52513
81 8983 10277 20 10652
82 9022 9976 20 7198
83 9039 15074 128 346871
84 9125 10196 13 7511
85 9163 9414 109 6112
86 9315 10439 146 95950
87 9371 9638 38 4627
88 9451 14610 8 44213
89 9595 10499 126 66734
90 9731 10203 66 12387
91 9794 10919 115 64458
92 10219 13755 81 34101
93 10331 10879 6 992
94 10541 17325 27 40833
95 10562 13956 39 51049
96 10601 13803 62 58060
97 10720 12803 126 229358
98 10770 14676 55 70379
99 10916 14746 29 22809
100 10992 12863 68 30400
101 11022 12579 22 68684
102 11093 17066 5 2307
103 11124 12769 85 50018
104 11162 14579 105 34443
105 11309 14315 29 61734
106 11311 12968 58 62101
107 11432 13703 99 93246
108 11450 22707 93 378065
109 11479 12811 18 2289
110 11483 17445 6 6628
111 11628 17820 84 256093
112 11665 15676 34 87141
113 11748 11765 12 109
114 11816 14564 136 50059
115 11918 13346 148 207401
116 12344 15476 18 95903
117 12480 14287 53 63176
118 12553 13271 27 11731
119 12588 13126 56 12020
120 12646 23520 115 276755
121 12657 13031 53 22506
122 12893 17121 145 585245
123 12984 13746 34 26473
124 13004 20139 132 277016
125 13055 14013 132 61159
126 13101 18220 89 151458
127 13213 14363 124 140896
128 13268 14183 63 17569
129 13350 17459 115 205091
130 13395 14788 111 34963
131 13469 13922 54 51532
132 13507 14971 140 42696
133 13539 18649 78 394983
134 13801 19897 19 46124
135 14411 19518 5 5812
136 14413 14525 16 2214
137 14545 17062 26 13911
138 14949 15185 33 12201
139 14991 21986 66 243853
140 15045 15320 28 2838
141 15118 20351 73 218484
142 15145 17422 73 67870
143 15250 22108 34 88677
144 15251 19792 27 54775
145 15268 16885 67 63554
146 15303 16526 12 12791
147 15316 16891 57 42906
148 15385 17913 6 12688
149 15479 16608 72 28621
150 15652 19740 99 123373
151 15690 16385 145 14414
152 15704 15754 107 6293
153 15708 16226 149 86852
154 15725 18912 34 85724
155 15731 18727 72 79461
156 15901 20090 110 299151
157 15957 17168 124 67943
158 16089 27564 145 1201008
159 16443 17761 130 112262
160 16469 16530 99 5755
161 16599 17143 139 30556
162 16640 17317 7 2245
163 16659 17840 68 37843
164 16898 18041 49 36252
165 16908 22097 108 170979
166 16911 25334 18 61001
167 17024 17117 61 4993
168 17043 18411 11 11910
169 17185 22335 59 137252
170 17308 23954 28 48486
171 17449 19148 7 5515
172 17631 18456 41 28757
173 17861 18467 115 57082
174 17907 18188 41 8367
175 18083 25764 36 97397
176 18139 18557 19 3357
177 18184 20418 43 80038
178 18190 24408 37 267902
179 18252 19077 4 958
180 18300 23882 64 168240
181 18438 20761 21 24310
182 18463 19225 13 2252
183 18530 19896 104 154018
184 18906 19355 30 4062
185 18946 24920 5 18326
186 18959 20352 39 57777
187 18983 20600 80 66938
188 18999 22997 12 15822
189 19082 19226 43 1546
190 19103 23720 52 65329
191 19104 25931 124 316056
192 19154 32085 5 13164
193 19300 22866 19 26533
194 19467 20324 7 3349
195 19592 23339 94 143501
196 19762 28787 66 139676
197 19873 21838 86 54120
198 19883 21316 7 6482
199 20000 25753 135 498982
200 20225 21069 20 22447
201 20416 22791 86 98275
202 20467 23092 135 397308
203 20572 22283 91 147162
204 20614 31844 66 213303
205 20683 26950 84 150823
206 20817 21071 10 860
207 20879 41194 116 2531900
208 20890 23130 36 61747
209 20950 21585 4 952
210 21023 21541 20 2283
211 21066 24505 25 32843
212 21225 26752 37 76238
213 21283 27901 6 10247
214 21314 21396 34 980
215 21416 23216 127 85383
216 21436 29459 68 223212
217 21515 26281 21 23585
218 21545 27059 91 74211
219 21646 21828 13 650
220 21741 22764 66 50975
221 21861 25693 40 158669
222 21913 27299 50 46757
223 21975 25086 37 29151
224 21983 25804 57 36598
225 22080 22286 124 23698
226 22187 26301 42 148618
227 22222 23741 59 60298
228 22589 23340 49 14018
229 22638 23265 57 17862
230 22760 23832 84 56948
231 23038 23858 93 24429
232 23289 24147 86 36722
233 23319 25452 144 135448
234 23551 32095 96 427849
235 23556 24123 113 58619
236 23561 24392 65 22343
237 23754 25678 37 38016
238 23901 26931 143 78601
239 23994 36343 37 161584
240 24135 34930 21 75730
241 24176 29343 28 69170
242 24195 27692 71 214228
243 24198 27102 100 111870
244 24234 24419 144 13178
245 24275 33193 97 247808
246 24534 26995 93 66594
247 24558 28232 16 13611
248 25085 29854 23 34963
249 25167 25518 14 4827
250 25303 26031 9 696
251 25613 26250 17 2115
252 25637 30093 148 183803
253 25669 26310 6 1971
254 25862 26502 128 19161
255 26204 26986 88 21578
256 26423 27973 6 7508
257 26478 27732 21 9697
258 26512 29712 38 41146
259 26532 32500 23 38220
260 26720 33123 65 91988
261 26743 27435 136 76883
262 26878 27029 47 3075
263 26953 27284 122 26426
264 26970 30655 128 168283
265 27000 29571 93 63171
266 27063 27971 34 12665
267 27074 29048 110 77309
268 27111 29510 59 29979
269 27116 27689 56 12395
270 27306 28854 119 119025
271 27393 27441 26 745
272 27576 27863 5 941
273 27578 28148 55 13569
274 27603 29264 32 14948
275 27632 28044 23 9878
276 27712 28886 47 30808
277 27734 31495 28 27074
278 27788 31043 34 36824
279 27895 28456 16 5074
280 27964 29274 74 25220
281 27980 28681 9 5158
282 28119 31041 69 158603
283 28291 28558 28 7215
284 28337 29167 67 52279
285 28342 32939 150 199535
286 28462 34464 27 97047
287 28497 34938 65 246438
288 28636 29246 11 9088
289 28756 30477 6 2437
290 28904 32733 34 53218
291 28969 29322 95 33962
292 29039 30410 62 123563
293 29093 30851 84 110487
294 29158 31178 45 94078
295 29226 35596 41 130691
296 29243 32121 21 21061
297 29586 29998 80 34814
298 29717 31798 82 51103
299 29797 29960 39 7853
300 29922 33961 28 70554
301 29951 30283 118 11368
302 30147 31482 72 26699
303 30194 33196 95 394198
304 30275 30792 66 14971
305 30566 31415 12 5662
306 30850 37618 47 405480
307 30886 34018 36 36156
308 31019 35258 89 136118
309 31071 36960 104 356585
310 31223 31383 21 3512
311 31274 34928 121 222654
312 31526 33606 36 53800
313 31598 36339 46 34786
314 31775 34002 126 284025
315 31895 34975 12 16612
316 31914 32716 50 15517
317 31927 33535 43 17119
318 31953 37694 43 56855
319 31959 35276 27 37135
320 32088 32778 55 16832
321 32181 36010 18 54686
322 32221 35499 36 45938
323 32249 34264 59 56551
324 32294 33791 126 25572
325 32451 32994 5 1049
326 32478 35735 19 20877
327 32511 37749 87 125597
328 32681 34364 64 76210
329 32685 33438 58 17394
330 32870 34070 64 38089
331 32883 33683 27 12207
332 32934 32945 81 676
333 33009 39181 5 8635
334 33057 33819 113 63400
335 33274 35360 17 6812
336 33288 34982 22 23322
337 33311 42643 28 109020
338 33441 33513 137 8420
339 33445 34475 66 35844
340 33522 35178 141 50677
341 33589 39815 45 74584
342 33735 39413 18 38165
343 34175 40608 17 68107
344 34235 35846 20 13042
345 34260 35163 60 35030
346 34302 34478 35 4288
347 34354 37259 4 5205
348 34409 36311 108 153017
349 34462 35019 9 5201
350 34535 39649 4 10503
351 34750 44665 22 102098
352 34797 40437 11 71568
353 34804 40342 147 639120
354 34850 43329 35 86722
355 34878 35238 76 47005
356 34962 36528 129 46874
357 35197 35377 57 13686
358 35289 36680 86 48257
359 35369 37590 80 54323
360 35415 40558 26 51158
361 35438 40016 146 979023
362 35550 41747 142 930936
363 35829 36366 70 28232
364 35864 38419 127 190379
365 35902 36199 116 10357
366 35977 37624 54 66816
367 36018 37848 40 18665
368 36110 43570 64 103321
369 36253 37964 139 180361
370 36276 40191 23 14934
371 36512 40905 99 301922
372 36516 36932 89 10782
373 36566 46614 9 18634
374 36583 44031 86 162288
375 36693 36833 64 3866
376 36851 49476 34 203537
377 36877 42198 41 88749
378 37012 42117 8 25312
379 37115 38478 11 6944
380 37188 42947 97 271809
381 37218 44814 81 406409
382 37221 37537 146 21948
383 37371 39073 55 38178
384 37523 37759 23 1683
385 37556 38179 76 29092
386 37721 37839 15 690
387 37738 38066 132 28200
388 37990 40296 128 165353
389 38024 40308 91 79127
390 38069 41848 55 75935
391 38156 39536 131 62271
392 38309 39976 16 11297
393 38457 39993 74 44429
394 38476 39714 95 30968
395 38517 38954 28 7967
396 38573 39317 147 19028
397 38626 42087 108 255163
398 38776 49563 71 279284
399 38851 41097 100 280170
400 38898 45090 10 45220
401 38903 40074 9 5390
402 38973 39809 79 56523
403 39169 39526 78 17045
404 39171 41455 22 15728
405 39297 42080 9 14426
406 39577 40548 85 15880
407 39597 41476 121 132131
408 39798 42408 64 47251
409 39987 42790 4 10878
410 40086 40723 37 12492
411 40144 42032 90 82526
412 40206 44737 15 74773
413 40271 42754 95 116123
414 40382 41841 87 75942
415 40396 43043 9 12592
416 40447 44099 37 67443
417 40537 44429 80 197166
418 40601 43951 61 69676
419 40814 46895 64 145476
420 40924 45063 137 65468
421 41254 42237 49 17939
422 41452 42563 21 14105
423 41509 41688 119 8548
424 41524 44849 29 26684
425 41637 42335 132 46696
426 41657 43660 126 124395
427 41783 45472 7 17494
428 41831 51504 110 586927
429 41983 47648 28 191574
430 41986 42806 68 9823
431 41994 42316 9 1283
432 42021 43929 28 32401
433 42380 44117 73 101737
434 42411 48099 41 84077
435 42449 43018 34 6802
436 42502 47218 32 114746
437 42566 48885 71 312668
438 42838 59513 14 150384
439 42865 43662 21 4709
440 42893 44390 106 100728
441 42894 44373 93 114579
442 42937 43634 18 3907
443 42955 55253 60 52131
444 42987 44439 86 58329
445 43173 43980 85 86234
446 43226 46987 95 120628
447 43267 46747 141 212707
448 43354 45945 99 62078
449 43489 43627 13 1187
450 43543 45894 87 99139
451 43827 50000 19 35763
452 43866 43902 11 83
453 43935 48520 12 12602
454 43965 44042 142 6495
455 44015 44658 24 11198
456 44228 44745 55 9515
457 44349 45211 132 44385
458 44405 45980 128 101996
459 44459 47819 131 249801
460 44716 49379 39 87190
461 44783 45064 148 53826
462 44930 46307 129 75711
463 45033 48921 79 173254
464 45353 45917 134 34466
465 45463 47345 47 43175
466 45473 45788 13 1112
467 45553 46083 126 69607
468 45750 48000 61 44308
469 45905 46618 11 3150
470 46013 54368 56 166321
471 46056 47653 71 84229
472 46074 46862 130 33312
473 46245 56119 16 66800
474 46394 51187 20 77491
475 46485 46949 51 12429
476 46553 50777 81 197861
477 46579 61621 11 52945
478 46616 50642 29 59268
479 46903 47740 98 137081
480 46982 50703 133 220271
481 47008 48688 102 69861
482 47053 53795 64 220725
483 47056 50990 32 40377
484 47233 52395 42 109068
485 47264 48306 40 27678
486 47430 48077 34 11427
487 47453 48368 13 12474
488 47672 48963 89 135137
489 47758 48948 123 88663
490 47889 50715 139 234289
491 47892 57715 11 44353
492 47931 50391 136 220979
493 47947 50025 9 4067
494 48049 48266 30 5091
495 48055 49500 13 1987
496 48072 49908 136 140367
497 48187 49382 34 14463
498 48327 49798 33 19363
499 48404 54699 18 32065
500 48455 49932 95 96149
501 48557 48662 87 7151
502 48586 49283 11 1427
503 48744 55419 58 102060
504 48818 57499 53 188599
505 49194 52802 110 256549
506 49224 52426 70 165360
507 49236 54191 74 481632
508 49330 64535 53 230842
509 49390 52064 73 210479
510 49450 52124 5 4077
511 49631 61049 89 326861
512 49695 51096 18 7256
513 49822 50178 118 29496
514 49937 51010 137 52701
515 49955 51932 60 25471
516 50103 56916 54 90818
517 50115 50543 144 57753
518 50541 52819 88 234413
519 50679 51459 146 49260
520 50814 52339 74 78575
521 50982 54058 51 70856
522 51029 51833 56 28831
523 51039 51946 80 97018
524 51139 62942 59 215522
525 51266 55187 25 26114
526 51313 52675 117 205977
527 51557 51973 5 400
528 51610 59611 9 26194
529 51806 53783 11 22711
530 51857 53336 96 91865
531 51971 53576 7 5425
532 51994 60546 6 9580
533 52137 52904 116 23748
534 52147 59031 87 466749
535 52177 55314 31 29418
536 52358 54358 13 18079
537 52419 53517 42 10640
538 52571 57090 21 46075
539 52642 58780 145 383745
540 52670 53313 72 15672
541 52748 55262 109 126065
542 52878 54223 53 23371
543 53494 53665 90 14066
544 53905 63015 123 211106
545 53922 54597 72 30758
546 53977 57489 120 271811
547 54031 56226 116 298340
548 54092 55767 38 37424
549 54132 57739 18 36920
550 54314 56743 21 7039
551 54487 54746 66 3582
552 54507 56337 115 131847
553 54508 54531 13 144
554 54575 56137 64 137332
555 54626 54773 103 14279
556 54667 56876 111 148604
557 54761 55919 68 78067
558 54780 55887 41 64635
559 54893 58881 6 21126
560 54947 56981 21 33730
561 55140 60283 108 197048
562 55385 58629 26 66081
563 55540 57303 60 37066
564 55703 56358 14 854
565 55776 56205 93 24155
566 55992 58453 16 12623
567 56103 57114 115 70966
568 56365 58363 100 209308
569 56452 60091 11 10775
570 56713 59475 6 2000
571 56884 62622 65 96922
572 56899 57723 80 66351
573 57024 57054 78 2058
574 57075 60244 60 191276
575 57150 57210 120 2362
576 57168 57879 97 16479
577 57223 60025 4 3133
578 57287 65740 141 274444
579 57560 65572 108 267959
580 57594 62326 86 193843
581 57608 59530 66 30236
582 57631 58025 25 4659
583 57641 60972 19 26181
584 57744 58167 129 66388
585 57751 58289 117 28815
586 57789 58220 16 12922
587 57912 58005 147 7015
588 57945 59522 5 4573
589 57990 62575 128 171549
590 58106 59861 10 8798
591 58138 58205 142 6279
592 58151 72695 98 784278
593 58243 59840 75 79087
594 58585 59084 102 15438
595 58690 65888 28 118479
596 58794 62342 147 330094
597 58852 66742 47 446833
598 59074 65281 60 146773
599 59104 61753 13 35380
600 59105 61124 9 15126
601 59242 59404 68 4862
602 59316 59920 87 34540
603 59642 61669 91 60036
604 59690 59884 4 495
605 59734 61114 57 61542
606 59836 69061 29 133915
607 59846 64511 98 277403
608 59972 60356 105 8920
609 59973 59981 5 32
610 60400 61730 13 5614
611 60490 61498 59 29883
612 60570 61756 7 6439
613 60729 63298 4 7812
614 60755 61162 82 17734
615 60758 63686 49 22112
616 60891 61267 20 13298
617 60988 61280 59 16588
618 61183 64163 104 171525
619 61196 67187 16 28729
620 61318 65061 43 104035
621 61362 68171 53 155701
622 61404 65633 6 10291
623 61668 66191 30 119264
624 61773 62797 13 2410
625 61788 65661 77 148615
626 61923 67390 13 44067
627 61956 64883 9 8710
628 61980 62886 108 11934
629 61988 65284 117 79826
630 62101 65035 30 52059
631 62141 62172 44 1031
632 62180 67404 9 19454
633 62362 63208 25 12434
634 62390 65471 34 43458
635 62578 64268 29 14521
636 62604 62703 33 2611
637 62626 74254 113 455794
638 62809 67170 21 51729
639 62876 74657 59 203277
640 62899 63338 37 14093
641 63086 67864 16 26059
642 63185 68260 75 168570
643 63307 63399 17 1224
644 63343 63498 20 6033
645 63437 68288 21 80386
646 63448 72899 37 62413
647 63463 63746 122 23681
648 63533 69333 125 451544
649 63575 63631 138 4063
650 63589 63806 71 4030
651 63656 68382 45 68288
652 63673 65480 10 11957
653 63715 69964 56 233648
654 63796 68904 83 121121
655 64160 64521 13 2548
656 64288 65065 27 5405
657 64579 65581 21 46428
658 64724 67837 109 132458
659 64725 66809 29 14076
660 64789 68041 99 184762
661 64882 65609 82 63102
662 65000 65238 39 4690
663 65044 73385 106 243520
664 65071 67211 63 65828
665 65098 65952 49 16568
666 65237 65414 94 8793
667 65345 69736 114 175571
668 65452 65688 86 12148
669 65799 67761 60 85840
670 65893 65995 39 2029
671 66213 72491 16 140877
672 66253 66636 105 43444
673 66280 73024 31 160846
674 66298 74960 76 571008
675 66337 69256 56 42335
676 66343 67950 66 131438
677 66466 67258 111 20807
678 66578 71178 25 98470
679 66632 66992 38 3182
680 66670 69502 67 184509
681 66688 71476 78 287796
682 66696 68282 52 115312
683 66793 67817 20 9945
684 66802 67953 27 16685
685 66840 68409 133 256642
686 67115 68231 45 20050
687 67164 69023 139 139361
688 67219 69317 69 53502
689 67249 69131 19 15372
690 67328 70616 11 11946
691 67380 69837 136 142796
692 67446 70838 52 134051
693 67570 69211 5 3019
694 67606 67624 130 3064
695 67707 68453 29 6597
696 67750 69862 11 17534
697 67780 76575 47 51049
698 67932 72981 13 18355
699 68066 71027 11 25031
700 68093 68860 9 4723
701 68121 68680 133 53155
702 68438 73133 141 248057
703 68495 69762 35 17977
704 68518 70309 9 6151
705 68556 76146 29 148239
706 68611 69049 8 1240
707 68662 69036 28 1569
708 68663 72599 110 198410
709 68790 70620 40 16827
710 68800 81814 50 278802
711 68844 71379 104 34419
712 69088 70996 7 3564
713 69156 74013 40 99152
714 69305 75527 86 449373
715 69510 71220 26 25177
716 69516 76377 145 758779
717 69521 69585 32 4020
718 69606 69753 65 8621
719 69684 70454 15 2574
720 69731 69750 134 743
721 69777 74337 49 74116
722 69779 72157 149 78596
723 69892 74568 42 44840
724 69943 80853 79 109319
725 70055 74718 75 206002
726 70057 71936 43 54514
727 70279 72766 38 22493
728 70333 73202 72 150732
729 70334 72055 111 122699
730 70396 71956 134 100443
731 70622 73075 56 76853
732 70625 71695 72 45447
733 70801 73827 43 82281
734 70890 71249 141 40169
735 70955 74441 29 46762
736 71166 74420 144 198098
737 71186 71689 124 42161
738 71198 75781 37 69161
739 71359 72955 40 52892
740 71666 72374 21 3875
741 71841 78895 10 24462
742 71945 77556 62 314159
743 72141 75415 111 163520
744 72171 73806 61 13002
745 72180 73449 58 34416
746 72210 72394 131 9383
747 72212 73923 29 17480
748 72407 75600 16 17522
749 72472 77033 23 37263
750 72483 79035 135 1150186
751 72527 75034 20 56988
752 72590 74128 23 27790
753 72742 74868 140 146197
754 72891 75002 15 17671
755 73183 74652 118 85645
756 73354 73517 41 4028
757 73745 73871 115 7608
758 73771 76195 76 37734
759 73773 76234 5 7050
760 73912 79270 24 25403
761 74136 77491 84 164132
762 74161 76860 7 5056
763 74277 74570 38 7574
764 74516 77060 24 15763
765 74593 75782 5 2452
766 74794 74988 19 3870
767 75123 77903 36 80484
768 75193 80762 15 24084
769 75330 77100 24 32880
770 75363 79869 138 80491
771 75441 76119 108 22711
772 75568 76494 52 12909
773 75632 76087 6 1427
774 75635 76438 86 43356
775 75653 81532 33 88306
776 75666 76464 36 19067
777 75671 76587 10 6341
778 75702 76223 117 69177
779 75706 84892 80 383502
780 75775 80985 148 479787
781 75790 77289 77 81717
782 75866 79893 30 129586
783 75903 77806 5 6500
784 75939 76332 34 11648
785 75977 78098 100 31939
786 76045 79153 107 50169
787 76080 76654 119 30099
788 76106 76204 19 1369
789 76252 80837 23 19521
790 76397 76819 106 31299
791 76647 79482 9 28476
792 76651 82000 114 185191
793 76699 76914 94 27979
794 76746 82614 8 27493
795 77109 80989 119 266053
796 77138 78232 42 14329
797 77285 77339 87 2669
798 77415 80276 27 43582
799 77493 77789 22 4126
800 77536 80710 24 16065
801 77561 77942 73 15280
802 77567 78017 5 1030
803 77575 79470 49 74683
804 77771 78555 34 31518
805 77798 77859 32 754
806 77821 77922 148 10404
807 77861 77887 43 537
808 77893 77948 133 2700
809 77969 79784 20 23808
810 78065 86227 12 68889
811 78122 82986 28 66351
812 78276 78934 9 3984
813 78309 80433 106 136440
814 78372 79823 131 88391
815 78460 78989 24 8727
816 78614 79057 59 13301
817 78654 81635 11 10586
818 78817 79150 43 19763
819 78874 83251 46 245290
820 78927 79832 40 9175
821 79259 79581 43 2077
822 79282 83102 7 5455
823 79415 79421 29 125
824 79662 86346 143 301866
825 79682 83129 108 159745
826 79708 80503 22 10701
827 80036 84788 33 54097
828 80078 82879 100 111045
829 80204 81713 59 47646
830 80267 85091 12 27713
831 80275 80374 92 8845
832 80351 82259 5 3620
833 80375 87978 121 474845
834 80475 80598 123 17556
835 80605 85948 42 114563
836 80626 87933 111 218179
837 80713 83646 90 82323
838 81182 86433 38 47140
839 81277 82838 22 9363
840 81408 91579 8 27531
841 81451 82772 61 40437
842 81584 88034 17 60699
843 81593 85177 17 21911
844 81727 84661 24 26787
845 81762 85857 68 143901
846 81843 85829 83 50808
847 81944 85501 6 11359
848 81971 88607 133 237979
849 82051 94880 12 48386
850 82207 83637 15 6245
851 82386 82788 7 2071
852 82496 87746 10 11249
853 82633 86089 94 209306
854 82702 84043 34 43523
855 82709 83028 36 11566
856 82854 83512 42 6930
857 83096 83302 19 4549
858 83295 83347 120 4400
859 83307 90029 8 21894
860 83428 87604 21 54045
861 83800 90638 117 387923
862 83964 86712 39 31480
863 84237 88610 62 122032
864 84379 86073 69 134640
865 84391 91807 48 363646
866 84414 86000 108 52443
867 84475 86503 12 15061
868 84543 84890 49 13427
869 84791 87689 11 3881
870 84888 86077 43 19429
871 85023 88590 133 148845
872 85056 85281 50 5803
873 85081 86631 66 82762
874 85224 88788 47 81144
875 85499 87868 71 45803
876 85578 91621 36 74286
877 85631 87212 79 69811
878 85698 87046 66 69500
879 85787 85968 11 1241
880 85805 85999 117 18476
881 85927 86799 99 19620
882 86009 89058 43 21974
883 86050 87307 43 16631
884 86084 90515 126 93945
885 86259 90224 55 160802
886 86360 91073 43 58917
887 86364 87547 32 14452
888 86369 87569 84 46909
889 86572 88249 58 55425
890 86940 88263 8 5637
891 87018 88543 7 8431
892 87041 88877 12 21067
893 87144 90544 140 260842
894 87183 88130 38 6276
895 87229 91137 11 15522
896 87337 87410 43 2126
897 87356 93703 102 576336
898 87365 88210 36 24316
899 87497 88396 15 4099
900 87500 90408 144 331024
901 87557 87695 117 19320
902 87619 90156 101 168622
903 87908 91923 11 10584
904 87918 89426 66 60642
905 87969 91669 97 78582
906 88104 88897 77 25530
907 88108 92933 39 75811
908 88259 88334 132 9297
909 88280 89895 72 59436
910 88530 90028 23 9796
911 88603 90457 19 8367
912 88706 97359 99 210723
913 88898 91090 12 5995
914 89034 89210 5 575
915 89072 89930 22 24461
916 89196 91323 49 26565
917 89198 91724 4 2451
918 89247 95324 125 578341
919 89274 95163 40 95130
920 89360 89721 21 9610
921 89365 93259 64 161031
922 89517 93118 8 19982
923 89532 91568 10 6645
924 89660 92792 34 17622
925 89811 93267 4 9230
926 89860 93588 40 37970
927 89916 90229 141 9038
928 90266 98034 34 76869
929 90294 91160 59 14294
930 90448 92731 143 95010
931 90480 92661 25 22980
932 90602 93000 91 73268
933 90623 92414 50 22080
934 90659 91314 18 11945
935 90775 96906 110 696371
936 90866 92302 23 7082
937 91065 92638 92 279548
938 91135 92173 9 1481
939 91148 96364 22 18156
940 91217 91426 28 2358
941 91253 94137 25 33479
942 91256 91344 10 465
943 91341 95862 99 268493
944 91524 92178 104 68551
945 91590 94369 5 3920
946 92019 96113 87 303749
947 92131 98530 5 11033
948 92162 92954 5 2433
949 92199 92989 39 14189
950 92232 93676 94 82717
951 92980 95264 11 21316
952 93029 95780 142 102503
953 93166 96436 38 59859
954 93299 98913 18 71244
955 93357 95437 90 158229
956 93509 99502 147 462593
957 93560 95120 75 67212
958 93710 97792 133 227725
959 93811 97201 13 5825
960 93877 94304 16 2564
961 94057 95113 68 11943
962 94098 99190 86 290914
963 94158 94949 29 11829
964 94179 94467 60 9929
965 94373 97275 97 60070
966 94436 95784 23 9593
967 94652 98893 51 139743
968 94739 98610 8 9113
969 94771 97763 126 140270
970 94774 96395 12 6956
971 94796 96067 114 300688
972 94814 94834 93 678
973 94827 95891 84 38092
974 94999 98667 150 183927
975 95302 95818 81 14380
976 95356 97756 101 95480
977 95436 95837 85 55859
978 95469 96017 74 26866
979 95998 97554 23 17093
980 96033 96849 124 30867
981 96051 97596 22 11351
982 96053 96798 110 105176
983 96136 96688 40 19657
984 96652 96914 45 19717
985 96668 97818 26 8770
986 96751 97004 39 2219
987 96818 99495 33 31080
988 96994 97340 35 13190
989 97098 97865 25 24979
990 97132 98251 20 12283
991 97141 98559 92 44213
992 97169 97859 22 5538
993 97297 99734 50 201141
994 97943 98600 121 121237
995 97944 98489 141 99754
996 98053 98427 35 4510
997 98348 99228 8 2757
998 98350 99021 96 18618
999 98615 98728 118 16747
