50 1000 0.043
...............###.............#####.#...##.....#.
................##.............###...#...##....###
...............###.....####..####...#....#.....###
..#.............##.##..###....####.###........####
####..##.........#.##..####..#####.##........#####
####...###...####.#.##.#.##....#.#.............###
.###..#.###...###.###..#..###.##.#..............##
..#####.##.........##.#.......###...............##
....########....###...###.......#..............###
...##...#.#....##.##..#.#............###..........
....###............####............#...###........
.#..###.....#..#...###.............#####..........
####..##...##########.....####....#####...........
###..####.##.##...####....###......######.........
......##.....####..##....#####.....##.........#..#
.......#....###........#...###......##############
###....#.....#.........#.#####.......####....#.###
.......................####........#.#####......#.
......................####.........#.####.........
........................##.#......##.#.##.........
.....................#....##....#####.............
.....................#.######......#######........
....................###.#.###.....##.#####........
........#..###......##............####.##.........
##.....##..#####....#..#...##.###..##..#..........
#.....#.####.#.#.......#..##..###..#..............
###...#####..#####....######..##..................
##....####.##.#.#......#.####..##.........#.......
#......##.####.........######..........##.##......
..........####.........#..####.........##..#####..
.......#.####..............##...........#.######..
......########..........#####...........####..###.
......#######.........####..#............##...##..
.......#..####........###.###......#....####..##..
........###.###......##...##.....####....##...#...
........#....####.....#..........###.....#........
...........##.###................####...........##
..........#######...............##.............###
.......#..###...#...............##.#............##
.......###......................#.###..........#..
......#########....................###.........##.
....######.##...................#####....##..#####
.....###.....#......###............##...####..#.##
....###......#.......##......#.....##...####.##.##
......#.....##....#####......#.....##...##########
...............##..#.##.....###....#...##.#.##.###
..........#.....#..#..........#....#...##.###...#.
.........##.....##.......###...........##...#.....
........#####...##.......###.........####.........
.........#.##.###........###.........#.###........
0 102 14778 69 415857
1 212 2810 39 33340
2 310 3675 62 198864
3 338 3244 107 148719
4 342 2777 43 30104
5 620 7239 10 57216
6 679 12806 7 59202
7 683 14094 38 245544
8 786 5526 90 332766
9 812 1975 45 32974
10 960 7964 62 292500
11 1023 2634 68 23186
12 1041 2892 30 10810
13 1076 7816 47 67743
14 1118 14552 17 57522
15 1234 1527 50 13552
16 1251 7958 23 35458
17 1279 6196 27 34902
18 1416 3593 117 292402
19 1689 14192 56 244692
20 1698 8744 123 973411
21 1719 20007 12 50557
22 1772 14599 35 236532
23 2110 10652 91 141376
24 2178 3138 44 24041
25 2190 9720 103 388265
26 2285 4009 27 43018
27 2364 10777 34 183364
28 2401 3262 116 66521
29 2775 3229 80 29702
30 2862 11904 10 11442
31 3268 6746 106 151772
32 3278 6376 16 14352
33 3370 9237 132 248625
34 3461 7579 117 508646
35 3595 10150 5 18505
36 3677 7091 5 4707
37 3817 6116 49 73394
38 3847 4627 68 17753
39 3865 23975 104 716259
40 3872 3938 49 3713
41 3909 5072 19 6441
42 4022 7225 114 101207
43 4103 7047 34 57110
44 4239 5773 85 67017
45 4268 4971 33 10507
46 4484 8317 145 320639
47 4497 5465 142 53334
48 4707 7140 48 91541
49 4733 23507 77 393019
50 4776 15870 133 370550
51 4797 8062 19 15906
52 4817 12477 95 326312
53 5081 12426 55 131465
54 5197 5625 97 8699
55 5766 8417 99 55746
56 5822 9279 45 55587
57 5869 8528 17 10936
58 5887 12864 122 304238
59 6025 11174 30 37215
60 6123 12439 65 328149
61 6171 11972 7 12496
62 6241 9656 24 81720
63 6326 7568 31 10286
64 6381 14106 18 97781
65 6416 15347 23 77925
66 6623 7846 11 4939
67 6628 11091 6 27245
68 6768 9860 137 327409
69 6815 11715 134 377874
70 6989 7389 86 33414
71 7205 26638 48 124942
72 7279 9367 22 14573
73 7451 8572 100 13623
74 7670 11728 116 219278
75 7926 9200 110 97191
76 8150 9598 8 3789
77 8180 10210 105 75185
78 8279 11901 132 142837
79 8337 33197 78 433838
80 8473 10450 8 7940
81 8541 12416 109 113066
82 8584 13858 108 520933
83 8646 11545 146 228082
84 8697 17734 38 79181
85 8712 12349 41 90384
86 8870 9246 39 7373
87 9313 9568 15 1174
88 9358 19670 132 165587
89 9383 11080 74 62065
90 9406 9616 63 15470
91 9458 13420 49 71549
92 9495 12403 128 188811
93 9526 11684 20 17882
94 9556 26930 101 1028405
95 9604 13325 16 23849
96 9712 14570 4 6569
97 9876 18839 98 200742
98 10026 12111 95 67384
99 10129 36283 36 349091
100 10132 23641 90 429335
101 10254 12684 20 10197
102 10267 25742 93 241138
103 10585 12822 47 103606
104 10595 19821 85 168143
105 10832 27510 48 272343
106 10838 15753 24 25808
107 10928 11889 79 70664
108 11006 14634 148 162532
109 11046 11149 37 732
110 11050 17204 19 27733
111 11165 11465 35 6324
112 11267 11685 67 8386
113 11302 12731 31 16513
114 11345 17194 90 149793
115 11482 20618 51 413163
116 11615 18633 41 83921
117 11675 13100 37 14690
118 11884 12631 31 4790
119 12060 15212 55 67695
120 12142 15552 109 94464
121 12169 16056 38 45735
122 12288 13485 32 10504
123 12370 21542 66 184164
124 12479 14560 127 114684
125 12525 16933 41 85159
126 12563 12924 83 27600
127 12626 18642 59 120065
128 12827 13136 21 7188
129 12910 16087 4 7086
130 12986 13970 40 32409
131 13055 17653 25 171581
132 13083 13825 131 104468
133 13311 23708 92 894564
134 13386 18077 55 493114
135 13404 16713 106 244262
136 13428 18058 100 402990
137 13487 13780 123 28592
138 13509 26016 4 40532
139 13526 17446 11 24202
140 13578 18061 32 91067
141 13601 14971 84 80013
142 13732 14090 24 7232
143 13733 16096 31 48058
144 13793 14325 33 6557
145 13904 19782 75 190817
146 13930 14000 99 4740
147 13999 17049 148 567969
148 14180 15320 53 17268
149 14243 14819 103 46967
150 14251 16649 14 19880
151 14271 25022 5 10230
152 14323 16664 37 47135
153 14390 19217 54 154124
154 14631 21488 9 40822
155 14882 17788 118 113041
156 14955 23852 68 239407
157 14974 16187 55 9286
158 15349 29590 19 72896
159 15597 17466 101 97226
160 15761 18430 51 134331
161 15844 23519 60 311096
162 15903 21041 50 28278
163 15911 20367 109 525551
164 15938 16159 61 6468
165 15968 20769 84 185681
166 16359 17167 15 4041
167 16389 23098 122 245971
168 16413 18552 140 36106
169 16483 17079 73 28492
170 16520 19134 7 6241
171 16667 16897 145 23233
172 16705 23609 34 89180
173 16737 45021 136 1182635
174 17008 23656 109 258721
175 17047 19050 9 8288
176 17057 25678 90 376392
177 17087 20560 128 137735
178 17128 19211 109 93957
179 17253 27612 9 18592
180 17273 21131 57 223017
181 17347 20198 13 12389
182 17470 19614 67 60042
183 17683 27370 131 361163
184 17796 20256 101 65696
185 17889 21874 43 43517
186 17921 23488 80 177017
187 17929 34253 145 2277096
188 17967 30606 124 847796
189 17977 20060 56 66983
190 18009 21588 142 105118
191 18325 18801 30 10999
192 18360 21682 104 178046
193 18468 24443 22 32241
194 18481 20479 6 9028
195 18506 44516 14 61929
196 18518 19059 39 2300
197 18538 20182 4 1280
198 18596 23060 137 117584
199 18645 21841 70 216890
200 18910 27324 31 66881
201 19167 28465 35 104759
202 19528 45164 37 106717
203 19534 28197 10 41669
204 19659 28798 23 41572
205 19789 24550 66 157405
206 19903 20682 21 7803
207 19926 23437 85 208353
208 20319 20658 17 2515
209 20402 24760 32 30413
210 20944 45961 11 65933
211 20949 25952 106 132571
212 21043 21831 27 4722
213 21073 21354 144 36759
214 21221 26588 46 163945
215 21267 21593 13 1608
216 21348 23175 27 12007
217 21352 25339 66 77196
218 21370 24614 12 49568
219 21385 21675 13 679
220 21456 22633 10 3028
221 21522 21654 15 713
222 21623 22228 82 37453
223 21631 27442 144 225071
224 21634 27743 5 11834
225 21661 25360 60 128550
226 21742 32413 64 345375
227 21800 22637 9 4357
228 22010 26472 129 281036
229 22011 23479 8 13774
230 22040 33289 98 276985
231 22378 24342 26 22261
232 22380 26926 43 529893
233 22424 26737 113 257715
234 22518 35895 87 892772
235 22557 23097 50 33572
236 22583 29038 93 308932
237 22892 23011 43 5515
238 22960 25990 117 65471
239 23074 41963 39 656268
240 23119 26576 70 102232
241 23181 24842 48 110297
242 23354 24880 14 1893
243 23438 38125 145 649856
244 23440 24295 84 85517
245 23474 32522 27 90669
246 23566 38461 25 118559
247 23644 23690 133 3442
248 23915 31591 97 415167
249 24052 26274 69 65997
250 24104 27504 33 67951
251 24145 24958 27 8743
252 24149 30079 34 35722
253 24153 27868 6 7273
254 24359 36145 51 258179
255 24424 30521 105 226248
256 24551 25151 54 13361
257 24653 25424 119 47508
258 24656 34194 8 9807
259 24793 32047 52 152960
260 24984 26479 41 27380
261 25033 25089 73 3107
262 25143 28498 73 125503
263 25305 28196 49 69401
264 25435 31765 99 317934
265 25481 29472 74 158766
266 25617 27587 65 33648
267 25922 29485 149 235114
268 25926 26337 98 24745
269 25950 26414 79 17291
270 26321 27910 31 32345
271 26422 29020 136 92240
272 26458 29366 85 38095
273 26468 32463 42 35747
274 26693 27818 80 13468
275 26703 28762 120 105023
276 27109 30765 141 309360
277 27199 27686 141 29955
278 27201 31321 4 21277
279 27302 27486 39 5340
280 27393 34104 5 13719
281 27401 27937 37 6170
282 27452 32934 10 35486
283 27484 32336 122 457780
284 27757 29143 15 14420
285 27773 31749 65 88520
286 27942 29496 53 46187
287 28148 28641 21 8337
288 28625 34449 75 271927
289 28758 35269 6 56319
290 28866 29794 11 9520
291 28922 33524 66 61490
292 29080 33820 78 293882
293 29102 31739 81 218301
294 29112 33843 20 48558
295 29158 32656 120 179102
296 29255 35492 17 82007
297 29322 39519 5 26303
298 29555 37873 74 298755
299 29576 31301 80 276990
300 29642 45037 63 345215
301 29774 30472 10 7264
302 29868 31376 30 9998
303 29930 36112 18 26582
304 30065 32450 68 179634
305 30071 31410 47 21101
306 30076 31672 111 63558
307 30097 30491 70 16682
308 30101 30771 5 2232
309 30141 30896 10 7023
310 30150 30520 19 6231
311 30256 45208 94 456196
312 30412 33424 9 15419
313 30416 31563 27 23542
314 30503 30964 23 9149
315 30534 44478 40 454443
316 30580 31100 73 16562
317 30792 31213 87 7512
318 30899 41627 38 180326
319 30979 35712 44 95790
320 31134 32595 73 67031
321 31160 40339 115 377025
322 31177 33290 39 24504
323 31273 33596 39 38128
324 31291 39278 68 80345
325 31300 31309 50 207
326 31315 31432 107 14658
327 31419 35613 73 158666
328 31500 35623 108 295533
329 31546 34982 95 105688
330 31684 38254 95 118577
331 31775 31890 23 1968
332 31789 32118 62 8413
333 31801 32020 77 14220
334 31922 32817 145 42479
335 31994 34775 121 67084
336 32153 37130 142 168699
337 32155 40335 145 594276
338 32247 37916 60 157264
339 32368 33040 34 6969
340 32414 35718 72 62457
341 32611 33198 25 10963
342 32927 36482 126 68291
343 32993 48957 39 233979
344 33020 33569 10 6332
345 33144 38885 7 16487
346 33304 49371 48 345629
347 33377 39455 51 152838
348 33478 64252 49 961965
349 33555 34559 85 68904
350 33577 35356 4 4377
351 33690 36233 14 12413
352 33911 39030 21 78340
353 34148 44322 50 107821
354 34431 35457 15 5152
355 34465 34825 130 12465
356 34484 37118 27 35959
357 34537 37234 35 25801
358 34697 39431 117 209003
359 34724 40585 46 147047
360 34904 37104 48 29506
361 35078 38351 145 278837
362 35119 36790 78 76814
363 35126 36763 21 9182
364 35258 36735 91 90717
365 35280 41922 28 90652
366 35428 35552 14 995
367 35557 40795 6 5858
368 35727 38714 116 68277
369 35830 35856 146 5118
370 35850 41086 5 16533
371 36293 38626 52 67515
372 36382 40665 14 26576
373 36439 40949 74 49284
374 36709 39141 55 60813
375 36727 38922 62 21412
376 36755 41856 66 87110
377 36807 41691 10 13853
378 36984 39854 103 298662
379 37146 42536 8 17615
380 37173 38226 78 34632
381 37459 43330 82 428347
382 37496 37982 83 16990
383 37652 43988 25 100581
384 37672 40326 62 47928
385 37936 38743 15 13826
386 37940 41123 126 144133
387 37967 40732 89 86658
388 37972 43120 68 140331
389 38025 40498 105 202031
390 38305 42665 104 214467
391 38332 42193 7 28720
392 38362 40198 86 199075
393 38415 38786 19 2418
394 38477 41110 119 155517
395 38533 42356 21 39112
396 38820 43711 137 114912
397 38838 41075 18 17670
398 39075 39734 18 2228
399 39110 48658 85 108567
400 39193 41635 25 23773
401 39291 43211 38 98940
402 39526 44082 8 8942
403 39558 41989 138 144982
404 39570 42834 44 61000
405 39679 49058 115 572620
406 39782 45945 35 38422
407 39855 40734 106 35444
408 39896 43082 44 86227
409 39938 42564 150 100217
410 40046 43137 129 76643
411 40132 68722 36 200966
412 40138 40866 142 24098
413 40180 45312 38 42754
414 40186 47249 14 72057
415 40213 43598 99 237124
416 40256 47299 71 148247
417 40345 42263 102 399671
418 40383 40959 98 41529
419 40599 46181 82 102949
420 40659 42551 33 23051
421 40867 41181 29 3685
422 41028 50053 47 71382
423 41029 44231 48 76145
424 41220 41495 146 25013
425 41257 42496 8 5558
426 41318 44967 19 20506
427 41397 63110 18 107587
428 41669 51780 111 368121
429 41870 43124 124 56538
430 41969 43602 32 24667
431 42001 45165 13 69736
432 42285 53752 6 13995
433 42471 45355 124 149661
434 42484 46967 74 121992
435 42546 47112 42 67859
436 42586 44513 73 120607
437 42704 43585 96 43288
438 42751 48679 38 184092
439 42771 44910 11 5686
440 42869 44400 129 106207
441 42901 44001 106 60098
442 43047 47444 60 112040
443 43072 49234 100 180149
444 43084 48279 6 9479
445 43142 51146 38 59091
446 43165 44903 99 83984
447 43183 43933 46 10037
448 43227 61304 25 610594
449 43255 44859 63 55359
450 43461 52185 129 443072
451 43499 52305 88 185038
452 43748 43813 35 3935
453 43828 46165 28 59802
454 44049 45049 103 9648
455 44079 57006 120 553874
456 44177 45320 79 56968
457 44221 44630 41 20559
458 44556 63193 14 352091
459 44742 44774 16 235
460 44947 45739 140 114499
461 45043 46234 58 41345
462 45052 51315 78 317901
463 45077 49284 15 17484
464 45118 48340 28 55416
465 45205 51886 120 145231
466 45595 51807 56 85330
467 45685 50885 8 41892
468 45762 51825 17 95341
469 45825 47136 105 73781
470 45954 46122 114 24841
471 46058 46386 16 2753
472 46171 52404 145 172528
473 46205 48123 13 11963
474 46425 46809 44 19742
475 46436 53179 16 42756
476 46649 53751 51 92441
477 46854 48605 75 39590
478 46883 48226 10 1511
479 46885 63739 121 168886
480 46939 60356 38 108028
481 47058 49051 73 62673
482 47076 50457 76 96895
483 47117 56713 127 953109
484 47118 51423 30 45119
485 47199 47415 48 3885
486 47218 76304 22 174059
487 47248 49052 113 93217
488 47326 57678 57 76967
489 47400 51244 20 33909
490 47553 49722 11 21456
491 47937 49185 54 25730
492 47981 49855 78 92830
493 48156 52677 37 108723
494 48182 53639 114 337915
495 48184 48312 55 2459
496 48329 60890 7 65504
497 48337 53145 125 371006
498 48352 51048 66 170924
499 48374 49295 100 59791
500 48609 55285 104 173580
501 48800 52526 11 25776
502 48819 51253 13 12865
503 48850 53109 29 15981
504 48937 53963 61 121035
505 48981 49518 110 19508
506 49162 58721 54 125218
507 49207 53434 13 12875
508 49675 53265 5 3267
509 49752 50046 101 9513
510 49836 64179 8 38918
511 50017 51921 100 149289
512 50063 55290 27 41777
513 50237 51612 30 17812
514 50354 51990 12 8567
515 50402 57862 12 17938
516 50412 50797 59 23996
517 50591 56800 107 222703
518 50693 61390 101 661387
519 50778 54193 135 581440
520 50864 57518 75 204418
521 50869 52186 36 63570
522 51024 51191 146 12472
523 51081 62154 127 747725
524 51107 55485 44 226130
525 51192 51270 25 962
526 51375 71738 59 195991
527 51459 53461 63 45876
528 51813 53529 15 10679
529 51830 53943 15 11676
530 51959 59853 37 218806
531 52009 55386 7 18481
532 52258 56027 50 141142
533 52471 54861 56 85742
534 52622 52986 47 6405
535 52651 55312 87 54303
536 52756 65566 124 274548
537 53021 53158 13 413
538 53037 54501 44 60154
539 53189 59519 28 25911
540 53195 57644 24 61862
541 53362 71984 66 480669
542 53415 54240 7 5837
543 53422 57086 139 312791
544 53507 55596 51 24683
545 53561 64268 11 33615
546 53571 56670 104 143077
547 53843 57283 27 145720
548 53945 56275 15 7295
549 54116 61287 44 117162
550 54399 63117 15 25291
551 54456 56539 22 9683
552 54464 55427 108 58815
553 54584 59017 6 8570
554 54642 57538 113 328648
555 54673 72520 21 320831
556 54688 55716 7 3039
557 54824 55004 133 8410
558 54935 63048 15 52077
559 54955 60130 12 23240
560 55018 57265 61 57365
561 55124 62257 124 172659
562 55181 61946 8 26021
563 55262 55723 46 12000
564 55367 56546 74 37392
565 55487 56422 122 76775
566 55521 57987 24 47788
567 55566 76670 41 597249
568 55605 56279 69 28928
569 55625 58757 138 422530
570 55628 60809 48 150626
571 55672 57733 103 112206
572 55691 68183 16 49642
573 55736 58091 99 52951
574 56199 58267 28 16775
575 56874 56921 6 245
576 57008 80981 10 58006
577 57020 60564 60 69211
578 57042 69627 119 1445638
579 57107 62519 23 28293
580 57164 66483 84 235910
581 57320 60673 92 257687
582 57552 58266 120 24756
583 57560 57584 103 1411
584 57657 63840 86 80551
585 57855 60587 77 57129
586 57950 62985 34 24295
587 57985 60151 7 16464
588 58019 64376 34 214859
589 58353 76697 81 1044386
590 58380 64340 5 35214
591 58390 59340 25 8546
592 58479 60330 100 33855
593 58543 64128 69 60738
594 58782 64003 93 128152
595 58787 63355 119 220927
596 58827 59978 137 79806
597 58915 65782 13 43395
598 59383 67946 19 54052
599 59399 60415 16 13000
600 59502 63878 37 189540
601 59506 59897 21 4083
602 59555 68289 27 74672
603 59610 71733 94 443321
604 59708 60368 142 62045
605 59902 59955 97 2166
606 59916 61474 19 8760
607 60123 62573 119 124566
608 60342 77028 128 1102177
609 60480 64213 16 37556
610 60531 65073 130 390077
611 60544 67916 105 489366
612 60683 64066 130 127518
613 60735 62719 23 27432
614 60784 61562 24 3186
615 60888 62464 32 45437
616 60900 61262 82 15843
617 61115 65010 77 59238
618 61145 64520 6 15246
619 61332 61627 26 5629
620 61489 62500 65 26258
621 61526 63436 55 54605
622 61657 68105 118 584834
623 61684 67738 141 595907
624 61708 65981 62 76307
625 61767 65788 4 8474
626 61817 62402 85 38636
627 61828 62549 108 43119
628 62017 68516 10 48878
629 62042 68786 28 77878
630 62108 62183 28 1790
631 62164 64828 15 44630
632 62182 63138 34 12713
633 62270 65977 70 60200
634 62375 73191 125 386357
635 62603 65307 27 21877
636 62684 68355 37 168031
637 62708 63641 107 75182
638 62811 66212 116 131027
639 62849 65322 84 154631
640 63049 72617 57 268449
641 63344 70365 25 56278
642 63385 65523 82 102823
643 63428 66540 43 93043
644 63468 64765 8 4155
645 63884 66316 89 121764
646 63903 68089 16 63325
647 63907 75779 72 295296
648 63968 67525 49 75962
649 64017 67660 23 19785
650 64249 71883 105 353879
651 64304 78262 32 150781
652 64463 64996 55 6854
653 64537 69576 134 388509
654 64570 72662 141 207848
655 64696 65938 52 17258
656 64850 66358 64 16954
657 65102 73928 15 58232
658 65120 73734 90 248378
659 65125 67162 123 118223
660 65232 69129 76 101120
661 65319 66223 81 107769
662 65385 67109 57 25744
663 65635 69977 10 27028
664 65641 66844 9 1898
665 65729 70317 59 114836
666 65816 70902 126 421699
667 66157 71099 96 856617
668 66201 67594 32 25568
669 66252 72664 49 143785
670 66297 73555 5 24592
671 66309 74443 6 14431
672 66327 67093 69 52346
673 66451 66737 29 14183
674 66582 72163 52 105631
675 66602 70475 58 198853
676 66704 73244 53 586419
677 66780 67127 8 784
678 67014 67647 55 23132
679 67126 71714 147 479249
680 67252 68409 58 32555
681 67286 72659 51 38995
682 67376 69996 8 4078
683 67541 88596 140 579871
684 67690 71580 69 96843
685 67728 73550 60 27409
686 67850 69158 24 15921
687 68004 74819 19 33095
688 68035 70553 91 221431
689 68065 70976 28 49252
690 68168 71545 22 21749
691 68275 72238 45 166144
692 68364 69287 125 129609
693 68476 72152 15 39733
694 68485 70062 139 163904
695 68646 70273 27 38526
696 68800 70634 14 6913
697 68953 75430 139 703776
698 68985 71390 66 110825
699 69018 72228 76 134877
700 69082 72579 67 64959
701 69210 69394 32 15159
702 69229 69321 10 751
703 69384 83971 116 594399
704 69577 70566 132 45043
705 69624 69901 77 20391
706 69633 70707 17 14247
707 69703 69859 97 7853
708 69769 70903 127 82211
709 69902 71399 11 5731
710 70065 72303 135 174764
711 70174 72355 39 31548
712 70182 71267 119 96977
713 70350 72397 52 29931
714 70352 75619 7 16124
715 70389 74254 126 63903
716 70556 73997 65 129656
717 70649 90630 14 142864
718 70713 70949 79 16108
719 70887 73020 7 8609
720 70928 75214 19 28129
721 70966 77401 11 91266
722 71064 75114 21 32529
723 71084 82280 93 554508
724 71117 71497 6 1653
725 71396 75463 77 288630
726 71410 79015 107 281647
727 71491 79337 26 99713
728 71539 76454 55 98240
729 71612 76539 40 87288
730 71648 73152 115 137195
731 71686 71931 145 45390
732 71839 74859 99 75012
733 71997 77397 57 123259
734 72077 74222 66 32453
735 72305 73574 8 10744
736 72378 89993 76 359045
737 72438 83457 7 17090
738 72549 75236 128 187142
739 72607 81520 69 290538
740 72653 76385 40 66576
741 72690 74098 77 46783
742 72794 73229 5 1741
743 73037 79574 18 34057
744 73050 75250 13 36916
745 73348 75334 93 104795
746 73420 73433 135 1347
747 73521 75133 24 30707
748 73625 84792 18 52361
749 73700 79830 20 14289
750 73738 76201 44 64417
751 73788 85246 7 24598
752 73996 77284 122 254233
753 74071 77348 36 51431
754 74398 76449 14 16747
755 74406 77625 143 86073
756 74464 78015 73 102001
757 74514 85536 78 276229
758 74560 79085 48 150108
759 74742 76072 11 4635
760 74849 81107 104 354735
761 74956 82266 108 418396
762 75011 81347 51 115444
763 75103 85253 50 150583
764 75147 76195 98 19501
765 75177 80686 4 7300
766 75271 75840 57 8264
767 75458 86509 12 53650
768 75498 77465 54 25282
769 75574 78094 48 74946
770 75627 82899 96 85195
771 75642 77877 35 30304
772 75681 78611 16 32187
773 75738 78607 13 12387
774 75747 85457 24 181303
775 75884 84777 127 179680
776 75943 87118 9 27615
777 76162 92206 133 859179
778 76216 84472 6 14959
779 76277 78708 81 68648
780 76341 77575 127 70049
781 76460 78640 51 60953
782 76545 78028 49 34171
783 76752 80288 10 15055
784 76985 78820 5 2754
785 77048 77546 116 43964
786 77079 94359 24 197133
787 77087 81806 33 44754
788 77402 78186 72 31865
789 77416 79096 107 67991
790 77467 79472 82 73493
791 77883 81898 120 126086
792 77956 83880 58 521359
793 77961 83936 101 295594
794 78116 78383 15 3381
795 78393 81192 41 74808
796 78489 82841 47 203034
797 78499 78917 137 30800
798 78577 94591 84 436754
799 78600 87915 113 544600
800 78683 89107 83 99422
801 78718 83258 5 9971
802 78803 81986 62 83545
803 78819 82513 45 35023
804 78824 79633 148 49037
805 78895 81194 24 6240
806 78905 79225 53 3302
807 78930 81448 32 34822
808 78939 80847 145 127346
809 78982 79477 5 1030
810 79120 80309 79 39643
811 79165 89401 51 144033
812 79204 79617 107 12855
813 79205 91927 71 2013126
814 79298 91031 39 128041
815 79332 87392 8 32377
816 79357 85846 53 262464
817 79453 88633 11 38307
818 79519 80023 141 80244
819 79624 81351 71 81731
820 79636 81217 17 7395
821 79659 82319 101 79370
822 79680 83534 142 258658
823 79797 81088 82 70046
824 79941 84236 32 119095
825 80097 81677 56 57679
826 80339 89422 127 239643
827 80432 83035 140 158075
828 80473 82977 29 46356
829 80614 99867 121 527928
830 80676 95854 121 571614
831 80886 94386 137 1004348
832 81019 83156 27 22334
833 81042 84420 126 146160
834 81077 83529 8 11364
835 81331 83257 21 36550
836 81415 84797 49 83047
837 81444 83902 23 49635
838 81540 84818 67 68247
839 81575 83924 34 12275
840 81595 86860 37 96713
841 81687 88304 18 46993
842 81727 82751 139 36454
843 81926 86303 42 184528
844 81950 85251 42 45035
845 81969 84160 64 76014
846 82012 85834 123 191675
847 82035 86733 38 47697
848 82069 85808 92 144490
849 82098 87565 66 205676
850 82154 83481 131 73337
851 82452 85737 22 40325
852 82653 84096 124 90628
853 82702 90151 147 235156
854 82726 90249 24 36550
855 82745 84992 56 59069
856 82771 83806 50 26306
857 82790 86364 113 137888
858 82872 86073 96 71611
859 82888 84300 69 67242
860 82948 84497 112 90279
861 82987 99651 67 635180
862 83040 86025 16 24122
863 83101 86639 14 15211
864 83120 85874 130 246197
865 83121 86085 70 129436
866 83265 85673 110 60037
867 83305 84977 39 17532
868 83330 85825 58 145647
869 83338 94585 49 251522
870 83371 85018 17 18874
871 83390 86486 62 134564
872 83568 88876 75 231518
873 83737 94918 42 293563
874 83812 94111 7 30424
875 83876 84517 44 13463
876 83944 87183 20 53713
877 84037 89715 23 47373
878 84130 87656 82 90428
879 84175 84921 19 9779
880 84221 85706 133 77554
881 84315 86241 64 60146
882 84444 89736 8 13306
883 84496 86297 19 10983
884 84524 89751 113 239023
885 84665 93496 29 74754
886 84676 85301 38 15123
887 84734 85432 11 5005
888 84750 86343 85 61527
889 84793 86655 89 102217
890 85020 90095 21 25394
891 85128 92053 113 285326
892 85308 89080 31 45765
893 85319 92712 90 458496
894 85459 90216 63 49531
895 85476 86696 48 15796
896 85562 88046 114 83233
897 85739 87349 14 10400
898 85764 89844 139 480840
899 85865 88684 14 41288
900 85937 89133 94 171262
901 86055 86121 14 660
902 86075 89800 11 23782
903 86135 96032 17 53187
904 86144 89625 6 6333
905 86446 94440 120 1009383
906 86793 91794 5 8350
907 86856 86925 138 3161
908 87048 91755 100 127463
909 87156 89541 87 87205
910 87173 92536 46 63592
911 87236 91723 7 82650
912 87275 94832 37 205674
913 87358 89461 93 34055
914 87413 90006 53 42658
915 87473 94165 62 93719
916 87678 90549 33 18507
917 87968 96087 145 493768
918 88115 88930 42 13346
919 88269 96409 10 14470
920 88391 92257 15 16631
921 88510 90280 79 24328
922 88631 90847 20 56976
923 89038 89295 45 8834
924 89061 90079 12 5801
925 89090 97939 140 633279
926 89115 94950 139 449025
927 89372 91110 32 16697
928 89497 91561 143 175913
929 89692 96412 41 106100
930 89796 93162 50 103853
931 89948 91885 51 51674
932 90024 96196 26 76586
933 90040 92090 132 68171
934 90046 92949 36 140212
935 90084 96924 109 494673
936 90319 91412 85 23210
937 90445 91888 19 8330
938 90494 91398 33 7019
939 90528 95216 19 60212
940 90635 97674 11 103619
941 90859 92002 78 39648
942 90974 94015 125 207528
943 91239 91361 12 1015
944 91407 91540 26 3205
945 91486 96795 72 265597
946 91528 91989 102 40053
947 91688 97415 143 189178
948 91921 96849 21 34964
949 91945 93323 34 39256
950 92016 93563 60 75493
951 92019 93843 48 19320
952 92029 96083 6 6956
953 92036 95575 12 15632
954 92089 93044 35 19906
955 92184 95285 72 79375
956 92318 93708 55 48463
957 92569 94895 86 166103
958 92579 92692 47 2324
959 92915 97306 128 855499
960 92978 95088 36 19065
961 93121 93521 14 8085
962 93167 94486 98 42608
963 93212 95102 71 121768
964 93316 98147 27 99769
965 93333 97656 10 23799
966 93437 98467 49 61948
967 93536 97945 137 618045
968 93579 95582 47 32236
969 93987 95503 20 10423
970 94228 96069 67 126201
971 94253 97087 66 93443
972 94513 99369 28 28535
973 94534 96322 14 5107
974 94638 98383 9 17028
975 94757 94838 123 4989
976 95039 95150 7 1080
977 95373 95821 94 84327
978 95393 97570 24 14599
979 95458 99230 118 100281
980 95532 95891 39 12032
981 95898 97470 16 16282
982 95937 97714 111 87021
983 96011 97583 99 45463
984 96016 99213 126 346864
985 96216 97500 130 79512
986 96329 97767 90 174305
987 96537 96832 95 8640
988 96581 97640 129 73735
989 96882 97650 133 94980
990 97189 98227 113 46694
991 97348 98239 13 8525
992 97400 97660 85 5337
993 97464 97488 36 917
994 97638 98107 77 11367
995 98213 98234 11 148
996 98331 99192 14 5214
997 98810 99664 10 7513
998 99074 99704 16 7837
999 99507 99661 8 2076
