50 1000 0.047
.........##.#.......................#.............
.......#######....................###.............
.......###.###....................###.............
.........######....................####...........
.........#####...........###.#.....######.........
...........##.............#####.....#.##..........
...........##..............##.......#.#...........
........................####.........##...........
........................######.......##...........
.........................####.....................
..........................##.#....................
...................###....####....................
.................####.#..####.....................
..................######..###.....................
................#####.............................
................###.##............................
..............#.######............................
.............######.##............................
..............#.#...#.............................
............####..................................
...........######.................................
.............###..................................
.............##...................................
.............#....................................
............##....................................
..................................................
..................................................
..................................................
.............................................#.##.
............................##...........#.######.
............................###.........#########.
...........................####..........#######..
...........................#######......##.###.#..
...............................##.......###.#.....
.........................................#..#.....
..................................................
..................................................
............................##....................
.............................####.................
.............................######.#.............
............................##########............
..........................#####.#.#...............
...........................###.##.................
...........................###..##................
............................##..#.................
..................................................
..................................................
..................................................
..................................................
..................................................
0 23 64 62 2333
1 48 355 21 4228
2 127 693 10 5179
3 178 1004 13 8831
4 363 740 5 1564
5 439 1566 9 6584
6 1038 12241 79 355905
7 1047 20707 44 260085
8 1065 6655 13 13726
9 1129 9449 45 133655
10 1175 13217 78 808130
11 1391 2078 97 61164
12 1428 4356 114 105647
13 1535 3672 36 30416
14 1630 4796 99 155691
15 1649 6617 92 465220
16 1666 4785 63 73594
17 1813 7510 115 133204
18 1888 3617 131 65108
19 1922 2228 19 4764
20 2010 13860 10 45500
21 2050 12729 6 14164
22 2131 3395 64 43436
23 2307 4519 59 91104
24 2345 6638 129 183710
25 2401 3287 104 32613
26 2423 2434 17 44
27 2433 8212 20 50760
28 2516 15377 66 775120
29 2543 3130 28 11857
30 2903 4171 9 4764
31 2931 4133 45 31505
32 2944 4300 30 14620
33 2950 3255 60 8104
34 3074 7431 9 13011
35 3171 5999 36 48114
36 3195 4780 115 82839
37 3426 4184 11 2083
38 3465 8148 103 395882
39 3527 17634 44 257658
40 3669 16429 33 253237
41 3746 3776 9 51
42 3827 6175 134 133549
43 3872 4024 29 1170
44 3918 8642 54 51413
45 4188 21438 115 327258
46 4299 5180 8 5158
47 4397 5866 17 14822
48 4480 12853 34 148295
49 4497 5053 30 7056
50 4510 32353 8 102854
51 4612 4855 59 10350
52 4818 6116 13 11882
53 4846 6257 34 10748
54 4861 9508 88 145705
55 5026 14007 4 18546
56 5266 7904 59 96601
57 5707 8582 31 132118
58 5826 11145 82 139244
59 5902 6771 111 30034
60 5913 8760 12 15776
61 5974 12653 34 350656
62 6065 18390 22 238623
63 6144 7834 31 30384
64 6250 10864 89 264931
65 6360 7749 13 18023
66 6402 11669 96 391448
67 6413 20575 11 22194
68 6445 11049 102 84976
69 6468 8868 17 14914
70 6546 8609 133 109853
71 6696 11411 65 72017
72 6838 9104 127 339963
73 7088 25515 72 502827
74 7245 8447 20 4609
75 7286 10847 139 198107
76 7489 10310 94 116238
77 7509 17338 68 131964
78 7511 17688 35 270734
79 7565 13551 39 145401
80 7707 8353 29 4711
81 7713 7880 116 8952
82 7802 8826 39 28899
83 7829 18637 88 364819
84 7843 9593 96 64072
85 7940 11481 82 79577
86 7976 12214 14 18643
87 7995 9697 106 45919
88 8026 10094 64 124456
89 8056 19225 12 35027
90 8462 9556 108 71694
91 8506 9049 43 30316
92 8560 10320 132 72868
93 8566 8820 10 1809
94 8571 12204 37 54047
95 8666 10971 72 60708
96 8846 21115 64 242139
97 8858 10654 15 9185
98 8882 16662 34 60131
99 8962 15154 80 321959
100 8964 13753 5 11657
101 9447 12716 133 251418
102 9489 10119 53 19700
103 9530 10946 70 182537
104 9547 12777 16 45962
105 9567 11420 19 24660
106 9610 10422 93 45621
107 9627 11671 110 151674
108 9741 14219 78 242293
109 9862 15865 19 74716
110 9929 13819 93 187160
111 9975 10139 125 11834
112 9996 17874 8 15795
113 10004 14712 30 87220
114 10200 12401 4 5768
115 10218 19987 103 231193
116 10227 19061 17 63592
117 10314 15354 102 643336
118 10356 13401 26 43196
119 10380 13488 124 134764
120 10408 16801 125 272737
121 10608 17721 30 35335
122 10692 10965 118 19150
123 10894 19751 92 727547
124 11003 20505 141 370386
125 11193 15406 43 140304
126 11231 16057 23 61871
127 11435 14953 6 9695
128 11552 15380 16 19173
129 11594 15059 40 67021
130 11673 19643 126 141687
131 11778 11902 136 15882
132 11830 12043 5 327
133 11854 12785 48 53336
134 11899 14811 134 82802
135 11910 13836 16 7586
136 11945 14635 103 43125
137 12122 12700 34 4023
138 12140 29947 124 560096
139 12418 14737 86 52643
140 12446 26587 12 214446
141 12464 13527 55 19207
142 12713 21232 8 21842
143 12991 15201 30 28085
144 13044 14617 135 156936
145 13084 13095 21 82
146 13139 16282 45 78073
147 13199 13822 98 27737
148 13209 16257 82 73089
149 13243 16904 78 134653
150 13246 13602 69 8896
151 13368 23046 26 88133
152 13388 14800 149 60715
153 13443 15403 108 76685
154 13475 21546 132 687357
155 13485 19974 16 35716
156 13550 14613 47 42948
157 13555 14126 42 10303
158 13663 14071 52 17837
159 13826 15286 11 7489
160 13852 32904 90 198327
161 13899 18122 48 160251
162 13995 16696 80 191935
163 14173 22466 115 289526
164 14174 20698 12 33162
165 14182 17100 11 10570
166 14249 40646 59 594582
167 14276 16503 50 36751
168 14322 21194 9 25579
169 14609 20376 11 30850
170 14630 16949 15 15645
171 14705 15425 38 5850
172 14769 20380 122 124630
173 14787 17557 92 168135
174 14835 19955 50 78328
175 14878 21136 76 114718
176 14908 19518 20 26427
177 14986 21854 141 364215
178 15051 16800 40 34732
179 15185 16468 8 4310
180 15321 16382 104 97084
181 15326 19547 143 279284
182 15352 20204 25 47335
183 15416 28999 91 178185
184 15501 17110 54 47233
185 15542 15646 23 1956
186 15563 18686 13 18589
187 15595 20366 77 351251
188 15601 21874 94 369343
189 15696 29171 36 113727
190 16022 17796 135 189271
191 16215 17893 75 28718
192 16314 22708 11 19259
193 16426 24699 125 1545368
194 16508 17169 88 17899
195 16584 19175 84 88172
196 16673 17779 132 55120
197 16728 33446 6 38864
198 16750 17385 43 20229
199 17147 17951 15 3911
200 17250 19095 54 27369
201 17340 22060 48 60235
202 17430 17459 51 537
203 17544 40452 49 477234
204 17650 20578 147 417043
205 17651 17676 71 570
206 17844 18469 7 921
207 18094 21655 94 76584
208 18100 19378 66 41546
209 18278 31025 9 28570
210 18298 18773 23 7524
211 18331 35040 115 821884
212 18599 21430 13 16083
213 18743 19292 100 43184
214 18836 20222 34 34396
215 18963 20864 51 57383
216 18988 19034 91 2114
217 19009 26818 26 42339
218 19207 19305 33 2209
219 19218 21021 62 38117
220 19266 27737 20 72456
221 19563 23347 17 19908
222 19686 19696 109 760
223 19704 23069 26 42319
224 19809 25093 19 68807
225 20025 20134 80 3699
226 20154 25206 100 262137
227 20338 32950 135 743934
228 20706 26898 46 203749
229 20765 21139 43 20281
230 21042 25376 19 35049
231 21213 23640 45 54421
232 21214 24528 10 21338
233 21425 28204 131 406787
234 21604 28969 50 89615
235 21681 21906 117 41835
236 21742 23655 124 40257
237 21849 33592 9 29896
238 21875 31364 39 128492
239 21928 33195 32 72132
240 21934 25024 31 30928
241 22027 33639 41 526278
242 22035 29890 55 114022
243 22086 27739 121 221522
244 22106 22441 33 7908
245 22186 29030 76 1175864
246 22386 28247 47 48969
247 22489 25513 125 190592
248 22803 23637 67 11118
249 22954 22999 17 218
250 22973 28638 5 4263
251 23037 29724 141 324046
252 23147 23996 111 29404
253 23360 24813 34 11980
254 23391 29949 8 45994
255 23506 27489 134 86129
256 23561 29742 9 29146
257 23757 27996 83 125820
258 23828 28343 18 34062
259 23947 24571 92 20758
260 23977 32751 110 385511
261 24085 25119 65 69233
262 24183 27264 9 11952
263 24216 29656 43 408916
264 24228 24564 7 1224
265 24341 27355 30 29444
266 24533 25095 11 2793
267 24650 26181 132 50223
268 24907 32812 89 647379
269 24925 37608 38 110091
270 24931 27199 30 60889
271 24943 25540 10 4593
272 25065 36737 97 891805
273 25267 28785 147 285986
274 25332 27124 82 72810
275 25428 26294 26 24834
276 25455 25915 145 32024
277 25526 28387 35 51821
278 25528 27819 84 36753
279 25533 26010 76 36205
280 25613 27123 15 8596
281 25713 31604 4 12078
282 25769 27227 110 153356
283 25883 27894 31 30287
284 26093 30027 36 42111
285 26191 29248 30 9692
286 26215 26642 139 50185
287 26220 45630 14 66842
288 26638 29269 23 32043
289 26643 49532 31 382640
290 26903 29995 14 42695
291 27095 37598 21 35188
292 27271 34648 132 100793
293 27275 36744 62 159245
294 27443 30895 142 565724
295 27622 32475 6 14556
296 27728 32342 55 31571
297 27777 31019 107 67458
298 27870 30871 56 39736
299 27939 32374 51 116310
300 27951 31132 108 92750
301 28049 32831 24 62939
302 28102 29661 47 144046
303 28617 32326 31 17424
304 28702 41152 37 111321
305 28739 29121 9 2679
306 28761 31376 43 12724
307 28764 29705 101 31962
308 28790 43557 69 487739
309 28942 32142 99 107292
310 28952 36840 74 135790
311 29023 37221 102 482949
312 29024 32115 82 247255
313 29141 38860 40 763458
314 29204 38912 8 17659
315 29254 32556 30 34451
316 29318 34696 42 42504
317 29467 48179 20 38878
318 29696 40121 61 286517
319 29769 36926 56 168056
320 29805 38031 25 40663
321 29862 42061 47 335973
322 29933 36092 98 354730
323 29970 59972 16 167210
324 29981 56161 132 855215
325 29988 35180 79 343870
326 30039 31973 34 48750
327 30150 51453 7 43926
328 30227 36598 10 36299
329 30331 30928 6 327
330 30365 31108 10 8012
331 30398 30562 11 1887
332 30587 43611 9 87763
333 30616 41953 38 81504
334 30999 33037 51 31783
335 31003 36503 39 95699
336 31011 45462 89 710238
337 31049 31526 45 3298
338 31183 31783 77 18499
339 31240 34524 104 57603
340 31355 45077 14 72931
341 31576 32077 53 6313
342 31627 33318 9 5072
343 31714 34182 24 45299
344 31736 31983 49 12828
345 31900 37470 150 294005
346 31955 41495 83 171294
347 32184 33178 30 24991
348 32388 38874 31 58690
349 32430 39895 45 281435
350 32431 38539 142 199313
351 32457 37491 34 139685
352 32575 52605 148 1089140
353 32870 36064 30 53716
354 32899 44619 123 428552
355 33062 34636 66 20893
356 33066 35288 9 14995
357 33110 33289 102 10509
358 33153 33861 51 13873
359 33155 42036 142 588602
360 33188 37120 22 93710
361 33321 33718 54 11310
362 33340 50008 31 163258
363 33355 35454 92 35573
364 33384 34741 95 111498
365 33399 35693 76 129739
366 33424 37932 65 241450
367 33523 35561 72 72769
368 33604 33976 67 9388
369 33737 38184 40 57546
370 34160 34934 33 12489
371 34201 44472 87 431998
372 34251 36260 79 113951
373 34367 39986 142 274032
374 34380 57853 116 852169
375 34403 45645 30 56191
376 34476 36440 14 22197
377 34708 37738 19 25461
378 34716 39659 58 63493
379 34743 39029 120 109195
380 34762 35045 94 17541
381 34793 36167 129 52291
382 34842 36407 83 152264
383 35052 39089 4 13293
384 35265 46671 89 388951
385 35295 39611 98 254698
386 35301 41439 70 206297
387 35385 38171 11 12311
388 35401 55761 90 829532
389 35809 38055 52 39643
390 35836 43052 73 188651
391 35854 36223 6 644
392 35931 45336 109 512635
393 36014 37137 117 103791
394 36078 45580 23 171777
395 36150 38490 16 6109
396 36593 38496 117 88453
397 36823 37837 67 19072
398 36901 44459 31 59064
399 37025 45551 11 29741
400 37156 41835 78 291262
401 37203 49192 23 135430
402 37278 41739 7 12417
403 37300 40880 64 76806
404 37375 38569 106 29393
405 37504 39037 4 6319
406 37576 41963 19 126946
407 37638 57565 14 94497
408 37793 40109 50 131860
409 37895 42481 116 626839
410 37915 39814 137 282298
411 37945 39148 75 87482
412 38333 40378 148 277836
413 38502 38945 82 28831
414 38533 40804 12 20196
415 38611 46122 131 325839
416 38614 39861 11 6050
417 38619 53810 6 66343
418 38715 38752 121 1299
419 38751 43842 68 436365
420 38823 44048 77 168454
421 38840 48366 105 505879
422 38883 39251 89 11355
423 38904 39435 91 47195
424 38906 41756 16 13103
425 38910 51547 128 263050
426 39001 52863 30 238287
427 39150 40942 87 190998
428 39217 53340 16 31643
429 39243 42879 24 74494
430 39402 42242 25 81967
431 39495 45873 37 168680
432 39499 45475 108 48486
433 39522 42732 29 6161
434 39651 42488 18 31260
435 39693 47074 64 89935
436 39714 41079 30 37011
437 39752 40125 6 3254
438 39939 43899 66 166831
439 40015 44086 12 13237
440 40036 41126 17 16756
441 40110 51769 41 124402
442 40153 40324 136 7113
443 40234 59619 69 677428
444 40352 46160 134 355191
445 40406 43933 137 135647
446 40518 41147 50 16019
447 40635 47340 27 95269
448 40750 45358 8 13487
449 40778 45832 7 7499
450 40799 42802 79 51638
451 40800 41787 60 22993
452 40829 42084 10 3621
453 40890 41931 80 25219
454 41037 48971 124 532616
455 41153 45332 14 47036
456 41159 43397 33 32596
457 41254 44351 9 16620
458 41281 47031 90 197998
459 41284 49233 44 134113
460 41423 47054 121 2210899
461 41460 41510 99 7430
462 41472 44883 66 119734
463 41531 43564 120 145553
464 41705 47765 91 141919
465 41907 44478 95 256948
466 41924 45792 50 44174
467 42057 43823 109 105100
468 42083 53452 21 240174
469 42175 43359 8 5378
470 42443 50159 50 268632
471 42520 66567 129 561577
472 42853 45116 111 151125
473 43011 43416 50 9306
474 43014 44770 6 4787
475 43025 46754 17 60474
476 43058 46758 106 68169
477 43118 43658 7 4018
478 43127 43468 113 27483
479 43201 49451 6 7919
480 43269 47844 148 157558
481 43324 50354 43 167077
482 43377 46678 74 322535
483 43426 44023 75 18179
484 43592 60258 6 32796
485 43635 44903 48 21906
486 43733 44729 31 22793
487 44140 46352 19 29125
488 44165 44912 44 17400
489 44265 49774 67 98191
490 44293 44585 8 1692
491 44316 44975 14 9017
492 44322 47854 31 20264
493 44379 47266 15 9957
494 44418 49990 96 214130
495 44430 48969 26 50270
496 44491 46991 121 136032
497 44593 48056 100 202415
498 44617 45359 15 2998
499 44679 46286 53 69917
500 44758 52810 6 49383
501 44777 48871 5 6893
502 44911 55337 32 85098
503 44916 58406 10 102883
504 44945 48460 26 29515
505 44968 47838 33 62974
506 45038 55444 12 49040
507 45103 49082 23 35774
508 45165 59453 132 904787
509 45223 56509 100 362867
510 45432 57907 17 61858
511 45707 45756 97 3260
512 45817 47088 17 19999
513 46013 48807 67 67474
514 46060 51841 8 8052
515 46090 47119 95 9871
516 46212 47609 4 1429
517 46491 47003 34 8491
518 46524 51294 139 754846
519 46613 50416 12 13372
520 46632 86077 105 635382
521 46658 47744 144 158059
522 46793 49648 140 197559
523 46863 47823 30 69985
524 46897 48168 92 123857
525 46943 49424 58 51418
526 46971 50060 95 274222
527 47166 47638 4 880
528 47271 49764 94 113688
529 47613 50401 57 198281
530 47695 81438 16 282158
531 47715 55374 20 48695
532 47954 48729 23 8165
533 48101 50702 74 30436
534 48263 50058 10 14499
535 48267 54226 82 311834
536 48327 49624 103 82842
537 48394 48493 74 3536
538 48528 51304 22 15460
539 48620 50667 144 91465
540 48658 58797 5 14489
541 48816 59188 28 41407
542 48860 63071 91 345788
543 48894 50444 14 6982
544 48962 54513 103 109827
545 48989 63694 20 148960
546 49169 50684 36 9820
547 49191 60082 122 1114699
548 49298 49605 6 752
549 49301 49900 79 32670
550 49447 54451 15 46362
551 49481 51201 6 2878
552 50148 52115 15 20890
553 50181 51617 19 9997
554 50246 51130 16 8203
555 50301 66614 102 721180
556 50487 53423 141 122434
557 50550 50831 61 16292
558 50761 65426 115 595417
559 50863 51952 113 97772
560 51350 58701 15 49807
561 51477 55604 88 165978
562 51497 52710 43 14134
563 51577 52206 47 9926
564 51700 61625 26 197671
565 51708 52834 8 2446
566 52035 64862 4 38746
567 52202 53402 63 96149
568 52214 63749 142 1044104
569 52215 54450 80 34870
570 52218 55520 7 14271
571 52451 58481 13 55644
572 52472 54919 25 45663
573 52504 54554 9 5870
574 52613 63171 8 36158
575 52641 55036 45 54576
576 52665 55208 27 27512
577 52726 70695 7 167940
578 53056 56805 82 129498
579 53067 56092 100 427803
580 53347 54877 31 11499
581 53420 54725 5 2207
582 53454 61594 39 160412
583 53486 62225 10 18392
584 53508 60950 42 210578
585 53543 75928 15 142520
586 53617 57040 37 30826
587 53679 55073 20 20141
588 53720 71361 9 80315
589 53845 56346 29 34564
590 53897 56224 139 133530
591 53932 54417 59 21333
592 54006 58108 114 571666
593 54223 56050 6 3986
594 54339 64100 20 50830
595 54347 55583 12 5337
596 54367 59667 50 99736
597 54615 57659 21 20616
598 54778 55552 9 5713
599 54825 55629 9 4545
600 55109 55965 139 51014
601 55126 58690 47 82584
602 55132 57671 96 44284
603 55133 57068 87 143373
604 55257 56070 146 80378
605 55293 67782 95 708078
606 55415 58239 11 12521
607 55548 56198 77 32660
608 55558 57409 8 2953
609 55659 58686 17 23863
610 55701 59040 139 304468
611 55725 56034 12 5109
612 55733 56744 17 14415
613 55764 55859 39 842
614 55838 56893 84 20713
615 55893 72714 15 174359
616 55957 58310 67 60022
617 56057 63985 73 321371
618 56227 62253 65 260485
619 56316 63328 149 199887
620 56475 58401 26 27828
621 56485 66066 8 37697
622 56515 61555 22 121461
623 56753 60244 56 89935
624 57146 57774 97 27666
625 57341 57725 42 13891
626 57385 65542 97 179277
627 57477 58417 21 5662
628 57513 59067 13 14479
629 57734 76020 14 197397
630 57762 60394 64 149029
631 57831 68847 64 385483
632 57862 63229 16 31959
633 58112 68424 14 77374
634 58302 58951 29 5321
635 58391 62426 123 129465
636 58421 79498 109 1282105
637 58525 58793 44 6055
638 58849 65320 25 61761
639 58943 63778 30 53022
640 59012 60504 101 44693
641 59019 68734 44 108547
642 59028 65363 33 156856
643 59085 62987 17 33693
644 59210 59993 98 10027
645 59478 63615 96 223909
646 59566 64674 139 323775
647 59572 59984 91 20334
648 59616 68600 14 73159
649 59949 60735 111 40580
650 59950 61105 7 1740
651 59970 60298 14 3194
652 60041 60402 95 106600
653 60130 61531 18 14051
654 60183 60608 7 2156
655 60375 63840 25 15961
656 60377 65832 59 151967
657 60388 67610 123 424578
658 60393 65037 37 36899
659 60451 60714 113 6183
660 60556 69090 56 327531
661 60569 75908 42 206372
662 60657 79816 35 289658
663 60701 64998 69 111586
664 60881 62280 5 2131
665 60928 61948 15 7929
666 60998 64091 10 2956
667 61115 61798 62 12953
668 61125 61627 141 41575
669 61130 65111 15 5575
670 61151 78469 134 552562
671 61295 65175 142 1247599
672 61361 63826 120 196728
673 61633 62278 34 12231
674 61882 71535 93 343056
675 61904 67508 19 10867
676 61992 64013 96 71987
677 62064 62115 77 2650
678 62123 65805 117 340662
679 62202 75755 4 25595
680 62251 80077 39 209201
681 62290 65373 107 339025
682 62364 69956 20 47970
683 62371 72455 124 452516
684 62412 63596 12 10076
685 62447 65557 113 293613
686 62558 63097 64 14303
687 62595 67347 76 218976
688 62769 64204 23 16444
689 62790 64111 46 32120
690 62841 67002 31 182922
691 62862 64314 29 55692
692 62890 67315 100 283351
693 62919 66200 129 245368
694 63049 66956 16 16413
695 63449 67772 78 279545
696 63545 63689 30 1789
697 63578 63595 147 4759
698 63642 66035 33 19201
699 63772 66322 7 17608
700 64471 70933 94 351387
701 64563 64773 30 3950
702 64801 78152 110 596922
703 64984 67735 14 19194
704 65184 69145 12 19104
705 65282 71214 88 171495
706 65496 71855 9 98235
707 65565 78265 18 122865
708 65591 76953 58 422835
709 65626 68295 23 17053
710 65703 66933 33 20664
711 65717 66093 11 3203
712 65756 76040 132 446816
713 65963 68711 130 155389
714 66124 67313 28 16610
715 66155 66547 50 12831
716 66216 70212 45 171607
717 66353 69117 145 72957
718 66365 66489 80 3135
719 66423 66973 23 6288
720 66533 68063 54 31803
721 66610 73211 138 779556
722 66621 75891 97 169541
723 66622 72108 77 83620
724 66642 71298 66 46536
725 66666 67738 23 19302
726 66763 69399 20 44091
727 66770 74927 79 215878
728 66902 68923 124 185545
729 66921 68503 97 103830
730 67178 69692 88 219560
731 67203 67941 53 33762
732 67309 70862 122 216067
733 67349 72024 33 78111
734 67370 69187 101 41491
735 67382 72743 20 57218
736 67411 79138 81 481442
737 67627 69041 70 45268
738 68037 70869 102 159084
739 68038 75133 146 341322
740 68122 70014 114 28489
741 68213 69196 7 1870
742 68280 75371 73 132714
743 68289 72494 8 7898
744 68325 70390 100 195368
745 68347 72622 41 124885
746 68594 68821 37 8898
747 68602 72348 83 181984
748 68748 72131 41 34196
749 68777 73033 47 144547
750 68921 72583 94 190212
751 69003 70281 94 34279
752 69139 71087 19 16546
753 69175 71077 7 3879
754 69300 77227 76 194504
755 69351 70066 111 35177
756 69438 70340 24 5093
757 69484 73506 38 56817
758 69494 70319 18 9610
759 69699 79521 132 402259
760 69738 71015 105 36947
761 69754 72439 38 30794
762 69838 86366 28 202449
763 69985 78124 9 20472
764 70029 70453 126 27444
765 70089 77611 62 308376
766 70271 86757 75 509562
767 70382 70565 88 20601
768 70444 70544 96 9879
769 70621 72742 97 107646
770 70685 71307 14 5677
771 70688 73770 42 84466
772 70803 79295 69 203633
773 71005 72936 26 21175
774 71017 75168 91 152464
775 71364 71959 12 6277
776 71399 80630 20 87086
777 71517 73180 86 197559
778 71677 72393 41 9173
779 71750 77792 106 288784
780 71794 73588 5 5777
781 71800 73118 5 2180
782 72154 72450 143 14905
783 72274 83452 9 30573
784 72354 86182 102 1717538
785 72416 76458 51 90553
786 72419 77014 132 274838
787 72421 73856 27 30914
788 72586 74413 18 13215
789 72670 73916 29 30647
790 72766 72839 4 223
791 72789 75901 63 80114
792 72808 74839 10 6404
793 72850 80308 81 328121
794 72907 75363 84 35310
795 72934 78539 16 33352
796 72970 75089 7 4374
797 73247 74200 29 13750
798 73390 73466 72 4627
799 73462 74086 80 5484
800 73541 74958 57 80453
801 73599 83152 136 485513
802 73757 76622 116 144887
803 73920 76984 70 116080
804 74022 77290 29 37862
805 74057 86514 59 229866
806 74099 75703 73 51972
807 74173 76560 75 79569
808 74260 81864 92 354982
809 74586 74724 58 5335
810 74687 81721 47 99522
811 74859 77694 24 23199
812 74933 76449 36 36237
813 75150 76110 73 105733
814 75248 76094 106 37225
815 75415 84368 77 204044
816 75472 75877 31 16848
817 75508 76161 16 1792
818 75552 77170 46 22961
819 75567 76511 129 217308
820 75675 88724 34 377841
821 75708 79847 133 184537
822 75750 80083 62 38785
823 75790 86461 8 22770
824 76016 83698 21 44447
825 76027 79681 7 13099
826 76554 77300 48 29208
827 76594 83312 21 23195
828 76704 78822 89 58202
829 76787 77414 105 18336
830 77040 78234 5 1535
831 77282 81153 113 212941
832 77317 85366 8 15073
833 77726 90184 137 764780
834 77731 90098 141 215463
835 77798 78879 64 29889
836 77900 79830 29 35678
837 77920 80621 83 93826
838 77938 83171 44 178507
839 77970 84274 11 9032
840 78015 82320 11 18300
841 78134 79249 78 33517
842 78211 80343 131 87192
843 78367 93828 34 201450
844 78386 91679 15 41036
845 78483 79928 134 95964
846 78496 78941 70 9799
847 78824 81154 24 44013
848 78918 79755 32 5821
849 78952 79644 12 3164
850 78957 86237 17 22236
851 78966 85374 6 3559
852 78970 83889 6 5269
853 78997 84959 43 163686
854 79005 80989 103 194978
855 79099 95898 50 328799
856 79367 96500 91 580902
857 79580 81222 37 33524
858 79829 90412 119 850770
859 80231 81746 141 119554
860 80267 86072 82 123506
861 80327 82495 127 115603
862 80398 80680 117 47036
863 80727 81513 11 5031
864 80791 81661 110 44598
865 80904 88859 69 292796
866 81296 86820 48 109032
867 81403 84297 8 23506
868 81540 81729 77 9244
869 81548 84834 59 104276
870 81569 85073 23 52562
871 81576 86223 50 183698
872 81672 82588 104 147090
873 81679 83129 41 33805
874 81715 82354 7 1306
875 81779 84264 103 119871
876 82064 86621 115 436045
877 82326 85034 116 164253
878 82338 84308 16 8245
879 82362 83585 76 76281
880 82482 85152 135 83595
881 82651 84618 37 19930
882 82672 83184 6 2421
883 82736 92491 19 115943
884 82863 90567 35 215617
885 82890 84958 102 217857
886 83198 87794 50 49035
887 83243 84709 45 19659
888 83281 94271 135 752266
889 83437 88318 41 74420
890 83465 88610 84 96865
891 83877 89627 78 116847
892 84005 85182 66 32352
893 84115 93655 18 167578
894 84131 89576 40 135208
895 84569 85030 7 1827
896 84641 89213 4 6594
897 84774 89054 105 122833
898 84785 87566 116 150608
899 84793 88648 80 145781
900 84813 89172 79 201393
901 84828 85943 12 16222
902 84886 91702 127 347727
903 84973 90891 15 66558
904 85036 89724 15 50101
905 85049 88984 21 105739
906 85184 94005 38 44742
907 85270 89243 17 14736
908 85639 97635 121 675941
909 85815 94934 21 96838
910 85910 86691 136 42825
911 86006 88562 48 70606
912 86154 96055 8 27457
913 86212 86220 102 1098
914 86371 91128 9 11115
915 86393 98092 16 124550
916 86522 86525 22 36
917 86882 99562 9 58643
918 86951 90564 69 69617
919 87010 94901 58 249379
920 87029 93075 13 22978
921 87263 92046 11 20669
922 87273 87370 59 6707
923 87412 90765 118 107297
924 87462 93328 6 31534
925 87677 93958 6 8410
926 87732 91399 147 134125
927 87849 95483 7 25798
928 87868 90236 52 93933
929 87911 93003 72 150026
930 87922 96544 121 110435
931 87930 93083 133 345701
932 88110 96354 26 83780
933 88168 93100 146 271351
934 88198 93180 138 177055
935 88361 89026 15 4509
936 88425 97466 134 227062
937 88542 96040 50 484548
938 88613 94794 40 230804
939 88900 89434 102 39261
940 88914 93416 92 316359
941 89047 89423 28 10349
942 89338 90819 113 98571
943 89362 95306 71 186834
944 89407 94806 82 187296
945 89435 91127 22 15886
946 89544 90910 28 10331
947 89770 91967 16 36828
948 89859 90913 84 69900
949 90133 94348 97 178840
950 90395 96206 87 305023
951 90578 93747 14 29869
952 90675 91619 75 34760
953 90701 91378 148 56401
954 90738 93588 49 68385
955 91349 93933 45 26462
956 91744 91875 5 396
957 91775 96794 36 127242
958 91960 96082 82 268820
959 92129 92557 107 13385
960 92260 94407 5 12029
961 92578 97852 40 35882
962 92610 93472 67 34194
963 92929 95017 11 10195
964 93018 93206 79 8670
965 93059 94955 102 91611
966 93891 97408 120 287391
967 93960 94854 9 9664
968 93963 94893 146 73436
969 94006 95901 67 63298
970 94133 98936 5 4496
971 94276 98925 123 1422398
972 94304 98593 74 264221
973 94545 97632 13 28788
974 94618 98472 122 284441
975 94637 98960 139 301001
976 94659 98355 54 106813
977 94684 97801 12 17283
978 94731 95504 22 14573
979 95003 98811 24 43223
980 95018 95444 31 10698
981 95135 95886 31 11827
982 95139 95266 126 24641
983 95276 97680 56 164868
984 95286 97630 49 50388
985 95320 97870 9 5525
986 95474 97578 31 31674
987 95532 98044 122 169060
988 95662 99495 72 115006
989 96204 97233 60 9478
990 96814 98493 81 111026
991 97168 98025 37 4695
992 97685 97822 85 4745
993 97711 99536 21 45063
994 97791 98982 101 43222
995 97893 99747 12 5428
996 98359 98418 119 4507
997 98581 99509 17 11123
998 98663 99068 91 21558
999 99157 99276 81 6997
