50 1000 0.018
.............##.##......#.................#.......
.............#.........##.............###.#.......
................##......#.##..........#...#.......
.................#....................##..........
...#..............##.....##..........##...........
...##.....#...............#......#...#............
..........##.....................##.###..#....###.
...........#.........#......#...###....####...##..
.##....#.........##..#......###...................
.#...#....##.....#...........#....................
.....#####.##...........#..#......................
.........#..............##..............#.........
.............##....#..............................
............................#.#.........#.#.......
...#.......................#...............##.....
.##.......................#................#......
..#........#......#...........#...................
..##..#.........###..................#...###......
.....##......#....................##.#..#.#.......
....#.#........#..................##.#.####.......
...###.......................##.....#....#........
.....................##......#......#..#..........
.......##.....#...#...#.##..........#..#..#.......
..##..........#.......#.#..#....#........#........
.###...##.........#.....#........##...#.......##..
..#...............##..............#.#.#..####.....
.................#.#.................###..#.##....
..#...........#..#...................#............
..#........#..#.##.#..............................
..#..........#.....#..........#...................
.............#.........##.........................
......................##.#..#.......#.........#...
....................###..##...................#...
....................#.....##.........#..........#.
....#.#.....................#...#.........#.......
......#.....#..............##...#....#......##....
............#.................#......#.......#....
...........##.........#.......#.#..........#......
.........#.#.....................................#
.#.........#.......###.##...............#....##...
...........##...........#..........##..##.....#...
##...#.....###..#.#.................#..#..........
##................#......##.....#......##...##....
.........##..............##.....##................
..........#...................#...................
#.#..................###......#...............#...
##..#........###......#.....###..#.......##.......
.##.#.......#.........#..........#.......#........
............#..##............##...................
.............................##....#..............
0 194 6117 125 216437
1 275 637 4 545
2 306 26713 5 25839
3 354 10773 86 1158492
4 629 7830 80 480843
5 721 11552 48 45208
6 1340 1465 146 14111
7 1343 8742 48 121447
8 1445 14439 50 343526
9 1495 8800 13 90721
10 1537 6150 106 159258
11 1684 15469 54 246741
12 1795 6678 102 309078
13 1928 3437 89 71867
14 1951 3764 40 32848
15 1993 6209 89 231692
16 2020 7273 6 18773
17 2153 4332 36 19398
18 2310 4117 66 79722
19 2427 8379 5 19431
20 2471 14114 5 19591
21 2531 13242 128 333359
22 2881 3013 111 14873
23 2891 6581 24 19074
24 2935 6933 41 76866
25 2952 9898 52 241296
26 3192 11718 79 375076
27 3237 5653 142 155061
28 3261 6882 31 73069
29 3358 12126 41 88104
30 3426 6022 116 316211
31 3545 48182 80 1477513
32 3582 6197 84 105114
33 3676 8896 58 295881
34 3731 7564 101 242446
35 3770 5187 68 30754
36 3926 8992 21 29081
37 3962 22207 48 347482
38 3994 8131 31 18986
39 4010 9543 43 131097
40 4271 15413 7 18886
41 4442 24784 43 254659
42 4701 5862 28 12774
43 4781 9368 57 158782
44 4816 5269 49 39638
45 4856 10459 15 55313
46 4888 7237 14 32089
47 5027 14094 111 360244
48 5043 5915 24 15510
49 5169 7541 82 80408
50 5205 15547 8 23391
51 5418 6545 126 257226
52 5433 7837 83 56592
53 5445 10724 66 150671
54 5468 27658 9 59159
55 5490 12459 17 87926
56 5581 6144 54 22025
57 5701 7117 63 59889
58 5721 19689 114 653680
59 5802 16207 146 308006
60 5818 6194 115 9419
61 5855 22289 14 275219
62 5856 58365 13 183232
63 6074 8995 9 7374
64 6076 23522 21 207039
65 6283 6477 99 6711
66 6288 14720 103 171755
67 6309 25520 128 1644541
68 6399 8312 17 10071
69 6779 9653 24 17207
70 6856 11085 71 427030
71 7017 23561 138 861154
72 7040 20488 74 940288
73 7249 7581 65 7405
74 7282 18855 12 49562
75 7608 9708 79 72318
76 7667 71199 29 586006
77 7736 43756 56 630740
78 7748 10713 142 121869
79 7966 19893 33 210449
80 8148 84063 11 151313
81 8504 9378 17 6400
82 8534 9649 35 21433
83 8545 10234 22 11328
84 8634 9403 61 26346
85 8803 11447 86 167881
86 8843 18300 133 329001
87 9028 53807 73 559398
88 9034 11122 107 45292
89 9055 23646 23 409146
90 9200 9210 131 619
91 9219 9644 29 9469
92 9231 16231 55 193647
93 9445 15553 19 104462
94 9450 9808 112 61192
95 9546 27794 122 739322
96 9636 13320 54 79091
97 9642 12684 70 179713
98 9715 12259 105 181293
99 9861 16400 29 54059
100 10246 10671 17 4806
101 10284 16073 19 106436
102 10503 52443 44 200331
103 10529 12083 33 37401
104 10639 19881 142 276651
105 10782 27419 94 374348
106 10816 21112 8 45888
107 10951 12015 46 85156
108 10994 12378 73 21853
109 11062 22218 55 294116
110 11132 24417 57 418003
111 11154 13525 50 48556
112 11196 33716 15 181671
113 11308 13152 138 145911
114 11334 29304 106 412050
115 11387 11673 32 8542
116 11554 14658 13 12666
117 11604 20559 94 528159
118 11665 22046 20 69107
119 11782 14166 46 41073
120 11811 21314 46 182899
121 11875 16989 19 26999
122 11884 18631 16 31740
123 11893 12002 29 2111
124 11955 24818 73 163359
125 12049 16381 12 24953
126 12199 15541 34 60607
127 12283 24202 87 291073
128 12324 16366 57 91619
129 12736 14947 83 76125
130 12739 26240 20 57901
131 12826 22737 78 241923
132 12947 18352 8 35556
133 12958 29707 14 95727
134 13056 16688 17 17020
135 13227 21149 35 155589
136 13248 24086 127 568092
137 13461 17809 63 66381
138 13647 17243 18 46422
139 13719 23839 37 44933
140 13785 14854 116 75419
141 13842 15933 9 16195
142 13856 18520 20 31495
143 13932 22975 17 65480
144 14008 17256 5 14784
145 14055 15437 59 28934
146 14217 14580 105 21568
147 14504 16256 117 128718
148 14603 28611 46 187155
149 14656 20214 144 121750
150 14778 19388 7 11685
151 14842 21828 31 57194
152 14903 23350 95 379194
153 15038 35466 77 196070
154 15155 16939 144 129355
155 15527 17452 128 126529
156 15559 30769 25 37842
157 15580 37590 81 192623
158 15600 52000 120 821385
159 15738 29854 8 100035
160 15847 22634 42 49916
161 15988 27637 15 58252
162 16017 34191 30 234213
163 16191 46691 109 551961
164 16336 17711 78 39381
165 16391 42354 62 855458
166 16421 21331 124 504632
167 16556 17871 81 53299
168 16586 24819 126 337816
169 16591 27663 70 232251
170 16672 22122 110 160515
171 16981 22893 36 61083
172 17125 17681 39 11523
173 17178 27861 124 451978
174 17238 21415 19 143872
175 17319 17765 122 56048
176 17333 26033 21 70948
177 17483 29714 90 358326
178 17636 20426 85 126428
179 17935 20247 94 29429
180 17990 22973 121 684857
181 18088 31836 14 39010
182 18276 30304 29 62496
183 18302 34389 103 1014054
184 18307 29846 66 786699
185 18409 21738 88 90904
186 18415 32085 101 499975
187 18576 24995 89 279952
188 18581 20364 71 37237
189 18756 23029 13 15930
190 18785 20946 94 143617
191 19181 36248 15 120377
192 19493 23751 15 43355
193 19886 23516 133 427011
194 19960 22667 11 5328
195 20186 27502 11 40786
196 20288 25510 14 20597
197 20292 21258 95 76295
198 20297 24396 18 28953
199 20527 23812 117 678900
200 20581 38779 84 1587003
201 20627 20732 52 4944
202 20700 21947 23 23007
203 20741 23968 78 73773
204 21194 25964 142 493394
205 21270 22132 125 66305
206 21274 23857 9 8903
207 21288 27855 18 37146
208 21352 29230 59 105539
209 21536 23657 10 5077
210 21619 26377 21 24411
211 21691 25416 23 13007
212 21692 34699 39 682347
213 21711 33658 98 901874
214 21718 39583 118 1646274
215 21736 26566 148 363674
216 21941 22290 47 8571
217 22101 24223 20 31069
218 22314 24431 122 100570
219 22388 29196 98 579808
220 22423 29091 28 23034
221 22486 29793 122 1011726
222 22651 36619 95 323989
223 22877 28975 134 912324
224 22899 24922 117 94174
225 23061 24723 35 20673
226 23068 43175 103 572534
227 23098 43652 113 1832351
228 23215 41746 27 193679
229 23233 49952 74 689475
230 23360 42988 90 696198
231 23499 30746 108 317804
232 23615 27446 46 59527
233 23654 34373 106 274765
234 23809 30685 93 131367
235 23816 24418 31 14475
236 23819 24259 65 13908
237 23952 31306 25 167234
238 24035 26726 93 36755
239 24298 46426 10 192655
240 24361 35902 79 428400
241 24394 25398 7 4395
242 24450 25243 111 52898
243 24472 26515 62 114401
244 24491 29801 72 459466
245 24544 34971 14 58829
246 24589 34571 110 1023876
247 24676 31554 123 659417
248 24682 29052 22 26890
249 24686 37339 98 375315
250 24691 37427 124 435233
251 24858 31177 5 14651
252 24911 25101 9 674
253 24923 32053 87 178784
254 24988 26361 9 8957
255 25005 31831 5 35821
256 25019 29563 40 82834
257 25087 27288 144 137731
258 25091 36481 58 444227
259 25105 25313 121 11505
260 25145 44892 42 479859
261 25147 39345 21 68701
262 25155 33394 142 326573
263 25235 47313 22 239610
264 25373 26156 7 3430
265 25468 28317 44 308580
266 25557 31890 94 569251
267 25696 30084 91 266374
268 25999 31097 58 84893
269 26373 54578 66 228172
270 26383 31953 14 84979
271 26463 27237 116 108484
272 26656 27006 63 27994
273 26853 35178 42 144639
274 27046 34737 27 35956
275 27155 38409 21 119886
276 27258 28553 13 6758
277 27301 28819 10 6477
278 27319 29307 147 225513
279 27429 27449 118 2182
280 27438 33525 108 273475
281 27577 33774 54 273412
282 27762 28439 106 18965
283 27767 30810 128 178024
284 27768 52710 37 793851
285 27926 29333 10 6794
286 28075 28794 77 24737
287 28128 38263 48 166704
288 28130 34851 19 84927
289 28305 31007 149 154015
290 28360 29710 68 41631
291 28404 37879 94 195651
292 28437 37314 19 113253
293 28449 33332 5 11629
294 28531 29843 54 53690
295 28627 34736 7 11462
296 28637 40581 6 18348
297 28775 35614 95 135355
298 29017 51456 13 55376
299 29148 61787 150 1554915
300 29168 30791 38 18152
301 29278 44415 46 107124
302 29308 37071 137 365972
303 29339 36462 43 70141
304 29396 48043 33 206729
305 29445 41695 35 52178
306 29638 30570 8 3298
307 29770 30871 42 9410
308 29905 50093 112 2147162
309 30043 45366 14 127814
310 30137 55888 124 1024646
311 30493 32759 40 64781
312 30662 32460 12 21762
313 30708 38410 121 464858
314 30856 35426 41 156134
315 30899 38502 29 65332
316 30902 36321 23 51472
317 30926 42311 48 223851
318 31045 40916 24 79730
319 31339 35760 107 319557
320 31358 42215 32 131722
321 31532 31570 68 898
322 31656 48232 84 430292
323 31672 38785 91 246740
324 31809 40560 142 278379
325 31899 36981 78 116914
326 32104 35918 134 153402
327 32269 37608 54 38624
328 32308 33899 104 78993
329 32350 38321 6 9807
330 32417 60635 27 218170
331 32421 40918 6 42136
332 32455 39755 60 147396
333 32514 55980 80 510809
334 32546 40264 56 158521
335 32740 45843 15 67609
336 32758 35868 73 50672
337 32818 41589 104 182322
338 32820 42530 77 449576
339 32848 42258 132 554588
340 33003 33139 126 34391
341 33483 39660 112 233543
342 33901 37365 107 518902
343 33941 39525 36 111621
344 33956 46907 40 193908
345 33988 35240 58 38941
346 34002 45383 96 778667
347 34157 51340 53 481867
348 34199 39117 14 11875
349 34349 40190 26 82448
350 34457 41107 117 325014
351 34536 46939 10 21602
352 34589 38693 129 253389
353 34750 43360 47 162266
354 34758 67077 67 398738
355 34868 40169 62 145855
356 34897 46546 42 148577
357 34899 35641 39 37453
358 34902 40312 22 126279
359 35022 36143 7 1796
360 35181 70041 123 1600735
361 35378 42590 50 138079
362 35482 37151 40 55620
363 35505 36957 61 31392
364 35778 51899 6 45461
365 35798 36693 24 19556
366 35843 61183 50 667022
367 35889 36685 29 16864
368 35893 38786 57 104663
369 35954 39460 17 32127
370 36074 58966 33 144490
371 36172 37091 20 8993
372 36513 36818 75 6110
373 36713 70315 84 3136144
374 36743 38811 106 170498
375 37076 38717 59 53233
376 37153 38375 21 14343
377 37164 37711 15 5349
378 37174 52509 36 257989
379 37301 53043 65 387409
380 37306 42205 146 387220
381 37337 41730 48 43924
382 37366 56355 63 603415
383 37450 45945 89 221383
384 37468 39302 66 66592
385 37524 41713 132 224180
386 37550 45783 50 153119
387 37672 44549 17 29717
388 37756 41099 150 92528
389 37771 42380 79 406927
390 37968 39831 150 52482
391 38010 41484 13 15589
392 38072 39469 37 13458
393 38173 73052 76 892575
394 38194 50626 72 201228
395 38583 61502 19 112885
396 38658 57187 6 20843
397 38664 42210 93 181346
398 38740 39734 5 3285
399 38800 45277 36 89810
400 38824 56287 4 11875
401 38825 41501 42 72049
402 38906 42600 100 137884
403 38993 57506 35 303774
404 39097 40423 83 31231
405 39137 48866 27 147681
406 39309 50985 17 82321
407 39364 76891 21 319406
408 39709 40088 79 12135
409 39763 53773 7 42563
410 39805 42923 43 78537
411 40121 41050 43 15295
412 40194 45907 5 14899
413 40221 50415 30 101176
414 40236 41512 133 39270
415 40396 43504 16 37382
416 40405 40698 19 3569
417 40411 51459 5 52674
418 40721 42393 14 5371
419 40734 74898 117 1581990
420 40789 47568 67 77319
421 40844 48371 56 218377
422 41306 66933 59 394565
423 41308 43832 38 20581
424 41375 45399 74 85797
425 41444 44393 5 4209
426 41447 46838 74 52606
427 41696 46571 93 108899
428 41931 52284 63 414885
429 41996 63244 5 38659
430 42056 51354 37 158025
431 42093 46034 89 254830
432 42145 44355 9 14857
433 42173 45859 18 15770
434 42362 49329 48 104342
435 42370 45722 77 150017
436 42512 47116 39 157119
437 42764 50750 36 138973
438 42898 45031 7 14202
439 42903 43992 21 18087
440 42930 53591 27 67160
441 42943 48842 124 164280
442 42990 52172 12 63468
443 43113 54554 126 487060
444 43179 46942 103 195833
445 43206 44485 131 36684
446 43247 45778 69 28094
447 43376 52888 30 245605
448 43389 48313 69 276377
449 43428 66022 18 194409
450 43535 44792 43 19738
451 43544 47653 70 91606
452 43567 52344 40 114977
453 43664 47300 21 54612
454 43711 46679 10 8406
455 43791 48823 103 233140
456 43870 45455 137 137976
457 43909 63158 12 83934
458 44025 45580 40 40439
459 44053 50984 50 246788
460 44429 46651 16 6975
461 44437 54189 43 74461
462 44486 97969 79 898341
463 44704 47106 9 18024
464 44835 56370 115 575245
465 44871 45141 93 8025
466 44881 56981 114 1225900
467 45116 49491 46 62003
468 45228 48587 9 7905
469 45261 50807 12 25328
470 45284 53497 74 33167
471 45328 54234 113 598557
472 45332 52968 48 230634
473 45431 46091 138 75471
474 45753 76241 27 192907
475 45979 60264 12 50298
476 46021 48961 38 117784
477 46077 58443 119 681112
478 46166 48729 43 63039
479 46251 48861 4 9986
480 46341 87125 45 1154395
481 46343 49541 26 49441
482 46448 48420 12 14962
483 46474 56150 131 315439
484 46489 72978 11 161791
485 46924 51324 80 58134
486 47010 47560 35 4529
487 47128 51289 23 88422
488 47139 62058 110 623431
489 47153 47161 99 450
490 47678 50456 79 153197
491 47705 48589 28 13462
492 47718 47769 64 5105
493 47863 57012 14 41564
494 47897 56686 10 30406
495 48121 58356 110 671812
496 48161 63722 20 104601
497 48309 48954 47 18871
498 48336 53571 8 28976
499 48355 53729 21 43082
500 48380 68628 8 61587
501 48467 54223 41 377890
502 48936 57134 107 1050476
503 49013 49781 23 12265
504 49326 54587 27 60439
505 49550 59634 17 46617
506 49598 67756 124 470046
507 49631 66823 10 30892
508 49674 63058 41 299303
509 49716 51328 126 73012
510 50095 64332 19 103231
511 50169 62587 116 650381
512 50180 72414 79 2187084
513 50215 54946 5 44283
514 50555 51887 79 45124
515 50627 75238 12 104084
516 50678 50697 43 618
517 50785 53822 48 117084
518 50837 61421 17 74601
519 51115 55958 12 10515
520 51287 53136 57 21005
521 51440 59159 84 42285
522 51539 55295 126 167436
523 51571 74773 8 96405
524 51710 53761 134 124803
525 51774 52940 32 7853
526 51786 69732 138 801863
527 51863 55811 119 417847
528 51985 55791 30 101774
529 52043 66908 5 12004
530 52131 52956 77 35426
531 52409 60145 42 75076
532 52465 52896 24 5342
533 52706 53767 142 93043
534 52831 52935 5 138
535 53000 73112 65 689412
536 53247 60303 138 830568
537 53327 53464 55 4668
538 53399 56579 62 95446
539 53619 54694 108 74164
540 53634 57544 19 12940
541 53647 60292 27 113697
542 53684 53885 13 1310
543 53696 74514 76 529971
544 53910 61252 108 240477
545 53977 61250 14 23924
546 54011 57293 10 10437
547 54243 56884 104 22361
548 54268 65459 19 36728
549 54450 72506 10 35789
550 54634 60651 29 133456
551 54713 55077 23 8915
552 54714 69366 13 321426
553 54773 60370 24 66011
554 54835 55549 56 9767
555 54838 64095 56 252401
556 54890 65546 85 415881
557 54965 55285 7 1992
558 54993 56203 110 104793
559 55042 83490 83 1159783
560 55117 58289 56 81446
561 55170 63358 65 219300
562 55210 60641 9 29037
563 55279 74947 136 474685
564 55352 81126 127 448130
565 55561 56689 101 50758
566 55614 55999 130 41392
567 55717 68979 30 276873
568 55728 55804 102 3136
569 55981 59039 100 163249
570 56004 67097 87 497042
571 56199 64812 77 166814
572 56245 69911 17 79318
573 56341 57772 9 3076
574 56396 63398 121 271904
575 56443 60909 99 130459
576 56446 68955 48 449910
577 56568 72851 6 31736
578 56682 74116 131 605419
579 56724 57722 78 41630
580 56757 67724 5 41850
581 56975 60951 69 216515
582 56976 58777 110 112875
583 57144 86859 114 322910
584 57286 58008 101 49478
585 57521 57580 15 484
586 57585 59595 8 5223
587 57628 68343 77 303283
588 57774 77128 93 75117
589 57808 59422 126 91529
590 57817 81132 71 373653
591 57834 66962 52 66891
592 57873 62170 90 82550
593 57897 58580 27 7069
594 57980 65796 90 143980
595 58072 84528 86 994935
596 58084 65794 119 242824
597 58184 67267 21 86976
598 58204 61160 143 217906
599 58210 71797 26 135229
600 58299 63484 6 8191
601 58615 72058 120 525598
602 58623 63890 29 51959
603 58705 69721 13 68406
604 58881 63606 35 141022
605 58908 78817 62 656721
606 58991 60057 148 120388
607 59030 67692 27 130783
608 59090 62723 102 130637
609 59117 74574 123 716755
610 59170 69418 142 891541
611 59215 64026 59 127190
612 59278 61960 90 87194
613 59305 60071 8 2894
614 59356 69596 6 38776
615 59500 77365 141 286555
616 59625 60363 21 6208
617 59633 66020 66 311529
618 59688 74534 11 92280
619 59741 60398 147 31837
620 59959 70126 16 36423
621 59962 61866 91 88069
622 59987 67259 90 729214
623 60024 60574 53 8636
624 60093 61275 15 8516
625 60509 64422 39 62731
626 60515 60701 60 1766
627 60521 62837 59 40234
628 60550 84464 6 32035
629 60626 61312 123 30902
630 60663 63750 65 185201
631 60803 62070 80 45290
632 60857 68875 65 90272
633 60949 76638 19 106650
634 60982 73139 9 36974
635 61007 65789 83 134120
636 61184 72001 146 403934
637 61214 65703 37 138017
638 61237 69027 135 979475
639 61310 72838 5 37352
640 61448 61567 5 224
641 61478 69085 62 273321
642 61543 82699 142 1461791
643 61555 75769 142 1269503
644 61557 69578 24 176710
645 61691 87124 95 484446
646 61711 66837 49 239491
647 61784 65949 80 81584
648 62221 66390 41 77880
649 62250 76642 121 621708
650 62336 67243 29 98096
651 62415 65152 44 24507
652 62503 63367 62 99630
653 62543 67331 73 99461
654 62593 64889 49 86819
655 62624 63071 45 12189
656 62630 62842 77 15765
657 62710 79081 33 78923
658 62745 65428 22 16893
659 62918 64447 29 16587
660 62933 63914 10 11549
661 63005 63039 68 1945
662 63023 63908 33 16031
663 63042 67542 75 82102
664 63049 92351 29 443825
665 63060 82913 19 72705
666 63188 65654 67 90936
667 63269 65893 8 12038
668 63336 65180 129 144559
669 63355 68216 6 10521
670 63519 64117 48 8092
671 63547 78594 71 212146
672 63550 87629 95 980640
673 63700 71711 79 744401
674 63755 70283 72 95342
675 63845 75464 12 45623
676 63920 71800 109 540585
677 63977 66197 93 51711
678 64016 88965 37 480070
679 64056 67882 12 17739
680 64567 71443 10 39742
681 64610 67665 53 104519
682 64622 66018 132 68989
683 64626 75209 21 65066
684 64649 72968 4 7728
685 64727 71328 59 257194
686 64911 65731 48 10292
687 64931 67387 132 193658
688 64954 65968 72 24605
689 65077 66728 14 11502
690 65141 68199 22 31769
691 65156 70579 20 26002
692 65160 79413 103 433587
693 65265 75283 40 143152
694 65379 72966 107 151717
695 65393 68727 123 58073
696 65417 79918 11 76363
697 65511 67893 142 372943
698 65751 70614 6 18009
699 65833 98887 90 2516188
700 66001 87808 20 123994
701 66032 76958 13 114124
702 66499 73152 36 77683
703 66582 86247 41 294174
704 66629 75365 71 126656
705 66685 79402 9 37465
706 66750 67667 31 8210
707 66937 86267 13 156241
708 66978 68172 34 30695
709 67083 79544 10 37109
710 67092 71116 78 64866
711 67191 70112 6 8829
712 67208 70627 122 353788
713 67257 68159 76 38488
714 67344 67813 64 34447
715 67348 79325 68 139582
716 67431 77853 145 851898
717 67560 74179 14 21370
718 67615 72053 60 100051
719 67658 68086 51 6525
720 67683 73442 113 221419
721 67732 72041 35 60451
722 67823 69476 46 40972
723 67866 78651 69 403850
724 67914 78356 11 29730
725 67922 76875 74 322996
726 67933 83720 24 249381
727 67962 72410 49 56458
728 67986 71746 47 22548
729 68200 89701 8 68919
730 68212 74812 11 23377
731 68335 75398 15 154095
732 68414 74197 84 96641
733 68455 71315 103 60420
734 68519 83566 55 155072
735 68635 78606 9 38215
736 68773 80282 42 82687
737 69055 72037 22 17749
738 69082 71458 60 60173
739 69187 82340 141 445141
740 69227 70720 47 18091
741 69492 75914 124 319122
742 69550 76282 62 145689
743 69679 74542 30 34748
744 69688 83811 21 153080
745 69735 82108 46 400024
746 69751 81870 17 83207
747 69780 76753 22 102266
748 69806 74133 15 30470
749 69886 72989 26 10061
750 69900 71638 79 87170
751 70009 73998 23 28362
752 70073 72461 128 166340
753 70278 80165 132 1915019
754 70422 70754 71 31580
755 70451 78711 94 552544
756 70493 71821 88 132145
757 70540 70902 13 5483
758 70542 71649 9 3382
759 70582 74500 4 3859
760 70608 80384 140 657250
761 70724 75999 6 10202
762 70955 72441 34 15900
763 71130 85080 119 697017
764 71187 74971 14 35736
765 71401 73507 21 33916
766 71480 75330 98 108985
767 71527 72902 7 4203
768 71566 77044 50 188220
769 71640 99504 33 305074
770 71669 82719 96 163853
771 71729 83428 62 683003
772 71949 94712 32 153861
773 71961 77887 95 160233
774 71986 73769 6 4231
775 71987 95905 107 978582
776 72021 86843 29 211651
777 72033 78065 45 103707
778 72083 81907 55 160610
779 72155 78855 7 34130
780 72297 85800 96 402553
781 72307 79671 86 122830
782 72390 77407 9 28925
783 72412 88872 74 343367
784 72416 89000 7 39821
785 72479 80597 16 40700
786 72722 75806 8 5535
787 72768 80004 26 134956
788 72805 74541 43 25609
789 73090 88910 123 358215
790 73192 83777 117 795767
791 73219 83014 30 95365
792 73425 73800 94 20727
793 73515 84385 32 59844
794 73598 81533 86 1095626
795 73747 92384 47 621750
796 73750 91963 131 2233855
797 73752 77302 84 102898
798 73813 74297 81 19626
799 74055 96721 17 495989
800 74072 75248 123 109511
801 74199 80340 15 43929
802 74302 76747 36 18233
803 74367 89415 65 127526
804 74375 80080 5 15545
805 74479 84226 116 295273
806 74492 93549 48 428914
807 74594 79037 104 226787
808 74615 92210 40 216950
809 74662 82619 77 153206
810 74720 82287 22 19569
811 74886 95254 58 390852
812 74929 75155 13 1702
813 75275 82588 7 47948
814 75299 77024 95 111290
815 75394 77006 11 7363
816 75400 93040 58 695609
817 75522 79772 25 32288
818 75896 77290 12 19290
819 75994 78729 48 57289
820 76160 80704 4 10019
821 76243 91696 45 183434
822 76307 82106 93 343486
823 76360 89973 18 83417
824 76497 76553 78 2875
825 76503 81657 133 448521
826 76698 80574 90 288657
827 76874 78768 13 10234
828 77087 83128 51 125735
829 77099 94995 80 597637
830 77299 91716 56 339684
831 77521 87369 41 147846
832 77667 97120 72 417539
833 77979 87688 22 150113
834 77980 81097 37 40200
835 77982 81636 51 190404
836 78099 79262 72 28662
837 78207 90817 124 767038
838 78468 92588 115 449408
839 78486 86970 19 31915
840 78555 81457 24 37547
841 78661 81127 21 39361
842 78699 85554 84 577919
843 78771 83119 11 28717
844 78995 89159 8 23124
845 79416 87145 78 559743
846 79468 82037 36 29402
847 79565 82593 102 184237
848 79764 92302 36 306232
849 79838 84447 144 525613
850 79855 94505 65 679423
851 79871 87500 69 230757
852 79946 83978 94 96177
853 80082 82006 66 51805
854 80133 83787 46 55501
855 80202 84796 87 142211
856 80253 86630 29 98588
857 80314 80852 134 31754
858 80386 82186 30 23440
859 80428 85881 97 102946
860 80520 85265 84 110995
861 80558 82067 53 16338
862 80645 87152 5 8112
863 80768 97804 126 994331
864 80781 83008 8 5622
865 80826 95802 77 260156
866 80859 84477 115 244326
867 80877 90779 50 243385
868 80880 84531 9 13357
869 80945 92859 5 46815
870 81033 83076 98 71096
871 81073 89753 33 93878
872 81243 85593 32 46847
873 81353 85925 24 35159
874 81354 83334 74 71347
875 81465 82868 9 3904
876 81642 87066 5 15425
877 81684 84773 8 19123
878 81713 92681 86 213998
879 81941 96128 31 113391
880 81950 96239 89 646006
881 82093 94396 4 8253
882 82269 89403 78 213634
883 82343 96024 26 116886
884 82618 88638 10 24257
885 82631 83300 60 18122
886 82678 85570 9 7795
887 82998 84614 41 56200
888 83043 84124 56 16607
889 83195 90452 83 832864
890 83419 91747 106 211087
891 83434 89491 8 20628
892 83442 89319 52 186145
893 83577 84579 50 31483
894 83656 95704 76 229664
895 83766 89061 28 63546
896 83780 90117 87 333468
897 83792 91793 4 4502
898 83878 90055 107 418893
899 83886 84280 21 5750
900 84011 95029 51 316097
901 84117 87724 6 5194
902 84145 88000 13 30410
903 84407 84791 61 18765
904 84419 84967 63 16068
905 84427 90490 48 148594
906 84554 90002 135 260216
907 84682 87765 7 8542
908 84740 85923 20 3095
909 84816 94424 35 95968
910 84826 87000 44 54893
911 84829 97912 79 428997
912 84870 88653 124 225211
913 85005 85118 11 957
914 85024 94860 150 569340
915 85143 86327 23 16813
916 85229 91234 92 359807
917 85258 86760 7 3281
918 85286 93376 101 267841
919 85298 97657 55 281949
920 85471 89673 36 80948
921 85530 96422 9 83327
922 85534 94790 63 257940
923 85706 92976 98 332906
924 85715 88574 53 75592
925 85779 99696 128 949517
926 85847 91924 93 232364
927 85996 92813 22 82376
928 86052 96537 149 321210
929 86411 96125 68 694651
930 86562 91469 84 78824
931 86597 91044 122 199795
932 86980 98679 37 102282
933 87019 99756 14 137885
934 87069 90186 87 266540
935 87085 88620 24 29300
936 87209 94878 23 58526
937 87659 88899 118 167585
938 87679 96030 138 805869
939 87702 93566 69 225358
940 87891 97180 4 16515
941 88322 88895 10 2064
942 88413 98294 58 114569
943 88509 93836 23 27524
944 88526 93875 59 74737
945 88809 95860 6 18574
946 88847 93577 21 91471
947 88906 96056 44 80345
948 89292 99224 9 63310
949 89749 92995 98 302728
950 90481 91020 13 2840
951 90547 95273 43 87021
952 90588 99498 6 11899
953 90675 91190 20 6978
954 90833 96813 32 75930
955 90860 92779 19 18715
956 91071 94016 27 59551
957 91174 99777 34 126189
958 91225 92378 8 3074
959 91402 94898 23 23336
960 91420 94431 11 13374
961 91715 92221 7 1298
962 91720 96464 36 37693
963 91875 95973 6 5891
964 91890 93276 4 4027
965 92104 92680 43 57423
966 92110 98799 145 146060
967 92332 93069 139 45362
968 92543 94401 8 6154
969 92598 96488 148 170877
970 92633 95115 9 15831
971 92735 99062 7 30625
972 92807 93539 93 68627
973 92930 99622 127 629285
974 93346 96814 61 63821
975 93610 98422 77 194153
976 93726 97761 131 555469
977 94162 95372 90 60791
978 94271 95103 51 35787
979 94367 95169 57 17927
980 94585 96203 56 84637
981 94590 95391 140 65797
982 94603 95943 28 16356
983 94687 96779 6 6094
984 94722 98530 70 236018
985 95003 96061 40 22340
986 95167 96093 127 210111
987 95378 95558 55 5238
988 95502 96181 30 10275
989 95586 98710 51 89795
990 95969 99983 15 26820
991 95983 97135 4 4964
992 96057 96711 119 98037
993 96340 97311 61 42686
994 96474 98910 4 7884
995 96932 98711 23 29545
996 97062 98092 69 125576
997 97339 99950 113 83292
998 97640 98009 9 995
999 97964 99066 114 67654
