50 1000 0.061
..............######.##...........................
..............##########..........................
..............#.##########........................
.............#.##########.........................
.............#############........................
...........##..#########...#......................
...........#..#######.....##......................
..........#####.#####....###......................
...........#......#########.......................
...............####..####.####....................
...............###.###########....................
..#.#...........#..#.#######......................
..###.................#######.....................
#####..#.#...........#####.#.#....................
###########...........#.#.####....................
#########..#..........####.#.###.....##...........
##########.##.........###.............#...........
##.######.###..........##..........######.........
#..########.#..........#...........#..##..........
###....#######......................#######..##...
#......######......................########.##.#..
..#...##########....................#.###...####..
.##....#####.##.....................########.####.
##.#..##.###..#....................##############.
#####.##.####...................###############...
#####.....###..............#.#####..#.#.#########.
######...#####............####.###..#.#.#..###.#..
##.##...###.###..........#########..........##.#..
###......######..........#.#####.##............#..
###........######..........######.................
.##.......#####.#.........########................
.#.......#########.##..##.####..###...............
..........######.#.###.########...................
....##.....###########.####.######................
...####.##..###.#.##...#.########.................
...######..##..##.##...####.####..................
..######........#...#.########.#..................
..##########........##########....................
..######...........##########.....................
#.#######...........##..#####.................#...
########........#.......###.#...............###.##
#..####.......#.#......####..................#####
....#.#.....######.....###...............#....####
....#........#####.......................###.#####
...........######.......................##########
...........########.#.................#######.####
..........#######.#####..............##########.##
...........############.............##############
..........##########.##..............##########...
.........########.####...............##########...
0 0 6470 78 89940
1 183 25418 130 1087831
2 192 639 83 9164
3 373 2616 4 2556
4 396 4725 31 61938
5 436 2688 130 207751
6 558 901 57 20691
7 733 9092 125 627984
8 1030 14084 37 168405
9 1150 5993 113 308673
10 1260 7840 147 824538
11 1506 2490 10 4900
12 1513 9517 17 117489
13 1559 2058 65 12893
14 1941 10997 91 500924
15 2104 15119 85 307455
16 2119 4431 49 80075
17 2187 4268 50 69590
18 2207 26230 27 662290
19 2240 17863 101 298705
20 2434 5657 62 123909
21 2457 2614 20 3020
22 2592 6816 80 118766
23 2748 6526 12 29735
24 2789 10213 32 65501
25 2979 8153 57 98051
26 2989 3699 51 9255
27 3064 11166 54 99810
28 3088 4214 122 138237
29 3158 3321 113 6653
30 3306 6283 57 128836
31 3424 10368 56 41973
32 3466 4921 99 42844
33 3476 4364 28 9023
34 3489 4565 148 91047
35 3559 8713 60 221905
36 3635 12811 15 84319
37 3716 5475 110 103487
38 3733 4611 64 33600
39 3746 4712 101 36628
40 3758 5245 71 20411
41 3943 15963 61 255078
42 3983 6824 17 25540
43 4010 5784 12 11653
44 4028 22279 10 56172
45 4049 25489 91 558959
46 4240 9558 32 43568
47 4310 13828 83 994077
48 4418 13059 13 16701
49 4566 7055 26 52554
50 4643 18113 27 330726
51 4678 56746 4 15255
52 4679 6239 94 44660
53 4839 11457 22 26966
54 4999 6569 68 66776
55 5008 13549 82 288107
56 5048 6183 31 18981
57 5276 12048 29 190310
58 5301 7039 40 28139
59 5537 14258 4 4570
60 5613 15403 83 358546
61 5653 7319 57 45620
62 5655 10230 65 76489
63 5671 11576 95 199903
64 5710 7090 25 16393
65 5905 7898 64 53746
66 5919 33387 35 309157
67 5958 31414 46 173279
68 6027 11641 41 68353
69 6079 20940 4 26890
70 6216 13790 101 257182
71 6265 9316 60 83176
72 6337 8889 38 36819
73 6560 13610 60 180431
74 6633 22465 104 364223
75 6667 7949 43 26511
76 6860 15237 52 151562
77 6905 19734 70 165588
78 6967 7779 101 11388
79 6993 11251 7 7304
80 7025 14328 54 56895
81 7061 21686 42 156271
82 7217 8880 101 259701
83 7227 8519 14 5567
84 7347 15300 34 34108
85 7357 9106 4 3127
86 7448 8305 21 10807
87 7643 7717 65 9466
88 7704 10647 24 20690
89 7705 11040 69 63207
90 7824 12326 48 68184
91 7951 17093 127 396866
92 8120 12934 132 96300
93 8209 17651 14 25239
94 8289 10132 57 60687
95 8384 23352 115 263882
96 8411 9784 5 1702
97 8419 31458 21 151403
98 8421 14691 7 14968
99 8604 17639 17 19917
100 8606 11200 54 86211
101 8614 9865 36 21391
102 8673 11527 33 57330
103 8685 11179 110 150121
104 8764 31152 31 138457
105 8791 14990 33 149416
106 8820 8992 145 11709
107 8823 10045 5 3358
108 8980 21110 145 1115866
109 9026 14813 50 64415
110 9290 9821 7 2988
111 9470 20727 38 290842
112 9576 13717 99 144454
113 9675 13108 37 62242
114 9753 19950 62 468969
115 9800 12767 69 205463
116 9834 29117 39 648652
117 10006 11634 11 6910
118 10565 19347 9 20743
119 10760 12649 108 51554
120 10793 19378 45 100651
121 10850 25695 146 629567
122 10984 22017 100 236924
123 11046 11333 7 1115
124 11087 12910 8 9204
125 11100 34739 138 1255664
126 11164 13598 17 54711
127 11308 13759 109 203324
128 11343 14127 86 262705
129 11465 21619 18 44645
130 11583 31897 12 202402
131 11616 19363 10 27264
132 11727 19143 122 175281
133 11777 23484 18 241733
134 11782 29965 5 35945
135 11849 31763 122 1211408
136 11915 24324 10 99002
137 12002 35777 19 62975
138 12030 12972 42 16045
139 12143 24740 56 283901
140 12462 14618 16 17304
141 12540 21087 9 42618
142 12758 17849 137 669578
143 12925 17235 23 28815
144 12942 26710 85 197980
145 13171 17777 21 32494
146 13212 15530 113 153916
147 13262 15247 111 144660
148 13355 24038 50 141730
149 13379 17393 43 52852
150 13380 20647 64 161329
151 13465 16289 15 11726
152 13539 39610 120 1603802
153 13551 18132 79 103219
154 13558 22804 15 27655
155 13567 21668 28 90472
156 13629 29229 4 21373
157 13677 21397 124 367666
158 13763 17671 46 133389
159 13891 35944 84 595594
160 13990 27906 96 490350
161 14165 16892 77 125759
162 14269 16529 29 33238
163 14366 15022 19 9948
164 14384 18555 11 13027
165 14521 16856 62 139497
166 14607 16574 93 132560
167 14685 19662 90 117828
168 14744 19900 58 87102
169 14779 19138 78 81905
170 14781 16376 135 84367
171 14822 22322 7 24022
172 14914 22911 102 248458
173 14992 23337 84 341274
174 15047 31227 136 442075
175 15235 15748 6 2045
176 15302 16091 112 30691
177 15599 23071 11 46434
178 15916 26571 44 112395
179 15918 18791 130 161919
180 15959 18352 136 254953
181 15997 23646 23 45626
182 16057 26125 126 475695
183 16358 16926 138 18079
184 16389 19353 22 50283
185 16447 22124 30 69791
186 16496 19434 8 3126
187 16678 17400 7 1630
188 16739 24043 26 70927
189 16743 16838 49 2814
190 16874 19214 5 9051
191 16940 19460 99 132232
192 17046 38949 13 109164
193 17237 19160 26 14155
194 17321 23216 23 47757
195 17426 44814 35 175445
196 17510 19644 56 59864
197 17646 25173 16 57732
198 17670 20068 113 128427
199 17826 21573 32 53066
200 17830 25937 97 305594
201 17910 18417 85 24877
202 18029 22467 75 166165
203 18225 20804 29 60112
204 18270 42199 13 168194
205 18277 24218 113 648160
206 18303 68028 125 2254317
207 18357 24396 11 40606
208 18618 23210 52 144237
209 18638 26440 9 15993
210 18869 21701 46 45673
211 19006 20339 41 33013
212 19125 20634 41 20752
213 19150 24537 4 13924
214 19256 19994 7 1590
215 19291 37497 26 159619
216 19320 21286 8 3130
217 19387 21851 101 183418
218 19409 32132 34 99865
219 19413 22716 15 28938
220 19629 21339 35 49198
221 19650 36162 4 43709
222 19741 20014 53 5721
223 19915 27945 66 132011
224 20047 21431 93 142622
225 20076 25340 95 421703
226 20104 23442 96 103696
227 20108 26492 70 85700
228 20290 20916 104 16942
229 20347 23641 16 37284
230 20439 42369 46 247043
231 20555 27399 33 93560
232 20779 26174 66 244260
233 20842 34201 48 413575
234 20885 30693 18 49014
235 20897 21658 26 4455
236 20943 27260 45 356438
237 20969 22445 49 30446
238 21090 24955 60 113021
239 21177 22803 130 69279
240 21468 36106 21 97929
241 21471 45139 111 957466
242 21531 27343 120 542356
243 21557 34526 97 501729
244 21821 26519 63 70025
245 21863 22643 12 3093
246 21937 22228 7 2521
247 21961 22998 65 17345
248 21971 24645 22 41748
249 22019 39998 117 513300
250 22094 22219 59 1929
251 22114 23438 15 10070
252 22233 45541 61 302686
253 22274 23173 89 57104
254 22428 32859 122 480223
255 22479 39264 126 587313
256 22506 30025 92 127578
257 22623 23517 14 4432
258 22842 33548 6 32003
259 22871 28221 48 88077
260 22928 26549 5 4201
261 22932 23196 24 5462
262 22939 36161 104 1075231
263 22987 23205 90 11080
264 23110 28877 6 17420
265 23162 23683 73 18679
266 23197 29589 17 99064
267 23211 23723 36 11307
268 23336 25786 124 229482
269 23432 34060 89 373061
270 23636 24260 11 1308
271 23780 26503 24 38821
272 23855 24949 48 34034
273 23921 63284 24 95755
274 23988 30863 12 33881
275 23994 39734 47 229370
276 24304 35030 9 45656
277 24595 25013 72 23791
278 24603 35714 120 462672
279 24609 28916 67 213049
280 24629 30299 50 128430
281 24631 46260 109 965590
282 24688 40875 141 1072033
283 24714 33908 65 90744
284 24842 33277 135 1220786
285 24867 26565 82 37119
286 24894 33443 14 75931
287 25079 32453 87 176106
288 25129 29330 10 28841
289 25166 44200 139 1041702
290 25256 27596 9 6854
291 25365 25411 24 1202
292 25368 29338 47 69595
293 25410 26495 12 5296
294 25463 33302 4 17394
295 25468 32810 148 278803
296 25496 27512 121 77502
297 25582 41086 150 893766
298 25590 26725 22 34402
299 25633 29727 6 3393
300 25659 26811 15 7632
301 25685 33644 59 297811
302 25715 30082 36 53727
303 25778 44812 117 2004554
304 26160 28539 93 46525
305 26186 26993 8 5128
306 26258 28096 76 55023
307 26303 26701 21 6522
308 26378 27748 77 61661
309 26418 31445 15 18483
310 26487 30282 7 17685
311 26498 33796 66 163373
312 26592 28549 56 38559
313 26630 27165 18 6454
314 26805 32576 29 52905
315 26844 34685 135 968654
316 26878 34802 11 30627
317 26884 27342 149 20208
318 26968 54392 6 76659
319 26981 32532 24 36504
320 27052 30139 123 210410
321 27133 35631 80 469481
322 27187 42767 5 50626
323 27222 29131 53 38335
324 27244 28918 67 76932
325 27309 43679 70 741850
326 27480 31393 75 145123
327 27533 28035 77 16727
328 27589 30223 18 12367
329 27614 34444 8 8624
330 27616 35796 66 101206
331 27641 29931 21 5805
332 27682 32419 44 68949
333 28118 30704 23 17910
334 28157 43431 56 181693
335 28158 31335 133 176141
336 28409 41767 30 142336
337 28451 53160 63 890864
338 28463 35265 84 547298
339 29072 29453 99 23264
340 29268 39510 22 74850
341 29336 37800 119 381956
342 29399 31128 85 48067
343 29409 49540 94 511859
344 29484 30638 86 75774
345 29496 31715 90 133707
346 29745 29880 9 851
347 29756 52370 122 1171188
348 29797 31782 11 6587
349 29813 32705 46 99791
350 29863 36472 42 85261
351 29896 30182 134 51164
352 29992 37992 120 177757
353 30036 36006 111 550432
354 30084 38002 52 140609
355 30109 49337 121 269095
356 30319 32260 47 36687
357 30560 44647 20 76956
358 30607 39625 110 1289913
359 30727 43687 98 139825
360 30769 37459 17 52865
361 30816 34659 19 48526
362 30898 31642 56 19794
363 30970 48464 132 2230873
364 31055 31600 37 12526
365 31185 31491 5 1004
366 31408 36706 61 180450
367 31526 46357 32 261637
368 31921 33157 66 33810
369 32324 35932 135 210738
370 32478 37265 16 26522
371 32502 53458 15 151469
372 32505 36626 7 10952
373 32564 49593 33 381094
374 32701 33424 30 16194
375 32800 33526 12 3498
376 32877 45819 50 257965
377 33022 33237 131 41895
378 33089 34413 67 22176
379 33398 44251 31 167574
380 33426 41124 31 196985
381 33493 37536 6 14569
382 33606 58324 54 1344905
383 33754 33848 58 7592
384 33758 36814 5 3572
385 33877 55908 82 440510
386 33896 45755 128 681414
387 33943 51220 45 89608
388 34036 45251 133 641605
389 34084 35016 31 10724
390 34171 36081 134 140800
391 34297 34345 108 7344
392 34366 36539 29 12638
393 34427 49059 13 270192
394 34464 46625 45 140462
395 34492 41069 45 91943
396 34503 42556 65 238259
397 34833 34946 10 424
398 34881 38182 119 171537
399 34921 36710 12 11184
400 34969 34983 66 452
401 35274 38950 32 25174
402 35276 38386 13 18669
403 35298 52902 5 55565
404 35328 38317 100 117936
405 35436 37740 66 24384
406 35465 37636 26 27393
407 35991 49264 47 102479
408 36186 49634 97 479451
409 36268 48669 51 315001
410 36307 42934 8 50586
411 36327 42246 64 223744
412 36367 41700 55 56711
413 36434 45374 46 221892
414 36646 38042 129 53360
415 36726 39827 46 38105
416 36882 39022 58 34936
417 36893 40819 113 92172
418 36922 41911 8 15482
419 37067 56321 117 434428
420 37305 51632 7 93653
421 37356 43417 119 342887
422 37427 48694 148 581860
423 37447 37569 74 5996
424 37611 45258 7 21107
425 37695 64205 25 398246
426 37732 40530 18 57320
427 37854 43254 42 57221
428 38076 47415 47 311723
429 38321 39283 141 25400
430 38351 39977 61 93416
431 38352 51137 10 65072
432 38486 45913 32 168627
433 38559 46469 29 82297
434 38570 39178 120 71959
435 38584 40728 49 12501
436 38636 54846 84 385570
437 38659 44625 109 400026
438 38771 49856 30 211027
439 38786 39669 31 10357
440 38961 46783 33 78115
441 38975 39954 67 19635
442 39034 45013 145 404576
443 39547 41446 148 138333
444 39582 40117 7 1924
445 39630 50439 81 1056612
446 39644 47728 99 1543563
447 39776 40727 55 22014
448 39809 40660 79 58312
449 39871 45276 15 144644
450 39948 45841 71 208228
451 39982 43812 79 262265
452 40095 54363 100 512682
453 40112 42029 47 69942
454 40120 41673 129 102944
455 40199 42560 29 68770
456 40202 44246 84 63898
457 40320 45077 69 167812
458 40400 41127 56 59482
459 40426 74781 111 2845177
460 40510 44170 30 44146
461 40526 43250 99 92681
462 40667 43549 120 217930
463 40741 41217 14 1528
464 40771 40911 22 523
465 41033 50843 120 592125
466 41084 45279 141 520143
467 41216 52678 26 238682
468 41273 42203 7 5404
469 41649 63223 20 115575
470 41730 41792 65 5101
471 41736 60592 5 49520
472 41740 94432 12 234953
473 41753 46334 7 17755
474 41892 42122 5 978
475 42078 43677 16 6791
476 42088 42464 97 30728
477 42233 47469 120 292174
478 42243 45366 10 32175
479 42671 43832 123 90061
480 42734 46014 107 163123
481 42843 53385 82 209865
482 43011 43782 9 4746
483 43134 45307 150 123104
484 43146 62669 15 136900
485 43297 45967 140 199088
486 43446 58941 82 338973
487 43643 52329 24 95061
488 43793 43897 83 3898
489 43907 44437 76 48581
490 44015 51963 38 162388
491 44239 57163 113 394756
492 44431 50966 86 243944
493 44490 49984 46 102347
494 44642 48223 5 3870
495 44653 46446 33 23791
496 44732 49146 64 77567
497 44838 53261 80 269174
498 44865 47255 61 57700
499 44992 45664 100 62703
500 45014 50854 116 361293
501 45254 46416 39 27725
502 45361 54325 52 233851
503 45429 45949 60 23811
504 45445 48645 119 122765
505 45454 51126 11 16423
506 45568 46178 59 11484
507 45592 47451 57 252799
508 45615 51772 129 218350
509 45657 53529 105 494244
510 45696 55666 105 427806
511 45726 47194 9 11082
512 45778 47720 8 4825
513 46087 49629 33 24346
514 46098 52851 25 146486
515 46111 64142 146 1134228
516 46132 69642 34 264031
517 46294 52108 105 210320
518 46329 49519 84 93241
519 46402 65948 138 1116487
520 46437 47520 28 13125
521 46440 49546 97 151271
522 46541 53671 149 501488
523 46610 48559 13 5352
524 46645 49172 103 115686
525 46698 58578 88 552538
526 46706 49830 17 6657
527 46767 59121 20 146281
528 46835 57589 46 41059
529 46882 58148 7 27782
530 47268 50663 43 124396
531 47270 49321 52 39585
532 47351 49941 14 18901
533 47434 51256 131 315499
534 47542 77913 58 364195
535 47801 51703 54 100784
536 47875 48757 115 23848
537 47896 49176 75 36313
538 47927 49386 27 12129
539 47932 63883 7 29783
540 47975 49636 72 36650
541 48142 53602 23 81639
542 48218 50022 125 54989
543 48255 51895 90 148186
544 48354 55957 13 142075
545 48442 55522 5 11736
546 48472 55082 19 75742
547 48483 70337 138 1726004
548 48566 58615 10 24194
549 48749 54350 16 18904
550 48841 67838 89 463592
551 48968 50690 122 49723
552 49074 51066 7 6244
553 49090 54861 117 344572
554 49138 54599 16 63094
555 49199 58223 134 199931
556 49218 51428 8 15937
557 49231 69290 20 61504
558 49301 52588 28 22644
559 49903 66767 26 89057
560 50131 54746 92 281406
561 50160 68060 126 1323282
562 50221 63358 19 119828
563 50360 53968 7 8704
564 50382 65295 5 18028
565 50440 65414 92 719981
566 50507 52520 10 22781
567 50558 62760 82 640155
568 50619 58109 47 166869
569 50787 52334 124 134531
570 51082 55012 77 140382
571 51277 67100 50 307823
572 51509 53949 6 15053
573 51520 77029 10 51177
574 51554 54099 94 108580
575 51595 56206 108 157516
576 51861 61310 78 611189
577 52059 63196 147 861812
578 52289 97523 142 1586233
579 52368 55825 70 330104
580 52395 55378 76 83424
581 52417 59268 32 32498
582 52418 54365 12 19651
583 52486 60013 33 101954
584 52691 62069 13 59191
585 52694 67293 106 566587
586 52750 58299 24 121200
587 52803 55585 10 19218
588 52862 60473 81 162713
589 52867 54619 136 92149
590 52948 56107 128 297097
591 53006 53566 8 2349
592 53044 61296 99 548929
593 53060 60940 43 97155
594 53079 59737 11 62075
595 53145 53553 92 45194
596 53292 60620 23 118943
597 53391 56127 84 217658
598 53436 64285 128 290232
599 53510 55251 17 27317
600 53562 74274 108 2026623
601 53860 55095 16 7754
602 53894 54907 138 95062
603 53925 54682 32 4089
604 54174 60858 97 184116
605 54186 62839 110 313083
606 54374 57135 27 24335
607 54490 56489 135 81568
608 54528 56291 8 7970
609 54542 57892 141 299971
610 54733 68703 20 168694
611 54749 57051 7 4086
612 54800 57621 135 209508
613 55085 63277 58 451565
614 55097 58665 45 33399
615 55230 61916 24 5726
616 55344 57536 82 106161
617 55365 58447 27 53343
618 55377 57419 12 9357
619 55415 57501 127 250557
620 55548 60724 48 127600
621 55664 61077 98 180440
622 55795 61718 107 232304
623 55809 59046 29 72736
624 55980 76274 37 298704
625 56054 68315 70 424105
626 56494 68444 49 384863
627 56559 62965 49 150271
628 56604 68448 25 80592
629 56617 61188 64 154969
630 56808 58143 118 126120
631 56818 57214 6 2854
632 56922 60671 37 64825
633 56935 76197 141 1338643
634 57035 57701 38 7533
635 57078 60501 96 266875
636 57094 67466 42 139830
637 57137 57781 70 24095
638 57165 76084 129 471976
639 57170 62255 22 74298
640 57617 61613 83 217195
641 57705 69682 28 88109
642 57728 59484 16 8400
643 57934 58225 25 2568
644 58074 65058 109 263980
645 58142 65611 56 173989
646 58325 61068 8 65395
647 58355 60832 126 180556
648 58376 60797 133 391330
649 58488 58554 48 1099
650 58543 62541 22 35811
651 58729 61895 146 256961
652 58843 62189 25 45114
653 59068 61754 29 32405
654 59105 61395 69 142846
655 59125 68626 6 19889
656 59197 59257 39 2396
657 59460 62630 133 101777
658 59584 68497 66 291654
659 59614 65504 83 145666
660 59847 64706 129 286443
661 59874 62571 51 34218
662 59977 62225 6 5028
663 60032 62838 63 102774
664 60210 62776 44 83983
665 60216 65477 43 102096
666 60301 71160 21 129708
667 60386 64606 53 83368
668 60511 62151 61 72802
669 60588 67893 121 294147
670 60630 64434 119 87584
671 60715 62259 119 90700
672 60926 62832 25 28908
673 60987 65628 38 132846
674 61048 64944 15 17166
675 61105 76238 51 144413
676 61135 63934 98 102147
677 61153 69462 9 16724
678 61170 66417 90 219294
679 61236 65361 38 71176
680 61318 63189 131 199889
681 61550 69714 10 8508
682 61567 66287 94 70675
683 61650 63595 8 4692
684 62009 62453 53 11157
685 62012 64880 148 100036
686 62231 63069 28 15567
687 62237 65566 16 21498
688 62261 65585 59 76780
689 62548 64404 138 93159
690 62582 63493 115 33148
691 62694 66568 122 121700
692 62724 66278 12 41857
693 62804 68079 27 52926
694 63161 66578 125 265223
695 63182 63886 6 2626
696 63273 65229 80 76601
697 63383 77041 12 52117
698 63456 64669 6 6605
699 63539 71082 15 54646
700 63545 73638 45 399033
701 63654 73458 113 1190300
702 63770 73271 126 250193
703 63837 65626 23 13759
704 63846 65889 70 85393
705 63987 64716 12 2722
706 64086 66413 140 63066
707 64107 65082 16 6308
708 64113 71793 10 50707
709 64123 66497 15 20137
710 64218 65836 23 11106
711 64257 86214 23 136291
712 64280 68037 94 132055
713 64537 66262 15 10772
714 64607 65419 30 11839
715 64631 64885 111 17530
716 64679 67217 21 11707
717 65003 68616 64 81145
718 65008 73089 143 231762
719 65065 79040 96 365912
720 65170 71764 99 122171
721 65323 66573 145 58184
722 65373 66768 49 40417
723 65649 79027 5 15855
724 65654 73440 72 266377
725 65903 67158 66 82491
726 66333 86515 91 266888
727 66343 80969 101 480666
728 66570 86185 30 277400
729 66666 72698 140 149166
730 66792 71669 12 25997
731 66864 77377 114 446987
732 66902 68355 124 63900
733 66904 70565 5 22748
734 67019 71770 28 46763
735 67061 70362 25 31402
736 67097 77818 82 470361
737 67456 73557 23 153179
738 67520 71569 71 34406
739 67522 70484 102 103961
740 67609 69740 5 9659
741 67695 69003 16 10271
742 67737 71459 69 426727
743 68022 69191 51 17942
744 68082 78199 16 31108
745 68158 80020 19 61841
746 68329 76822 34 193373
747 68367 87140 64 446128
748 68481 82785 43 72506
749 68502 69157 7 2140
750 68567 69263 114 65797
751 68811 69922 73 39084
752 68827 71574 20 24190
753 68869 75153 10 35587
754 68912 75315 96 449565
755 68992 80086 5 20061
756 69017 75166 6 16394
757 69059 75092 113 476003
758 69206 69845 140 43954
759 69315 76816 70 508400
760 69437 71155 9 6282
761 69511 84858 27 148035
762 69605 86174 43 196216
763 69640 70841 47 27960
764 69732 69819 45 1721
765 69950 75054 71 123168
766 70304 80701 41 166366
767 70544 76133 38 71934
768 70559 70669 9 381
769 70644 79813 24 77075
770 70872 74645 32 67795
771 70941 76481 8 48320
772 71041 75636 48 85409
773 71136 93739 63 323484
774 71154 72341 16 18792
775 71308 74393 32 51911
776 71383 86871 15 147719
777 71445 73213 98 51934
778 71674 72123 85 10551
779 71685 75096 48 254215
780 71778 89173 53 278559
781 71982 92079 125 1884140
782 72048 79534 32 68905
783 72342 89810 69 215657
784 72557 75441 121 226379
785 72779 73866 56 56150
786 72893 78061 8 25244
787 73043 93103 88 248789
788 73161 76394 8 13964
789 73228 81901 51 387325
790 73272 79843 11 35131
791 73293 73855 47 28051
792 73381 73899 81 23568
793 73478 78025 146 303051
794 73611 82949 40 264739
795 73655 87064 18 129246
796 73658 78035 13 9672
797 73760 85635 7 18409
798 74001 84892 135 1014474
799 74104 77943 27 65162
800 74152 75144 93 21735
801 74203 75120 33 21846
802 74217 80752 37 100423
803 74262 76830 87 72825
804 74316 98441 106 1708126
805 74383 79976 129 295715
806 74389 95627 138 1489583
807 74511 77786 106 134384
808 74520 83223 98 133455
809 74584 79184 16 23495
810 74627 86854 26 95280
811 74650 81678 22 24185
812 74682 83327 77 1087333
813 74760 81955 95 401078
814 74764 89300 73 274753
815 74893 78417 110 118016
816 75005 82502 14 28209
817 75214 91752 68 269042
818 75298 81915 128 782489
819 75309 80512 98 195453
820 75409 86487 16 29690
821 75458 77555 39 44435
822 75519 75709 11 1040
823 75893 92166 143 589765
824 75898 99585 58 628325
825 75986 78964 49 48578
826 76057 87700 46 124218
827 76158 78644 24 38972
828 76234 82141 7 14324
829 76425 81943 8 17908
830 76506 80561 29 145636
831 76514 97606 112 1021927
832 76564 79797 28 30877
833 76625 79102 101 92314
834 76627 78404 89 94277
835 76686 88815 68 171721
836 76795 89203 21 67840
837 76942 80829 77 252606
838 76971 82628 6 6191
839 77049 80162 95 89615
840 77161 79282 8 6369
841 77196 77575 9 956
842 77222 83948 86 178958
843 77345 91793 121 392166
844 77662 98444 36 97607
845 77826 84066 76 217108
846 78041 78217 7 708
847 78066 78616 128 63365
848 78121 95235 18 102893
849 78148 90161 139 391901
850 78164 78577 40 4740
851 78244 81994 16 31054
852 78292 86169 15 41356
853 78428 79290 19 9879
854 78550 85271 125 211482
855 78658 93620 136 420343
856 78787 80496 54 38804
857 78910 80964 70 46210
858 79146 79589 56 10486
859 79223 81599 46 110921
860 79405 90138 10 49098
861 79441 88315 42 248978
862 79713 83483 8 16069
863 79735 85087 100 145089
864 79826 80072 94 15671
865 80123 81702 52 37288
866 80179 80584 25 4914
867 80259 80761 72 13137
868 80424 92123 70 484595
869 80602 85970 101 156545
870 80608 84635 140 177246
871 80689 89205 101 250709
872 80748 81724 44 11673
873 80857 88742 143 226973
874 80858 92634 123 624891
875 80962 89855 5 21438
876 80992 88121 37 54999
877 81090 94269 72 316731
878 81306 82151 25 9239
879 81307 97600 7 50079
880 81461 81520 19 465
881 81483 94489 23 346361
882 81594 94496 120 470053
883 81670 82388 90 22468
884 81732 90712 102 359018
885 81750 92760 88 210023
886 81818 81844 8 38
887 81819 83450 21 19997
888 81953 84701 19 11045
889 82242 85531 136 193871
890 82556 94494 19 68562
891 82762 85414 109 59988
892 82872 90897 129 465083
893 82961 87907 12 39297
894 82981 83736 34 15398
895 83094 85241 66 251181
896 83168 83453 27 6550
897 83175 87996 49 123383
898 83378 86221 49 43221
899 83488 85034 21 5333
900 83584 87482 7 6244
901 83753 94405 86 317645
902 83811 89738 59 145290
903 84374 86791 15 13127
904 84486 96046 77 238127
905 84506 85735 142 123866
906 84687 85659 139 93376
907 85018 88231 49 248087
908 85081 87100 47 20802
909 85169 87076 92 59211
910 85308 87903 13 16759
911 85412 88926 140 710097
912 85590 86195 115 24939
913 85601 85883 51 16872
914 85633 93326 138 1114264
915 85940 92397 65 159450
916 85963 90740 60 79603
917 86046 91697 41 47337
918 86059 87375 59 54105
919 86107 87148 60 39084
920 86175 95198 70 250384
921 86201 89621 6 7980
922 86234 91874 118 449060
923 86256 91686 63 325538
924 86300 93738 76 560130
925 86319 94617 31 71077
926 86361 87684 16 15698
927 86706 93531 97 131830
928 86961 91878 16 25808
929 87228 89646 54 89539
930 87285 94065 78 112894
931 87297 89200 28 16755
932 87538 89731 69 71751
933 87570 88169 68 38633
934 87576 98057 45 415731
935 87649 96760 21 84213
936 87714 91441 121 139538
937 87753 90071 6 6900
938 87772 96631 14 37482
939 88004 88739 103 56416
940 88041 95677 126 474749
941 88337 91932 22 70118
942 88376 89573 6 2615
943 88438 91032 40 58802
944 88458 91450 89 82388
945 88565 89170 6 786
946 88954 93779 24 36798
947 89185 92245 11 10224
948 89336 96381 92 168637
949 89369 94709 43 78820
950 89661 95019 12 39102
951 90197 97025 133 469289
952 90329 94127 60 203554
953 90516 92322 84 25654
954 90729 91082 62 13524
955 90757 99674 78 168917
956 90938 91858 7 2626
957 90994 91518 34 40806
958 91058 91474 134 117625
959 91121 93014 31 62206
960 91147 97466 8 31185
961 91209 91589 6 4833
962 91411 93177 130 185758
963 91546 92759 23 18198
964 91681 91963 58 7726
965 92063 95625 39 62468
966 92232 95247 8 9037
967 92406 94355 86 171861
968 92438 97313 38 494804
969 92466 93624 129 82714
970 92467 98399 19 47526
971 92590 97947 15 73438
972 92631 93342 55 45497
973 92817 98410 35 36835
974 92839 95177 12 20987
975 93073 93733 32 18373
976 93218 95708 45 73049
977 93334 93361 15 381
978 93551 98230 121 271787
979 93713 96915 127 101889
980 93814 99681 144 346658
981 93918 94543 52 7905
982 93981 95995 4 3090
983 94060 96302 41 22045
984 94427 99773 34 435947
985 94488 98982 39 244611
986 94807 95473 91 15014
987 95333 97797 51 93670
988 95371 96941 15 7081
989 95386 95681 103 24940
990 95955 98284 129 80804
991 96144 97898 62 61048
992 96222 96962 52 4778
993 96603 96635 67 2012
994 97186 97541 86 17827
995 97196 97807 33 23751
996 97442 99987 34 26071
997 97885 99190 44 75671
998 97975 99830 4 2640
999 98325 98862 93 26220
