50 1000 0.029
.............##.....####........###........#.###..
...#.........##..#....##.........#........#####...
..###.........#..#.............#...........###....
................##.##..........#..........##.#....
......###...##..##............###.......##.....###
......##....##................#........###......##
.......#....#...........###...###.....###....#..##
....................#...#....................##...
..................###.......##.......##....#######
..........#...#....##...##..........##.....#..##.#
..........#..##....####.###..........#...........#
..........##..#..#.....##....##...................
..........#....#.#......#.................#.......
.....#.#..#..####....#.....................####...
.#...######....#.##.###..##.................####..
###....###.###.#.#..##...###............#...##....
.#.......##........##.#...##....#.......#.........
........##..........####.##.....#...#..####.......
........#.....#......##.........#.####.#..........
.......#......####..............#....####.........
.......#......#.##..............##...#..#........#
.................#........###........#.........###
.........#............#....#...................###
........###.....#....##....###.................###
.......##.......##...###...............#.......###
....###.#.............#................##.........
..#####..##...........................##...#####..
..######.#.......##....................##...##.##.
..#.#..####.......#.........................##....
...###.#..#.......##............##.......#........
.....#.#..#........#.....##..............#...#....
...##..............#...#.#.........#....######....
..####........##.......##..#......######..#.#.....
..#####.......#..##....##..#.#.....##..#..###.....
.####.........#.###.##.#...#.###..#.#..###........
####.............####..#.#.#.##...#.....#.##.#....
#.......####......#...#####................####...
...........#..#.....#............##.......####....
.#................###..#...#...###..........###...
......###..............######.........##...##.....
.......##..##......###...#.........#.........#....
........###.......####..............##......##..#.
........#......##.######............###.....####..
........###.....#.#.#.#.............####...###.##.
........#....................#............##.###..
..#....##....######....##...###........#..#.......
.###...#.....###.#.....##..............##..#...###
..##...#....##.#.#....#................#..##.####.
..#....#..####..#....##.#.................##.###..
.....####.##........###...................###.###.
0 1 18271 19 94642
1 83 1920 23 4796
2 189 3513 52 66762
3 255 2848 91 76372
4 270 3416 62 46846
5 292 4063 13 20161
6 383 17166 5 19732
7 395 8715 89 277390
8 420 1517 74 34906
9 470 581 89 7502
10 536 1791 5 1844
11 537 3289 25 26386
12 597 8305 98 516519
13 920 3529 61 98398
14 1092 2673 16 8791
15 1131 4669 144 330946
16 1148 2104 89 89934
17 1193 3198 12 20669
18 1295 3958 59 47391
19 1393 2169 128 34374
20 1466 5842 68 147739
21 1537 2711 59 24232
22 1557 11354 24 93298
23 1730 6515 42 55892
24 1869 3114 14 5631
25 1940 2031 144 6672
26 1998 4855 19 25915
27 2046 2602 46 12788
28 2174 2191 144 1778
29 2406 8529 74 112968
30 2455 9850 102 288196
31 2505 14385 25 69469
32 2545 6866 143 494563
33 2757 19823 65 381153
34 2781 10241 118 388025
35 2849 3750 110 22769
36 2850 3940 63 13594
37 2905 4892 39 25574
38 3000 11113 124 314390
39 3027 4174 21 6614
40 3032 9967 116 367466
41 3123 4756 7 2766
42 3235 28811 33 412603
43 3397 4839 7 5069
44 3461 3803 99 39370
45 3503 5378 6 4161
46 3509 5839 14 8750
47 3737 9013 10 48672
48 3786 8756 41 84218
49 3813 4069 102 15757
50 3887 5182 62 15746
51 4003 9245 5 3411
52 4008 7823 46 65090
53 4049 4091 95 3922
54 4123 7672 49 35395
55 4259 10343 6 23088
56 4327 10220 66 124896
57 4673 13897 75 255143
58 4711 7495 72 171877
59 4880 9124 19 33302
60 4928 5514 125 41964
61 4955 8966 118 218647
62 5361 8767 37 80218
63 5381 12160 58 247057
64 5421 12280 31 69187
65 5436 8420 38 73392
66 5512 14056 18 48319
67 5520 7122 11 6186
68 5547 14982 11 37137
69 5576 6422 31 8918
70 5882 17388 5 75359
71 5888 11400 7 18711
72 6065 6440 37 7329
73 6300 6800 5 749
74 6330 11721 117 219352
75 6355 15535 40 81215
76 6508 13565 129 263673
77 6779 16116 101 361050
78 6869 12696 67 100766
79 7084 7375 51 5583
80 7113 7268 113 12368
81 7124 18403 49 83697
82 7144 7651 54 22724
83 7210 15616 68 289339
84 7222 15842 13 29855
85 7354 30366 117 1146134
86 7377 13334 6 25335
87 7427 13398 37 67434
88 7574 7720 102 12526
89 7639 8560 5 2879
90 7873 10813 111 114376
91 7979 28799 32 163261
92 8115 29036 103 563151
93 8181 20763 89 263480
94 8184 10612 41 38502
95 8240 8889 48 11898
96 8381 15356 41 61793
97 8694 12818 14 14550
98 8945 14355 64 146756
99 9066 24072 45 337901
100 9140 22246 57 654305
101 9184 9436 18 2573
102 9197 11064 56 167926
103 9470 11704 19 44305
104 9508 12640 6 7638
105 9550 10073 15 2614
106 9591 21452 9 14675
107 10136 10795 140 8405
108 10143 10699 15 2318
109 10303 12505 123 99712
110 10310 11522 47 22118
111 10320 16788 112 335094
112 10324 19285 115 227463
113 10342 12594 146 197637
114 10386 11022 53 24100
115 10516 25363 50 203208
116 10628 12479 76 99728
117 10693 21275 85 372391
118 10792 12082 34 38510
119 10971 11863 8 1780
120 11072 16708 66 207884
121 11084 11991 40 34553
122 11095 29854 16 138376
123 11461 15817 92 360294
124 11488 14909 8 5345
125 11611 13945 92 106482
126 11706 23276 110 288155
127 11751 12212 28 8070
128 11778 16053 57 120260
129 11856 14638 26 36231
130 11878 12654 91 38037
131 11898 38751 19 110432
132 11946 12026 57 4104
133 11970 13846 115 79510
134 12006 13908 46 61965
135 12043 17469 26 71206
136 12084 13309 19 35977
137 12261 24316 26 56478
138 12270 19948 11 33590
139 12275 12805 7 8249
140 12410 25381 35 318122
141 12533 24796 121 406115
142 12680 31179 7 94833
143 12689 15380 31 26155
144 12711 13756 5 3018
145 12742 15526 12 16247
146 13195 22584 44 278793
147 13349 16590 56 81341
148 13423 16519 21 13986
149 13428 14219 7 1505
150 13543 17644 28 38837
151 13592 14930 127 134421
152 13680 15487 13 15449
153 13811 16592 11 12498
154 13942 18457 67 69135
155 14057 14367 43 9782
156 14105 14594 38 8113
157 14137 16214 14 12791
158 14162 15260 56 74441
159 14386 14743 109 20235
160 14389 32326 86 416960
161 14453 15978 9 5503
162 14508 24752 54 534356
163 14525 17056 43 62593
164 14534 16028 52 22029
165 14559 17927 107 128818
166 14671 16588 90 79053
167 14693 16466 16 7158
168 14766 14878 12 511
169 14796 19494 22 124558
170 14800 16350 74 82030
171 14902 17947 9 11621
172 14966 20512 123 191944
173 15022 17393 54 97821
174 15028 15723 96 47596
175 15057 19243 76 494870
176 15201 19696 33 29513
177 15336 22827 47 98627
178 15412 21446 75 272781
179 15542 16739 111 20071
180 15666 23681 11 209659
181 15920 20521 139 256655
182 15962 26548 33 151328
183 15980 16039 57 5834
184 16131 17216 9 4753
185 16143 18606 88 343099
186 16207 18708 84 92721
187 16385 18206 63 44641
188 16421 17010 35 15146
189 16671 18179 55 9592
190 16826 23605 15 28906
191 16875 16912 119 2934
192 17281 24421 76 126570
193 17492 24506 16 109444
194 17512 22233 111 430558
195 17513 18621 44 36323
196 17799 21997 74 255603
197 17857 23007 121 139923
198 18029 20419 69 69290
199 18133 24095 6 15747
200 18183 25925 39 65473
201 18202 33315 21 127902
202 18212 26110 55 277631
203 18223 18852 42 13455
204 18302 25403 31 61895
205 18422 19305 20 18905
206 18430 21564 5 13199
207 18588 28825 13 82399
208 18593 22917 47 81874
209 18767 25763 62 171563
210 18835 24087 16 33292
211 18867 19458 24 5261
212 19006 24265 145 344402
213 19041 19213 70 6457
214 19186 23116 66 87191
215 19198 20644 72 44157
216 19254 23830 6 23017
217 19361 30132 57 333313
218 19417 26533 87 203921
219 19433 37564 32 168929
220 19489 23284 113 203266
221 19663 32668 121 203255
222 19711 30963 31 180284
223 19719 21390 23 18270
224 19777 22479 8 10629
225 19802 21834 108 210764
226 19807 23202 36 52934
227 19881 22967 14 31771
228 20094 20154 55 1091
229 20123 24732 121 130342
230 20188 23037 16 24261
231 20226 22407 122 106669
232 20297 24746 122 96067
233 20382 21980 97 220283
234 20421 22737 59 141365
235 20467 20584 108 13979
236 20504 20552 35 1444
237 20531 21539 39 14763
238 20564 22908 130 138446
239 20847 21314 26 7890
240 21183 21897 147 72063
241 21336 28360 6 21527
242 21447 33047 126 1251605
243 21494 23482 22 31495
244 21613 22161 126 18254
245 21646 24449 38 28674
246 21670 27672 112 1179049
247 21718 21981 116 40030
248 21830 28685 62 193135
249 21853 21903 96 3950
250 21869 22972 132 42199
251 21895 26181 28 93134
252 21940 22019 39 1559
253 21998 24166 17 35616
254 22010 26462 8 17317
255 22030 24631 61 84240
256 22095 35547 32 352302
257 22108 26286 105 258552
258 22125 26933 13 15386
259 22166 24759 102 154261
260 22293 35524 23 226963
261 22320 23068 89 86129
262 22357 24795 75 178124
263 22376 25110 108 123069
264 22394 41717 25 124329
265 22447 23787 21 9494
266 22457 29530 9 20042
267 22528 27856 51 133093
268 22681 29048 29 193928
269 22685 29265 37 121026
270 22879 29552 20 67219
271 23009 23865 35 11049
272 23105 26767 120 112409
273 23120 26071 120 126375
274 23325 29813 37 119946
275 23371 25604 23 19589
276 23465 24946 28 22661
277 23531 27816 27 31297
278 23566 28961 27 51813
279 23583 24486 53 45836
280 23625 26145 13 8671
281 23790 39697 85 352718
282 23961 29285 41 103745
283 24020 24352 99 11199
284 24217 25219 126 102327
285 24225 25908 9 5058
286 24389 29350 106 219354
287 24402 31311 73 125084
288 24445 26190 100 116451
289 24470 34527 117 332992
290 24498 27437 89 168628
291 24579 26245 54 75529
292 24606 45721 15 123144
293 24846 25612 5 2237
294 24859 32374 91 135551
295 25288 31086 138 119859
296 25479 27102 39 14295
297 25496 28485 145 187647
298 25498 34424 17 25443
299 25509 32058 46 55203
300 25779 26185 20 1640
301 25910 27742 5 3332
302 26130 33274 20 33073
303 26198 27091 6 20797
304 26218 29875 22 28962
305 26340 31336 103 280270
306 26344 29144 100 79723
307 26467 28147 141 139275
308 26638 27123 41 19012
309 26665 38151 58 125774
310 26727 28624 19 11145
311 26833 34168 98 104991
312 26843 39114 4 23304
313 26869 33237 5 9010
314 26995 29172 74 77819
315 27093 35182 15 40624
316 27141 29801 7 5194
317 27614 29175 43 71590
318 27617 35618 30 71036
319 27619 31838 39 36297
320 27640 28730 132 96957
321 27793 34708 17 33308
322 27830 39720 8 22407
323 27935 28003 16 535
324 28096 30194 118 313250
325 28262 31475 128 264511
326 28325 33133 144 473351
327 28355 36744 18 48539
328 28548 29532 126 90147
329 28786 34753 46 158310
330 28843 31176 91 331946
331 28897 29180 17 1793
332 29213 29476 7 767
333 29242 35697 36 114668
334 29310 31697 16 36289
335 29369 31794 16 13483
336 29372 30104 48 13196
337 29399 33337 91 128980
338 29521 38022 121 1001904
339 29533 34254 74 92074
340 29679 34841 125 562238
341 29706 34524 26 82171
342 29995 37913 39 43323
343 30029 36120 65 157415
344 30391 32255 63 46229
345 30595 32861 149 268732
346 30624 34347 5 4486
347 30661 31263 76 29198
348 30698 32096 123 119145
349 30715 42257 139 896849
350 30844 54127 15 21217
351 30858 42399 7 92545
352 30984 35436 21 54914
353 31222 40619 113 312857
354 31239 36934 58 95000
355 31248 35759 44 33392
356 31295 32342 13 3277
357 31423 46741 89 369082
358 31464 33168 31 60975
359 31501 34320 34 57921
360 31808 51630 67 413759
361 31884 46025 145 658465
362 32172 39205 115 776874
363 32504 38701 14 58526
364 32816 35070 131 126108
365 32903 42366 123 413331
366 32926 39814 71 194846
367 33006 37815 20 37127
368 33033 34038 78 30947
369 33089 34032 9 3996
370 33131 46677 24 518566
371 33146 41773 142 477283
372 33186 34850 10 9096
373 33351 39854 126 320478
374 33389 47478 43 88571
375 33589 33718 100 17709
376 33600 38716 111 98504
377 33657 52146 14 93847
378 33704 35967 53 85796
379 33818 42893 4 21162
380 33866 33897 129 2588
381 33925 39254 74 267294
382 34190 35725 46 36573
383 34217 36893 4 8405
384 34263 35315 13 2828
385 34277 37896 9 11878
386 34354 36809 19 29276
387 34588 35380 73 23519
388 34594 35148 116 42705
389 34731 38837 20 29982
390 34744 36388 79 39164
391 34887 52448 139 713379
392 34906 35839 34 19610
393 34924 58473 6 41340
394 34977 40157 89 132462
395 35125 35482 96 10118
396 35243 37881 30 27836
397 35401 36423 139 64213
398 35402 39745 129 380248
399 35426 39376 146 642346
400 35763 43418 28 92879
401 35818 50606 58 395873
402 35843 37127 55 49638
403 35893 40812 102 566840
404 35955 36151 35 2995
405 36082 42354 47 166091
406 36137 50586 11 30481
407 36497 39377 149 164735
408 36628 47377 6 20550
409 36654 42185 26 39250
410 36727 39078 68 26012
411 36905 40863 5 10431
412 36919 48265 27 129487
413 36951 43955 34 118168
414 36977 37260 87 15879
415 37160 37855 138 46611
416 37231 47023 8 54834
417 37513 39694 118 73536
418 37851 39791 43 42740
419 38166 44001 83 110165
420 38205 39057 94 77229
421 38234 44463 71 30353
422 38776 43985 135 803261
423 39146 49521 55 152853
424 39150 46247 51 84856
425 39156 40036 28 11099
426 39221 58607 9 128317
427 39361 51309 59 308581
428 39380 45394 37 262095
429 39477 42869 12 14286
430 39564 49113 134 1009445
431 39684 41788 59 62396
432 39800 42216 13 18339
433 40080 44370 26 106808
434 40191 50454 54 204576
435 40262 43506 19 132596
436 40370 40772 37 9211
437 40436 49467 68 264919
438 40483 41049 7 2353
439 40500 46431 100 257016
440 40601 44269 7 6248
441 40643 46527 4 4332
442 40661 52833 141 1002180
443 40836 42575 128 109005
444 41004 46591 32 44510
445 41120 41712 35 8177
446 41138 55267 109 641819
447 41164 45475 47 180034
448 41196 50585 85 184507
449 41326 62440 139 969558
450 41385 41750 9 1196
451 41446 41522 94 6024
452 41579 49786 150 484795
453 41642 46493 83 178158
454 41745 42927 76 71623
455 41895 71132 75 933577
456 41937 47117 59 76233
457 42063 45513 16 71926
458 42116 48168 71 199519
459 42406 56405 8 41146
460 42611 53284 78 146773
461 42688 43525 14 8320
462 42734 49260 52 194724
463 42804 43867 24 15777
464 42947 42950 75 241
465 43179 44346 9 7066
466 43192 44408 23 12591
467 43201 44147 53 13786
468 43411 45739 27 11269
469 43490 50362 120 298860
470 43568 45954 97 91624
471 43583 67029 128 1393348
472 43609 44384 73 46717
473 43615 55526 41 327532
474 43782 44736 80 39912
475 43792 44007 42 3859
476 43811 44573 5 1726
477 43838 44387 14 2017
478 43891 50029 121 351545
479 43903 52076 78 560329
480 43920 51365 16 43143
481 44120 57967 70 145006
482 44206 44847 81 18665
483 44270 45811 6 5491
484 44423 47164 11 42450
485 44466 45807 9 3975
486 44567 46509 10 11343
487 44600 45596 148 77336
488 44748 48771 20 56618
489 44759 52318 24 35630
490 44965 60465 83 692440
491 45005 51845 80 175314
492 45045 56649 44 348336
493 45257 47768 43 109989
494 45346 50213 36 51042
495 45387 47452 91 103110
496 45499 46970 104 91544
497 45551 47775 98 148316
498 45607 50085 67 84698
499 45656 55118 18 71500
500 45678 49936 128 173081
501 45741 52900 44 39227
502 45821 47656 111 59773
503 45939 84983 140 1758828
504 45975 47134 53 30930
505 46008 52432 64 182609
506 46127 47129 106 102462
507 46146 54754 52 107449
508 46226 46717 67 21345
509 46360 49547 12 54499
510 46626 48656 23 23165
511 46715 55470 42 157837
512 46745 54168 100 474021
513 46832 52671 13 35263
514 46891 51802 41 60004
515 46893 50500 78 179778
516 46895 55548 44 349915
517 46916 63985 86 458251
518 47216 48896 5 1106
519 47219 48815 5 11919
520 47340 49795 111 68857
521 47450 47995 18 5944
522 47458 48293 105 21124
523 47463 50758 7 6293
524 47596 50172 79 34463
525 47762 51055 145 117016
526 47952 60479 40 504789
527 47961 49888 31 19514
528 48034 49343 94 89922
529 48126 55340 98 270265
530 48381 53565 32 58266
531 48495 49070 72 64367
532 48704 50073 55 130313
533 48909 62288 34 177417
534 48939 51686 145 231899
535 49077 50171 32 14643
536 49183 54891 89 150146
537 49421 49681 38 16278
538 49642 51771 79 42658
539 49716 61652 123 299522
540 49747 50529 4 2144
541 49771 57742 8 31381
542 49989 51587 96 80459
543 50023 67467 19 138215
544 50144 51462 115 117849
545 50236 52700 81 96355
546 50251 50634 60 13626
547 50292 50894 11 4242
548 50350 51741 98 51228
549 50395 52869 112 92054
550 50414 53199 123 142337
551 50437 53003 39 68747
552 50679 62894 61 609626
553 50850 59237 51 712711
554 51061 56244 141 843543
555 51136 66781 64 220407
556 51151 59730 54 324048
557 51155 55019 5 8187
558 51470 52258 54 38489
559 51600 53681 20 49354
560 51674 51837 55 7959
561 51709 54934 145 267611
562 51747 53296 126 319787
563 51762 52031 12 1252
564 51959 53159 38 45083
565 52005 52935 62 54435
566 52121 52505 100 13483
567 52293 53782 80 61442
568 52333 60098 53 173468
569 52500 55857 45 45849
570 52511 56330 128 112949
571 52539 53151 91 59484
572 52614 57094 44 39858
573 52913 63528 143 867783
574 52978 78502 23 170550
575 53082 64818 107 1822894
576 53144 72002 6 27566
577 53239 57303 88 136387
578 53405 53984 56 17205
579 53486 59004 116 119290
580 53626 61737 6 20715
581 53836 58157 132 123156
582 53936 54413 55 4029
583 54103 54443 7 988
584 54124 68517 18 130387
585 54145 68435 92 511381
586 54152 58960 71 196515
587 54276 65822 134 430409
588 54568 55370 9 4469
589 54605 64599 124 324766
590 54614 61692 6 31099
591 54635 55377 15 5430
592 55052 69225 26 144490
593 55206 61971 61 154844
594 55664 56458 16 5718
595 55667 55917 56 7025
596 55770 59659 11 13210
597 56125 61083 14 35287
598 56340 70538 23 188663
599 56363 56747 19 4392
600 56390 60881 47 210382
601 56635 58085 11 7551
602 56687 57658 85 65799
603 56748 65571 27 74555
604 56806 59374 7 8018
605 56833 60896 88 238157
606 56925 58521 124 250504
607 56929 57527 132 32093
608 57030 61187 117 293178
609 57351 58795 35 16187
610 57367 59776 43 25526
611 57753 60001 83 55116
612 57942 62615 99 164517
613 57962 87852 58 1553555
614 58169 62874 50 48946
615 58297 64010 48 157328
616 58333 69072 17 37242
617 58370 60519 84 70923
618 58526 59930 102 210922
619 58628 61313 31 38131
620 58783 60622 136 240370
621 58859 66987 97 468866
622 59043 59974 87 23988
623 59091 61228 130 69824
624 59150 65481 95 217987
625 59418 62650 110 124608
626 59673 67132 59 89000
627 59760 65412 9 10243
628 59988 60648 6 1492
629 60032 62003 71 52058
630 60068 61339 53 29113
631 60120 65225 57 151878
632 60288 63076 16 49365
633 60301 69501 31 43993
634 60541 76827 4 18275
635 61090 64745 131 243528
636 61200 64219 127 476462
637 61207 72990 38 210807
638 61330 82586 106 1005175
639 61415 69346 24 276792
640 61499 63105 82 97652
641 61502 64592 11 21165
642 61703 64870 82 112561
643 61940 63494 114 76803
644 61957 65961 119 295896
645 61962 62775 30 5772
646 62036 73061 132 231001
647 62111 68846 53 179693
648 62133 64971 18 11879
649 62191 69190 12 35583
650 62218 63829 94 74232
651 62280 66008 144 368669
652 62542 62807 131 49475
653 62549 64171 6 7686
654 62809 79366 15 71396
655 62838 63788 89 26451
656 62853 63613 147 78112
657 62946 64913 83 54312
658 62949 63129 149 13220
659 63260 63718 26 4839
660 63345 65720 30 26824
661 63353 65488 105 85368
662 63477 77528 141 699939
663 63487 65896 11 11055
664 63538 89043 98 418946
665 63551 65705 36 15459
666 63638 65874 21 22746
667 63679 63791 50 4711
668 63774 91792 47 704559
669 63777 70088 52 145075
670 63786 66093 59 61570
671 63895 68685 98 201579
672 63988 65324 59 39210
673 64011 75362 9 23527
674 64081 69080 84 370352
675 64217 70637 22 56462
676 64224 69191 71 156572
677 64323 65239 127 87931
678 64338 65739 11 3738
679 64583 65799 70 109102
680 64729 67965 134 152934
681 64794 65003 11 386
682 64795 74128 83 519809
683 64841 74367 120 804670
684 64947 68119 124 115348
685 64949 86483 36 201169
686 65063 66450 23 9427
687 65094 70404 23 21412
688 65219 65520 13 848
689 65303 71428 72 143457
690 65308 67695 33 98262
691 65489 65586 93 10278
692 65615 67102 11 6983
693 65735 66124 71 23104
694 65743 76897 92 462480
695 66067 76367 84 207139
696 66088 67342 143 228978
697 66105 67412 28 48282
698 66135 75191 65 354565
699 66252 69051 104 248494
700 66529 68617 66 36689
701 66562 67466 85 49506
702 66658 73826 77 150152
703 66662 83386 59 149207
704 66708 70251 66 40596
705 66819 66990 89 6924
706 67098 68518 28 34865
707 67137 93366 24 105172
708 67313 76031 134 439514
709 67387 71757 24 36053
710 67403 69798 114 164795
711 67624 71756 15 33355
712 67661 79257 145 986458
713 67733 80018 83 530816
714 67817 73640 128 1366590
715 67891 73362 11 38908
716 67894 73671 80 120785
717 68005 71393 43 76209
718 68050 77010 12 58317
719 68322 70054 14 13217
720 68405 70245 72 58328
721 68598 77809 23 46264
722 68649 71664 142 422076
723 68742 81404 14 65408
724 69060 71813 61 105568
725 69145 73248 42 118938
726 69352 72572 127 423953
727 69406 73228 90 128896
728 69542 78581 65 102139
729 69567 70004 139 30251
730 69630 70108 43 17590
731 69792 74638 61 190520
732 69913 70342 76 28187
733 69990 70881 4 3716
734 70213 76053 137 357835
735 70289 72043 31 8596
736 70294 74050 98 112025
737 70320 70978 29 29606
738 70326 75053 49 128609
739 70463 70726 24 3604
740 70720 75078 91 196441
741 70795 81282 9 26634
742 70922 93787 62 1709747
743 70960 74377 46 37535
744 71232 73658 22 18740
745 71318 73877 16 8919
746 71504 76778 89 90883
747 71638 71769 44 3167
748 72038 79047 40 130490
749 72065 80207 18 186486
750 72154 75184 90 87890
751 72209 75907 51 44605
752 72218 81367 19 114215
753 72523 86459 143 773959
754 72610 73208 13 3829
755 72905 73169 12 3151
756 73134 75729 5 5454
757 73138 74311 30 44899
758 73163 73397 9 4484
759 73368 77562 10 30363
760 73590 74556 31 32076
761 73706 74682 78 19960
762 73710 80812 102 484140
763 73812 74404 91 22020
764 73913 74751 96 41453
765 74091 80024 59 269665
766 74170 83276 77 212909
767 74263 75786 54 36719
768 74381 75739 33 22200
769 74531 80740 9 8056
770 74551 77154 117 168567
771 74923 79353 67 109099
772 75040 78418 4 2742
773 75080 79472 64 83980
774 75130 77223 14 8807
775 75274 79628 41 80048
776 75534 76184 80 73907
777 75666 87957 116 824839
778 75795 79717 35 51079
779 75841 77372 5 7566
780 75842 78898 122 290556
781 75902 77124 41 19578
782 75946 83326 111 524175
783 75947 79694 129 198542
784 76038 80407 131 302331
785 76146 77431 106 55738
786 76182 87332 39 166172
787 76208 76414 69 5947
788 76425 84336 31 30927
789 76485 82847 38 114130
790 76652 91910 34 242025
791 76692 83184 26 70250
792 76742 80095 148 305423
793 76750 84681 12 14290
794 76888 78367 8 7814
795 77002 80279 27 46344
796 77003 82883 132 222218
797 77016 80088 99 151892
798 77029 77292 106 14686
799 77062 77163 51 8277
800 77135 80791 38 131106
801 77517 92711 74 344817
802 77583 94672 64 419720
803 77587 79974 71 96210
804 77615 78826 132 70498
805 77953 79593 13 8695
806 77983 80545 89 58438
807 78040 84922 6 12063
808 78152 80387 30 12871
809 78167 78713 14 6312
810 78190 82861 50 69922
811 78232 86552 102 285292
812 78276 82006 22 27235
813 78389 83724 16 36695
814 78455 96861 6 19879
815 78493 84371 57 148540
816 78544 79608 20 16170
817 78606 79649 103 41366
818 78865 89395 36 92549
819 78879 91509 14 59713
820 78947 83504 76 155111
821 79098 79336 146 11123
822 79215 87063 90 272060
823 79604 80612 84 127428
824 79701 94106 143 753186
825 79878 92911 90 385467
826 80168 82518 12 7995
827 80191 87226 13 57359
828 80260 99174 71 223176
829 80404 81002 12 4537
830 80420 82573 113 57763
831 80536 83469 6 5514
832 80578 97549 8 75978
833 80597 82642 41 19647
834 80731 84517 42 26763
835 80815 85471 46 219303
836 80819 81421 21 8604
837 80898 82922 101 56434
838 80935 96532 78 493801
839 81047 85447 12 59126
840 81137 91544 20 100977
841 81172 81426 19 1911
842 81176 86999 23 37080
843 81181 85969 25 44754
844 81185 87982 7 22644
845 81308 85214 7 8266
846 81452 84150 10 9909
847 81639 85021 113 74974
848 82005 82479 138 49815
849 82232 88340 104 246337
850 82563 84234 9 5155
851 82609 84883 44 55113
852 82656 92997 11 91741
853 82851 82853 18 43
854 82865 84613 15 10992
855 82981 90537 129 547299
856 83226 90328 77 127164
857 83564 86033 24 27462
858 83838 84589 56 6610
859 83854 93626 108 146661
860 83899 87373 14 22672
861 83929 85321 30 11576
862 84151 84833 65 44794
863 84180 88268 25 86298
864 84199 88510 144 143095
865 84276 90898 15 118995
866 84451 95282 37 223373
867 84688 93169 61 269256
868 84776 85894 23 32794
869 84788 88099 55 95881
870 84964 95029 11 58015
871 85016 89707 29 56132
872 85031 86733 56 57717
873 85196 94901 85 455960
874 85202 86138 23 13434
875 85266 93225 46 73313
876 85272 96202 87 350744
877 85354 85621 23 2814
878 85550 85715 44 6995
879 85977 86763 112 14390
880 85987 90091 21 31324
881 86259 89053 99 117393
882 86407 88433 40 16227
883 86423 89699 106 210509
884 86440 86857 7 2990
885 86494 92282 93 151047
886 86513 89678 38 90126
887 86627 88591 12 11062
888 86677 87006 7 1093
889 86678 86944 81 9721
890 86696 95197 53 253491
891 86752 93719 30 92963
892 86806 87060 78 11467
893 86814 96235 39 193304
894 86917 98640 96 607097
895 86980 87917 33 8492
896 87003 90674 29 48764
897 87018 89685 8 7524
898 87056 87419 128 18458
899 87113 89333 20 7601
900 87183 89089 21 25755
901 87254 89548 137 126635
902 87350 93372 22 23970
903 87378 92939 4 11189
904 87379 97132 13 75406
905 87392 91061 49 445651
906 87524 92187 27 127926
907 87560 89475 9 8745
908 87729 89936 115 132984
909 87813 87965 47 4726
910 88040 89589 59 89470
911 88137 89111 11 5727
912 88251 96760 6 16866
913 88360 88379 19 1303
914 88412 95597 92 346609
915 88465 89521 124 52485
916 88532 99784 54 268172
917 88533 89349 5 1486
918 88600 91834 28 41601
919 88920 94747 48 168631
920 88962 92466 16 16138
921 89034 91308 26 58125
922 89278 94232 61 106073
923 89382 92404 50 102252
924 89391 92936 47 54036
925 89465 93355 114 149117
926 89505 97383 96 124562
927 89559 99176 39 247617
928 89592 95204 14 31227
929 89864 90743 22 8847
930 89895 94608 92 134355
931 90223 91041 149 54792
932 90257 93122 22 19195
933 90404 92119 126 116356
934 90425 91368 28 22276
935 90570 99303 67 459409
936 90969 96439 21 37280
937 91033 98831 122 268712
938 91055 94733 84 145999
939 91057 91715 81 14052
940 91232 96605 31 45288
941 91597 93111 33 16448
942 91633 93463 138 131872
943 91658 93231 150 111099
944 91779 93040 57 80769
945 91800 93360 138 194382
946 91846 97953 135 229459
947 91853 97213 77 514531
948 92221 94409 10 7927
949 92236 92270 86 1309
950 92441 95602 130 192726
951 92456 95616 42 56482
952 92575 97664 135 1244240
953 92752 99855 29 113370
954 92893 95052 14 15435
955 92954 99169 5 17654
956 93027 93756 23 8821
957 93177 99258 75 245972
958 93194 94523 51 83620
959 93406 94864 111 103573
960 93479 94327 26 4669
961 93723 99547 76 142439
962 93820 95314 119 162057
963 93846 94166 39 9235
964 93974 96871 35 58064
965 94023 98239 42 30907
966 94134 98027 106 316874
967 94172 95778 15 11399
968 94231 95435 51 33021
969 94364 95551 120 164401
970 94555 95955 106 52422
971 94810 95059 34 6229
972 94843 98796 10 12593
973 95009 96895 133 126725
974 95047 99128 25 70397
975 95236 97294 108 83778
976 95261 95960 42 8526
977 95335 97728 96 82815
978 95336 95786 79 48413
979 95377 96733 63 46108
980 95601 98752 9 5055
981 95989 99426 142 102177
982 96129 99884 32 61384
983 96247 96441 129 14722
984 96490 99430 33 164445
985 96639 97803 40 29122
986 96892 99714 8 8157
987 97123 99891 112 246088
988 97229 97487 20 2608
989 97247 97632 12 1451
990 97462 97902 24 4116
991 97733 97768 16 199
992 98131 99664 60 91149
993 98188 99376 108 117902
994 98253 98694 99 6169
995 98310 99124 15 3304
996 98401 99690 125 37531
997 98565 99021 25 8271
998 99075 99864 86 47164
999 99821 99994 10 2093
