50 1000 0.023
..#####..###.........#######...##..#..............
..#.###..####.......########.#..####..............
..#..##.#####........#######.#...###..............
....#####........###########.#..#####.##..........
...#.######.......############..#######...........
...##.######......#..#...####.##.#########........
...#####.#.##........##..################.........
.###.######..........#...#..##.#####...#..........
..#########..........#..#########.#####.#.........
...#..##.###.........#..##..####.########.........
.....####.................################........
.....#.###.................#####.#.#.####.........
.............................##...####.#..........
..................................######..........
......##.....#...........##........#######........
.......#...###..........####....##.#..###.........
......###.#####.........######..####...#..........
.......##.####........#########.###...............
.......########......########..####...............
......##########....###########.#.................
.....############......############.##............
......##########....####.##..#########............
........##.#####......##.##.###########...........
......####.#######.....##..###########............
......#############....#....###########...........
.......#.#######.##...........#########...........
............####.#...........#########............
...........######...........##########..#.##..#...
...........###.###.........##########..#####.##...
............##...............#.#.###...#########..
....#..........................######...#.######.#
...##.#...#.....................#.......#.########
########.###............................##########
.###########...........................##########.
..######.####..........................#.#.#.##...
...##.#######.....................###....#######..
....########....................######.#######.#..
......##.#.#................##.##.########..##....
...........................##########.###.........
.............................#########.###........
............................##############...##...
............................###############.###...
.............................##################...
..............................##############..#...
..............................##.##########.......
.................................########.#.......
.................................###.#............
.................................#...##...........
.................................#....#...........
..................................................
0 0 7132 111 281771
1 144 8642 30 112379
2 232 3336 13 8766
3 246 10841 45 96948
4 250 808 65 22765
5 313 5728 63 410493
6 322 14633 62 750322
7 388 2109 114 85399
8 439 548 51 1540
9 551 2966 6 4408
10 591 6465 45 72869
11 634 1191 117 17314
12 707 5216 132 397771
13 716 3647 104 287754
14 861 2340 54 20632
15 862 2435 19 19924
16 994 3307 85 138909
17 1111 2230 29 19356
18 1123 4835 13 14146
19 1149 15119 50 197540
20 1178 4803 95 132172
21 1291 5706 71 155490
22 1301 7978 16 63085
23 1357 8808 122 368674
24 1469 9610 4 26220
25 1495 1764 74 15488
26 1717 10322 15 28219
27 1837 3199 49 20845
28 1899 6163 43 38645
29 2031 2694 59 26459
30 2052 12216 16 108799
31 2053 2423 116 47717
32 2087 13238 132 1077506
33 2443 22896 90 1041698
34 2470 13714 118 931377
35 2672 3964 100 68702
36 2689 6577 4 5174
37 2758 24672 5 17086
38 3018 8194 13 72024
39 3059 3783 19 9061
40 3125 13155 146 848305
41 3202 15451 20 65538
42 3231 4240 66 57304
43 3295 8225 14 22303
44 3442 9905 64 320094
45 3486 19034 100 1833053
46 3524 7179 127 239962
47 3727 3810 128 4391
48 3844 7055 8 7460
49 3852 10660 58 154037
50 3884 8088 12 25562
51 3903 16957 18 166312
52 3987 8703 5 16615
53 4031 8377 15 24895
54 4205 5977 22 8534
55 4238 12198 6 10112
56 4332 8317 58 219753
57 4438 8034 10 7548
58 4541 9184 91 198467
59 4845 9713 14 20773
60 5091 13873 14 96136
61 5118 8604 76 82811
62 5300 6578 86 56064
63 5375 5573 86 6964
64 5443 5632 28 4388
65 5589 6475 114 62530
66 5595 11238 47 209694
67 5597 8400 91 229203
68 5646 18297 17 215906
69 5717 16891 83 633414
70 5752 6508 51 24971
71 5917 13362 84 322387
72 5922 18208 80 532358
73 5989 6619 9 7890
74 6162 11112 8 32520
75 6214 8286 68 101878
76 6280 6611 18 2573
77 6291 15438 7 32588
78 6347 6627 7 566
79 6369 9607 132 145607
80 6497 9286 11 17327
81 6617 8404 129 49956
82 6820 7690 7 1340
83 6836 28723 145 1579177
84 6894 9928 54 121052
85 7208 7837 5 1680
86 7221 12767 66 268734
87 7268 12653 102 435562
88 7341 13696 147 671882
89 7354 9097 114 94898
90 7420 12644 10 17384
91 7457 16382 63 108905
92 7611 11101 47 44963
93 7725 8424 36 8301
94 7834 15256 127 428794
95 7851 22024 10 73418
96 7940 35377 38 502040
97 8032 25346 76 220161
98 8250 9440 41 15420
99 8350 13366 9 44182
100 8847 29367 99 714894
101 9047 12153 9 21684
102 9082 12606 26 72346
103 9164 11400 27 17752
104 9390 15386 128 336076
105 9503 19591 36 198325
106 9684 15563 128 380295
107 9725 10861 10 13802
108 9975 19939 109 255112
109 9978 10831 16 6080
110 10020 18362 128 444549
111 10101 10469 42 12977
112 10137 11042 32 20066
113 10139 18313 16 31099
114 10158 12524 10 8036
115 10169 20327 15 75352
116 10175 27466 60 262140
117 10295 10402 50 968
118 10359 13639 96 316961
119 10416 17861 29 106567
120 10439 26112 99 663698
121 10494 16480 30 94333
122 10569 13978 17 31372
123 10598 14446 116 128361
124 10645 18093 21 232350
125 10652 11121 68 14528
126 10657 22879 46 162034
127 10761 36177 24 257020
128 10839 13667 12 20406
129 10995 13841 15 20111
130 11179 24244 14 80736
131 11278 11381 52 3337
132 11330 19768 73 675482
133 11474 16656 148 557308
134 11533 13207 28 16410
135 11573 15117 87 158974
136 11679 17719 40 222457
137 11965 13107 105 65234
138 12109 16561 120 329308
139 12112 19892 148 389329
140 12169 17441 11 18041
141 12189 31184 37 267416
142 12207 15723 80 266233
143 12416 22788 19 57783
144 12561 20509 46 480781
145 12594 16932 5 12107
146 12605 12755 127 19673
147 12663 16215 21 55490
148 12726 17561 72 83680
149 12868 15783 27 86646
150 13072 18315 147 296387
151 13208 14291 149 86178
152 13296 25335 94 190038
153 13347 13484 46 4423
154 13445 35284 67 1052615
155 13763 19816 130 293721
156 13813 16959 113 64282
157 13957 42849 57 803756
158 13970 22571 16 51929
159 14041 14948 9 3707
160 14116 16027 53 48834
161 14122 15167 144 42055
162 14196 16682 75 39428
163 14279 23655 46 89686
164 14464 14859 14 9811
165 14734 15636 25 3783
166 14838 23421 44 207405
167 15182 29340 25 397703
168 15442 19542 16 30897
169 15471 18102 101 156027
170 15503 43870 32 411287
171 15688 16725 135 50771
172 15707 15944 103 13339
173 15724 20423 10 35703
174 15768 30682 58 307412
175 15824 17939 88 63637
176 15931 33620 11 53526
177 16043 16428 10 4493
178 16117 19752 65 53144
179 16227 16585 67 14016
180 16377 20396 110 407737
181 16456 17033 130 77937
182 16614 21291 13 22883
183 16757 17654 37 19393
184 16784 19298 12 7593
185 16829 17253 54 10136
186 16838 26129 43 68757
187 16847 24988 4 6360
188 16871 22913 58 298221
189 16885 18376 79 36603
190 16900 21546 8 17498
191 16919 22152 10 13007
192 17113 21738 47 293143
193 17126 19325 130 162635
194 17137 17747 6 1383
195 17190 21453 128 256157
196 17262 17345 23 1388
197 17410 19150 17 37634
198 17458 22077 33 174139
199 17511 26863 18 106243
200 17520 21728 10 26200
201 17591 18505 79 60041
202 17635 24878 6 12651
203 17651 32654 35 124210
204 17697 17893 68 8224
205 17758 27984 68 510432
206 17880 22632 25 73743
207 18018 26017 22 67466
208 18053 21597 120 120836
209 18125 20291 32 32946
210 18159 18203 40 1277
211 18237 22378 7 15067
212 18308 29289 18 81948
213 18365 24930 116 142612
214 18377 20158 116 91699
215 18463 20650 15 12796
216 18617 18742 46 3041
217 18628 27549 81 1371943
218 18730 24808 31 312623
219 18812 20273 88 38546
220 18870 19349 12 3796
221 18891 19893 88 54814
222 18913 36636 58 438244
223 19206 48277 58 706810
224 19327 22147 38 43219
225 19343 30220 8 25236
226 19381 23931 53 112969
227 19382 32811 21 90549
228 19419 32940 31 149605
229 19512 25396 57 212297
230 19559 20267 86 23102
231 19738 21550 97 114422
232 19961 20392 79 12198
233 20196 27176 75 581540
234 20197 30392 95 707850
235 20393 25091 39 116596
236 20409 22551 41 35382
237 20518 32815 14 98344
238 20624 29581 63 138153
239 20710 24506 58 82392
240 20731 21004 17 2137
241 20741 28688 79 136232
242 20815 27089 56 170826
243 20900 22489 51 36276
244 21007 30402 77 253934
245 21029 23407 77 69635
246 21056 21290 61 11476
247 21088 33769 100 614607
248 21206 31289 125 954508
249 21245 21304 80 4169
250 21515 27053 5 13461
251 21531 33251 13 86933
252 21640 31473 130 788148
253 21686 21718 41 1051
254 21740 22518 26 6826
255 21766 26261 6 20142
256 21810 24964 24 11710
257 22375 53374 41 708652
258 22495 28185 112 326351
259 22639 33007 41 175989
260 22740 25159 33 31518
261 22829 26777 132 176804
262 22965 26932 105 283120
263 23034 29065 21 52623
264 23120 27627 140 332416
265 23196 26385 60 91690
266 23265 24084 54 10062
267 23308 34560 70 687362
268 23412 24765 9 5323
269 23533 36741 41 225812
270 23616 35865 9 89165
271 23621 28836 78 230833
272 23714 27982 30 68635
273 23801 28183 122 115228
274 23847 25478 23 32386
275 24347 42034 9 82006
276 24489 26803 17 33784
277 24541 30633 132 697054
278 24677 30630 107 393529
279 24780 30823 105 236514
280 24854 25831 48 8867
281 24913 30835 70 268238
282 25006 31104 8 13717
283 25030 28093 4 3850
284 25092 38761 54 367528
285 25160 33159 9 59391
286 25275 27130 44 60947
287 25276 47267 145 1644493
288 25303 28770 71 126461
289 25320 26421 17 5991
290 25376 28375 95 56499
291 25572 49397 13 122624
292 25599 32321 54 402119
293 25690 29559 10 19128
294 25756 41416 56 216201
295 25876 26662 73 25850
296 26347 27103 108 57269
297 26499 33425 68 587831
298 26544 27188 40 18906
299 26713 29105 33 54983
300 26737 30494 5 5829
301 26795 47917 20 92847
302 26905 29252 127 257682
303 26917 33298 107 166851
304 27014 30123 81 98370
305 27111 28743 5 6712
306 27272 35016 5 9171
307 27406 41932 13 63598
308 27575 29371 128 171072
309 27653 48193 64 434058
310 27689 28414 92 31706
311 27856 29656 105 107999
312 27974 31311 21 72449
313 28011 29629 9 5560
314 28042 28348 11 2505
315 28082 28542 106 47119
316 28190 29470 5 2476
317 28197 31763 30 64890
318 28280 43404 19 78799
319 28285 30875 139 96099
320 28309 29315 100 64576
321 28666 38786 7 12979
322 28838 36572 129 728956
323 28853 35729 130 200079
324 29038 41267 26 155468
325 29112 30463 102 79726
326 29140 32488 70 94241
327 29169 34102 50 156758
328 29408 43745 147 715091
329 29611 34878 109 148745
330 29649 37754 14 80269
331 29810 40896 65 1137263
332 29827 39087 22 211016
333 30186 35665 83 193249
334 30297 35549 14 71248
335 30447 32264 44 20268
336 30486 35141 78 73734
337 30563 33171 27 58605
338 30599 35042 101 347439
339 30604 31520 116 66985
340 30712 32825 10 10120
341 30718 32816 53 59155
342 30764 61449 72 470952
343 30783 34041 79 74117
344 30950 31521 106 34031
345 30992 37796 92 116628
346 31466 36765 12 32689
347 31528 32657 7 12796
348 31720 36079 99 87089
349 31753 32971 11 9562
350 31928 36560 31 129525
351 32016 40870 36 85055
352 32035 43296 44 296743
353 32045 36458 128 251485
354 32083 34146 8 4576
355 32291 46473 6 15335
356 32303 35760 26 15347
357 32344 41026 81 220289
358 32416 47537 20 287605
359 32528 34932 137 115985
360 32608 39319 63 145695
361 32661 35943 16 39116
362 32714 33815 15 5895
363 32762 47091 70 170845
364 33092 38453 121 101028
365 33279 34569 96 50703
366 33341 51081 89 406121
367 33352 38094 76 215122
368 33417 37099 129 347661
369 33576 39239 13 13511
370 33608 36590 18 28100
371 33949 34841 32 20553
372 34024 34848 13 5753
373 34040 49288 5 21026
374 34092 38221 104 69083
375 34350 34795 108 14213
376 34596 35212 111 43652
377 34672 45374 31 76986
378 34726 35360 28 7087
379 34882 35692 93 45069
380 34925 41193 42 68799
381 34986 36276 63 46240
382 34989 47819 102 98429
383 35395 40145 45 107634
384 35472 45498 22 87356
385 35526 37812 38 54923
386 35596 37382 7 4759
387 35698 37072 128 44223
388 35761 38447 85 70340
389 35927 43813 102 520636
390 35991 41403 146 388438
391 36003 42474 19 209805
392 36085 38017 26 35620
393 36132 46977 5 28240
394 36168 44213 63 350132
395 36229 36649 123 48845
396 36297 42150 140 326354
397 36367 40495 83 158002
398 36460 47690 9 61286
399 36466 42771 50 206365
400 36484 40085 7 7704
401 36675 40621 102 190364
402 36681 38725 39 20669
403 36782 40927 142 368282
404 36787 43329 12 22240
405 36793 38833 146 48833
406 36819 39132 7 5624
407 36905 38751 18 13604
408 36921 38108 24 6786
409 36924 41286 14 23883
410 36936 42937 109 277662
411 36945 42653 14 16758
412 36952 41809 142 218637
413 37011 41227 27 46414
414 37100 37385 131 13371
415 37183 41544 51 104453
416 37245 40456 49 43162
417 37640 40154 63 77585
418 37652 64025 59 546951
419 37686 46269 28 133972
420 37704 38069 13 3125
421 37785 44366 53 111139
422 37799 39346 27 23939
423 37814 42075 22 21590
424 37854 44675 26 62909
425 37880 39564 122 160780
426 38138 38477 108 19991
427 38157 39230 40 12312
428 38263 41400 9 7454
429 38317 41185 48 81067
430 38360 39107 7 1551
431 38418 40679 71 31740
432 38457 41823 89 87234
433 38468 51509 145 821271
434 38488 40813 108 125336
435 38517 41054 87 79078
436 38553 46980 70 681956
437 38659 42245 31 31820
438 38764 54756 65 182064
439 38802 53777 115 206940
440 38890 46962 88 271081
441 39027 41368 14 2951
442 39084 45565 33 83125
443 39410 46384 26 167115
444 39492 48334 8 45455
445 39530 42631 150 146926
446 39574 42775 70 90181
447 39695 42271 24 36698
448 39775 46917 45 144452
449 40164 41436 76 34200
450 40193 43458 38 12461
451 40367 45009 47 83583
452 40607 45058 79 83110
453 40727 48951 65 84787
454 40774 50037 13 57021
455 40786 41889 10 6089
456 40951 43096 137 211444
457 41132 50979 49 348305
458 41392 45028 50 81265
459 41461 43063 55 25057
460 41472 44947 85 146795
461 41479 42902 6 5093
462 41522 41637 138 8740
463 41547 45590 69 25206
464 41697 45440 4 12252
465 41956 46877 108 224621
466 42064 48135 33 146842
467 42346 48987 9 79984
468 42353 43599 73 31380
469 42403 46390 64 111939
470 42504 43204 99 104214
471 42671 51277 29 61105
472 42806 53681 145 565867
473 42948 45390 86 101166
474 42963 52631 36 176264
475 43014 50009 28 150891
476 43025 44481 4 4652
477 43163 50960 15 20255
478 43325 48386 52 175123
479 43499 45827 101 82617
480 43511 45277 16 15162
481 43571 43928 23 6294
482 43644 44672 86 23979
483 43705 46051 77 36804
484 43727 45003 7 7644
485 43765 51257 48 101793
486 44004 58749 36 150128
487 44018 46867 89 64565
488 44147 51013 77 466547
489 44194 48115 136 280213
490 44320 46684 18 17556
491 44369 72541 35 966294
492 44377 50128 40 73684
493 44518 49630 100 122120
494 44775 46760 26 26127
495 45132 54815 97 984081
496 45196 46267 6 2898
497 45274 47959 49 80725
498 45343 48948 116 167081
499 45678 47084 136 99904
500 45948 51781 68 143897
501 46120 46211 34 1627
502 46203 48054 96 96380
503 46406 46490 8 267
504 46712 50783 72 164982
505 46759 49477 125 76484
506 46779 55963 46 179723
507 46785 59465 13 96642
508 46835 51220 134 260454
509 47239 72540 11 51756
510 47496 48426 67 48851
511 47682 61427 16 58977
512 47882 57274 29 64689
513 48097 52236 49 142178
514 48100 50925 41 55533
515 48188 49713 124 71349
516 48239 48543 54 6086
517 48370 52209 137 143418
518 48463 49010 64 13154
519 48482 51052 23 28498
520 48708 51589 70 114056
521 48715 52020 14 15580
522 48868 54317 10 8939
523 48907 49065 82 8233
524 48911 59140 30 71456
525 48923 51751 13 35920
526 49203 51880 6 8371
527 49238 54250 131 106336
528 49300 59943 18 158457
529 49378 80869 86 1392432
530 49443 49593 11 689
531 49600 53130 108 363814
532 49823 59851 83 116149
533 49972 51506 10 10828
534 49992 60178 6 16174
535 50223 53735 82 107900
536 50260 55780 147 263987
537 50367 57020 11 39569
538 50383 53310 17 13653
539 50537 59581 100 822628
540 50560 57389 98 376101
541 50980 57548 76 239056
542 51180 63576 6 12623
543 51241 55600 7 33427
544 51485 56618 58 69604
545 51490 53083 12 6971
546 51721 54022 9 17604
547 51741 51755 128 1369
548 51864 55176 56 138224
549 51875 52267 108 34063
550 51888 52081 85 19082
551 52184 52403 18 1408
552 52200 58660 88 540677
553 52222 54550 124 223883
554 52254 54607 142 166146
555 52456 59345 49 108709
556 52487 57092 53 81429
557 52511 69789 16 75198
558 52568 53847 5 2275
559 52574 52747 102 12154
560 52623 65997 146 674570
561 52650 64814 96 938919
562 52676 55979 51 117137
563 52680 53151 35 5158
564 52691 58827 57 204500
565 52693 57590 21 42614
566 52983 63659 9 146005
567 53056 56439 6 45716
568 53087 65933 46 91010
569 53107 61705 149 851248
570 53153 53743 97 79241
571 53234 53985 14 7552
572 53253 58536 88 78680
573 53261 65701 8 41448
574 53264 61808 134 246915
575 53437 65166 113 412187
576 53458 57446 43 48182
577 53502 53836 6 501
578 53572 59907 34 147450
579 53640 56500 51 51405
580 53652 57417 104 122533
581 53680 54695 94 34132
582 53753 60847 122 215971
583 53938 58194 118 428002
584 54112 54842 34 9451
585 54156 56232 119 244344
586 54192 58553 17 56100
587 54238 55361 7 13237
588 54245 55619 52 42855
589 54269 58236 56 84747
590 54288 57223 17 15404
591 54314 65669 38 123497
592 54358 66065 106 870438
593 54394 61453 4 8794
594 54462 66607 54 258387
595 54557 81110 14 123454
596 54574 58215 22 73167
597 54704 55692 74 26399
598 54770 68565 39 281750
599 54774 58978 121 236669
600 54881 59452 112 358809
601 55028 64590 67 445100
602 55034 56212 60 21302
603 55074 58967 80 123391
604 55240 56521 102 55694
605 55294 58311 138 510180
606 55546 56769 6 3190
607 55553 60121 92 858199
608 55789 60264 7 14158
609 55832 78037 39 378127
610 55848 55883 63 939
611 55875 60751 74 192730
612 55944 56944 71 58111
613 56016 56169 40 3875
614 56044 61337 17 64014
615 56140 59366 108 227383
616 56419 65077 108 258140
617 56478 72009 74 457418
618 56525 58819 136 336469
619 56581 56852 14 1246
620 56869 57636 38 6984
621 56880 66009 26 52027
622 56964 57296 48 7602
623 57054 66573 68 167748
624 57199 74138 5 38439
625 57330 57748 58 15239
626 57388 61275 21 45434
627 57470 69994 26 131526
628 57624 57824 107 13675
629 57635 58844 61 20010
630 58070 59897 91 148128
631 58094 63583 45 64934
632 58135 68841 21 164325
633 58220 82309 93 400762
634 58291 71958 87 119112
635 58497 61771 11 8949
636 58580 64140 28 79859
637 58796 61527 117 96584
638 58829 62384 101 186966
639 58885 70747 91 443469
640 58992 60653 139 196947
641 59103 60650 49 58433
642 59161 63028 88 81983
643 59236 60343 149 77027
644 59373 64030 26 87031
645 59464 62510 16 18574
646 59536 59871 5 1731
647 59546 60640 114 36568
648 59673 67621 69 145239
649 59715 68634 6 19476
650 59740 68114 12 26957
651 59788 61375 49 52616
652 59808 67423 28 59794
653 59916 68428 32 102839
654 59978 60210 127 15810
655 60123 62591 121 162944
656 60177 62190 147 70451
657 60234 65517 80 680066
658 60251 65075 31 62116
659 60484 82037 31 128315
660 60492 61958 24 23462
661 60733 74105 48 134214
662 61053 82147 28 427162
663 61216 68695 17 85717
664 61217 64173 30 23282
665 61526 67030 100 351719
666 61600 61710 129 15941
667 61693 64516 124 159060
668 61862 77789 93 480855
669 61893 63134 141 81378
670 62056 71588 49 299928
671 62089 78415 65 585994
672 62179 65691 7 14976
673 62531 72748 132 630232
674 62547 63582 14 3873
675 62558 66328 60 27803
676 62642 68920 8 42205
677 62656 68601 8 17193
678 62800 85979 45 708812
679 62838 65732 82 102053
680 62882 65627 6 13031
681 63031 70512 146 342697
682 63196 88903 5 193412
683 63246 64980 111 54419
684 63458 67975 118 222819
685 63548 70101 142 197614
686 63563 66355 100 148192
687 63657 90844 53 496164
688 63752 83620 13 177900
689 63822 66846 10 25144
690 63875 67931 60 337077
691 64153 66139 141 208016
692 64239 86975 59 1161975
693 64298 74677 109 1279903
694 64387 65696 68 84512
695 64560 65231 7 3424
696 64581 75330 29 277512
697 64615 66503 149 425690
698 64815 83189 23 170379
699 64881 70006 119 296100
700 64940 77380 15 75046
701 65056 65992 61 21906
702 65210 65434 83 6988
703 65266 78198 148 1575417
704 65282 66242 38 5942
705 65286 74488 107 2098135
706 65387 67524 6 8517
707 65442 83292 7 60850
708 65475 66728 147 73936
709 65518 66557 12 2941
710 65521 68802 55 247009
711 65572 74272 9 45350
712 65623 68511 58 63314
713 65657 65932 13 3025
714 65776 66501 6 2092
715 65863 77299 129 185928
716 66005 66691 96 38449
717 66029 73732 52 76940
718 66211 68981 88 71855
719 66620 69770 107 137331
720 66704 66941 104 19989
721 66787 85529 90 1468001
722 67001 82196 93 343367
723 67387 69226 5 2954
724 67480 68293 49 16094
725 67514 69904 15 19228
726 67533 71045 112 327281
727 67576 82090 40 185770
728 67771 69091 22 23709
729 67792 70788 97 209838
730 68003 76551 135 961634
731 68035 90582 132 1081647
732 68081 77427 130 354400
733 68397 71293 29 58130
734 68539 90033 23 326910
735 68718 72610 63 39475
736 68804 72608 38 73260
737 68861 69671 44 7989
738 68994 70351 74 72827
739 69008 74107 10 40131
740 69089 73238 12 23038
741 69245 77781 4 16081
742 69338 73469 5 10748
743 69409 80813 90 587915
744 69632 78224 77 455518
745 69693 72870 92 127095
746 69739 73388 34 324338
747 69785 78810 19 57768
748 69853 75046 75 355135
749 69916 84392 21 84013
750 69927 71144 54 51821
751 70140 73206 15 3528
752 70193 73940 147 282949
753 70223 72720 7 7539
754 70293 71530 94 59116
755 70433 71830 24 11786
756 70572 88750 14 333655
757 70640 70923 62 17835
758 70707 71582 24 21813
759 70722 71137 137 41704
760 70731 72915 132 152374
761 70773 71256 94 47614
762 70790 73285 30 49011
763 70821 72740 96 33537
764 70838 72671 64 49179
765 70877 75035 61 63791
766 70929 75215 87 311611
767 70949 78834 144 520502
768 71239 72210 43 30935
769 71292 74283 13 23481
770 71576 75506 5 22862
771 71634 81384 43 177706
772 71937 73682 91 18574
773 71975 75990 14 11742
774 71978 75057 5 6918
775 72096 76919 14 10906
776 72363 76792 125 238596
777 72366 75152 5 7059
778 72439 88311 83 513479
779 72490 73802 23 40242
780 72497 78549 4 4336
781 72503 74531 40 170509
782 72572 79500 104 185664
783 72624 80922 7 59034
784 72753 93638 33 76148
785 73056 78367 107 214798
786 73110 75948 99 141563
787 73270 83916 149 1434414
788 73282 84220 25 105073
789 73284 76016 122 695183
790 73781 79672 9 8597
791 74054 78974 7 12048
792 74121 81668 33 73614
793 74130 85859 138 1188718
794 74760 86723 32 100726
795 74787 81370 125 299826
796 74918 77176 137 147418
797 74940 76767 19 17858
798 75029 80226 73 67019
799 75044 78005 5 10427
800 75134 76951 47 23454
801 75181 91306 113 705921
802 75222 76507 84 57511
803 75392 78715 8 4001
804 75414 87949 72 525071
805 75430 78650 115 587665
806 75512 84140 134 350109
807 75670 78614 14 63855
808 75699 78548 24 65181
809 75817 91400 16 213125
810 75944 76952 24 13142
811 75998 79111 44 145455
812 76068 78583 8 21338
813 76163 77197 4 1496
814 76187 90161 8 40150
815 76272 83880 19 44783
816 76284 82277 48 60502
817 76376 82984 70 378041
818 76420 76541 16 1286
819 76553 79805 119 115121
820 76596 98799 102 881871
821 76648 78178 48 15659
822 76760 84123 6 15220
823 76937 80972 115 179320
824 76987 85873 79 237677
825 77025 84918 94 172230
826 77040 79857 26 60298
827 77096 86514 112 873205
828 77189 79757 8 6097
829 77359 80903 71 43464
830 77399 81763 135 141203
831 77564 81045 39 52361
832 77591 79597 122 65164
833 77829 87996 137 1631184
834 77860 85863 129 344567
835 77927 78151 18 2534
836 77985 79381 106 58010
837 78007 83790 46 123291
838 78091 78123 62 1708
839 78169 79515 6 6054
840 78177 79664 5 2208
841 78253 83072 48 44727
842 78394 79841 146 108962
843 78399 84778 21 45412
844 78752 79692 29 6474
845 78795 79513 61 21795
846 78835 92321 145 851551
847 78876 84850 102 95486
848 79011 81749 11 6220
849 79098 80102 146 74904
850 79272 88853 23 150635
851 79285 80707 143 101694
852 79300 87924 8 20212
853 79632 81414 28 49996
854 79651 83752 30 49805
855 79658 84776 73 151719
856 79808 83794 107 127916
857 79828 84703 44 95612
858 80145 94814 15 41823
859 80157 92545 28 106848
860 80201 82378 54 49061
861 80241 82440 59 73083
862 80242 80608 34 5636
863 80267 81630 34 14045
864 80424 81205 19 10492
865 80448 80525 25 2120
866 80497 81852 48 27214
867 80579 80847 148 29289
868 80611 96938 17 74071
869 80621 81407 5 1082
870 80747 99904 146 2104168
871 80756 86876 33 75027
872 80935 83814 13 21770
873 80961 84063 37 79802
874 80986 81448 65 17400
875 81047 83091 97 66598
876 81097 88740 50 82388
877 81151 82442 105 143703
878 81224 83993 10 20414
879 81332 87220 31 56370
880 81468 82162 54 25879
881 81480 97139 94 589451
882 81702 84896 38 140939
883 81704 83458 83 29220
884 81878 85214 11 12255
885 81885 92740 5 24813
886 81910 90752 50 194034
887 81965 84429 91 84403
888 82018 87866 43 134245
889 82155 83643 36 55139
890 82194 85825 50 63342
891 82311 86096 40 47943
892 82463 84433 119 105449
893 82559 84230 18 13430
894 82608 93872 19 70753
895 82697 85072 42 61488
896 82821 83274 113 20822
897 82851 98816 65 752595
898 83118 85243 97 130123
899 83353 86364 111 94917
900 83586 99871 70 298504
901 83614 91470 58 108262
902 83627 88094 80 198315
903 83984 97519 9 16941
904 84119 93988 83 351154
905 84315 85626 127 57929
906 84445 97964 144 1692196
907 84663 87913 95 114113
908 84770 88946 6 32402
909 84899 90145 13 20232
910 84998 87995 45 22197
911 85183 91812 17 38450
912 85407 88087 38 45858
913 85638 89535 46 117329
914 85652 86580 53 16407
915 85865 86509 143 34732
916 86043 94685 145 604755
917 86127 86202 10 337
918 86206 89543 59 104458
919 86225 93042 26 34411
920 86262 87142 100 69564
921 86356 93828 7 24674
922 86429 87635 122 38760
923 86614 91451 132 349258
924 86824 88242 21 17646
925 86930 96783 112 120896
926 87302 89264 136 233854
927 87383 89841 12 22747
928 87493 90148 81 116536
929 87526 89671 116 83856
930 87761 88600 137 85460
931 87912 89701 80 87222
932 87998 90533 31 47469
933 88238 88969 18 7117
934 88849 91288 55 78662
935 88930 95270 56 68770
936 89003 94389 12 40545
937 89127 89153 46 482
938 89246 91142 47 16902
939 89272 89572 48 5227
940 89406 91810 128 249285
941 89684 99089 18 53721
942 89795 94874 77 178165
943 89840 90188 37 7723
944 89870 98244 11 54265
945 90068 90232 86 16708
946 90260 99224 75 576678
947 90306 91968 50 44867
948 90563 91317 34 12070
949 90766 93908 19 12483
950 90794 99470 17 64717
951 91044 95386 49 84654
952 91161 93666 108 62317
953 91174 93104 68 49612
954 91188 93338 94 72980
955 91326 96149 11 97472
956 91463 92923 54 32510
957 91519 92044 27 3167
958 91907 94111 115 87930
959 92476 96658 61 104038
960 92493 97577 63 81899
961 92516 95726 38 71250
962 92617 93868 54 94190
963 92622 92975 5 317
964 92629 94266 83 270521
965 92703 96497 19 26670
966 92866 96016 90 181454
967 92926 94291 52 28246
968 93055 97052 50 61976
969 93320 96995 10 8080
970 93414 96634 129 323675
971 93424 94455 70 11279
972 93547 93694 139 21661
973 93900 99427 72 174284
974 93968 95139 7 2185
975 94278 95010 65 16849
976 94345 99538 95 554899
977 94681 97136 22 25657
978 94799 98745 33 72126
979 94828 99108 116 367878
980 94951 96466 87 125297
981 94996 99782 92 217431
982 95168 95588 30 5549
983 95436 97032 78 36785
984 96068 97134 110 50033
985 96103 99380 114 259448
986 96177 99085 29 34677
987 96289 98691 19 18625
988 96478 98525 46 17512
989 96496 97374 59 33374
990 96542 99820 18 14922
991 96609 97357 5 957
992 96848 99589 57 85329
993 96881 99079 19 63907
994 97129 98054 20 15195
995 97332 98312 130 72024
996 98249 98638 20 2747
997 98420 99973 21 14558
998 99393 99861 41 18836
999 99531 99678 111 11289
