50 1000 0.071
......................................#######.....
..............#.........................###.##....
........##....##.....................###.....#....
........###..###.....................##.##........
......#.####..###....................####.........
......########.................#....#######.......
.......####....##.............###########.........
........#.####.###.............##.#######.........
.....###...###.####...........###.#####.#.........
......#.....#######.#........####..###............
....####...######..####......#####..#.............
..#####.....###...####........#.##..#.............
.....###.....#.....#.##........#####..............
......#..........###.##.........###....#..........
......##...........####.........#.#...######......
...................###............#..#####........
.....................#............#..####.........
.......................................#..........
.....................................#.##.........
.................................##..#............
#.##.............................#####............
#######.........................#######...........
#####.............................######..........
.####.......................#.....#.#.#...........
######....................#.##.....###............
.####.....................####......##............
.#.##...................#####.....................
.###....................#####....#................
...#.....................#.#.....#................
...#.......................#....##................
...................#............#.................
...................#............#.................
...................#..............................
...................##.............................
.................####.#.#..##.#...................
................#####.#########...................
................##########.######.................
..................###.####.####...................
..................#.#######.##.###................
...................#####.....###.##.#.............
.....................#......####.####.............
.....................###.....#.#..................
....................#####.......#.................
.###................######.....###................
.###..................###.......#####.............
#####..............#...#........#####.............
###.#..............#.#.........#######............
..#..............#.###..#.......####..............
................######.###.....##.###.............
.................#.#####........#..##.............
0 4 973 146 53022
1 424 6829 78 139024
2 1047 3460 150 214446
3 1112 3552 76 92652
4 1242 2420 110 38980
5 1324 8309 52 352831
6 1441 4345 34 64058
7 1537 15708 33 251798
8 1653 9918 24 112728
9 1753 3372 12 24516
10 1841 5727 62 39578
11 1865 8583 118 268724
12 1887 13153 6 10235
13 2188 4456 16 63044
14 2211 3383 45 18933
15 2235 3496 56 57373
16 2283 4444 5 6605
17 2390 9141 17 28643
18 2927 6839 109 164061
19 2955 16537 109 582948
20 3119 12242 51 150939
21 3173 4875 4 1488
22 3231 9609 25 50471
23 3248 3443 14 1391
24 3258 10092 105 372161
25 3393 5478 69 106224
26 3489 6525 21 25131
27 3910 6725 61 27136
28 3952 5075 122 62117
29 3989 7990 52 51366
30 4011 6843 39 66314
31 4019 5623 6 8189
32 4160 4792 19 1591
33 4407 15440 62 291435
34 4565 4914 69 8727
35 4579 5689 19 26355
36 4657 7094 70 153631
37 4787 6830 43 29622
38 4824 7449 16 37972
39 4851 5980 75 33212
40 5027 7473 145 66755
41 5111 13010 57 136581
42 5167 6140 39 36495
43 5586 11808 4 5490
44 5634 5681 12 293
45 5658 8805 91 49969
46 5686 11376 60 147017
47 5711 6524 11 3436
48 5886 5941 97 3918
49 5919 13202 110 228761
50 5938 14890 100 453400
51 6052 8755 28 28096
52 6135 13025 65 232516
53 6161 20658 6 34427
54 6188 10125 72 43762
55 6296 27249 106 2467798
56 6496 7798 127 83932
57 6798 20364 33 208287
58 7093 8984 43 43551
59 7152 10845 37 24292
60 7239 8423 56 8626
61 7346 8196 133 34883
62 7534 14146 60 243943
63 7648 9754 108 91978
64 7749 8685 15 10049
65 8011 10000 8 12537
66 8063 10077 61 129639
67 8182 10206 55 87885
68 8252 9981 72 105693
69 8265 13009 48 96149
70 8297 8619 128 39740
71 8460 10387 20 38979
72 8626 11205 6 11551
73 8644 17282 40 162529
74 8699 9963 139 71081
75 8750 10017 123 139907
76 9004 22391 22 47934
77 9161 10912 7 4805
78 9192 9440 100 5901
79 9204 16901 20 27431
80 9458 10078 39 10892
81 9519 19605 9 22294
82 9631 16021 85 232067
83 9659 12702 35 79157
84 9710 13612 4 6822
85 9813 13302 13 9093
86 9903 14254 29 86062
87 10016 20951 127 368216
88 10131 13850 51 41710
89 10200 10607 29 9818
90 10241 12131 84 39553
91 10256 16400 137 399857
92 10352 12124 98 71325
93 10401 21878 6 50148
94 10644 22314 21 51868
95 10710 12520 135 117548
96 10717 11095 23 6854
97 10737 13723 74 81240
98 10960 15048 33 20010
99 11033 12161 122 174597
100 11056 18196 8 29401
101 11145 15242 99 167856
102 11162 30523 40 421951
103 11195 26642 115 295361
104 11441 16286 6 9040
105 11608 11728 43 4059
106 11731 11949 32 14032
107 11881 15685 138 143460
108 12026 17404 7 19568
109 12077 13064 48 16387
110 12089 12814 95 15462
111 12214 13498 79 42615
112 12511 13947 99 114820
113 12590 20312 127 274992
114 12611 14595 77 61590
115 12677 15225 18 21519
116 12947 20102 31 135705
117 13669 17020 123 42343
118 13674 17986 7 10823
119 13683 24180 29 366200
120 13686 14208 11 7126
121 13698 19689 8 21741
122 13755 13767 28 396
123 14570 14960 134 30785
124 14674 16556 145 217174
125 14833 23334 64 400807
126 14963 16414 98 72117
127 15094 19328 114 171114
128 15198 18789 12 27492
129 15201 16634 71 68337
130 15398 16139 19 11313
131 15556 37611 8 65666
132 15606 19091 87 168010
133 15735 20994 22 43162
134 15846 16169 17 7975
135 15872 24195 66 106536
136 15936 26669 5 16536
137 15969 17031 116 79245
138 16044 24148 16 41175
139 16279 23292 62 95001
140 16304 22037 116 522319
141 16369 16432 47 1616
142 16485 18237 20 11778
143 16614 20396 10 6660
144 16682 19230 95 143727
145 16708 24012 12 38693
146 16746 21683 8 20855
147 16760 18575 6 1975
148 16778 18854 24 22961
149 17048 17725 20 7596
150 17103 19203 12 9338
151 17351 21092 147 291632
152 17638 17933 43 7451
153 17774 18550 103 43488
154 17833 20234 129 130853
155 17935 18443 81 38340
156 18009 18467 12 5762
157 18055 18300 11 1017
158 18068 23940 49 137065
159 18327 23256 70 142845
160 18384 19589 27 9188
161 18423 22531 70 135715
162 18455 29741 15 50656
163 18473 26078 6 48245
164 18577 20936 49 265615
165 18640 23182 118 87100
166 18694 18788 27 2203
167 18940 20816 124 147148
168 19004 19097 77 4046
169 19028 19570 37 8838
170 19080 25393 8 26920
171 19208 32608 11 26676
172 19253 29879 20 134412
173 19333 23785 84 274638
174 19435 19816 51 4454
175 19543 21710 7 7258
176 19651 28552 99 166566
177 19654 27401 73 337706
178 20023 28378 84 349242
179 20201 34315 35 190875
180 20297 21854 72 60030
181 20332 21938 77 46360
182 20419 25345 14 26582
183 20464 21634 25 16053
184 20517 23449 65 106563
185 20611 23836 7 17468
186 20641 22762 23 33322
187 20850 22753 34 38203
188 20935 22524 41 45324
189 21056 23247 43 92625
190 21138 29715 60 347372
191 21206 21366 99 3738
192 21341 23805 18 15237
193 21367 25717 16 33059
194 21464 22118 129 17576
195 21556 22680 66 65363
196 21686 28523 120 685941
197 21717 23081 89 41626
198 21915 25021 65 72855
199 22086 24313 6 6596
200 22222 23296 105 69875
201 22416 32070 20 25176
202 22422 29506 96 313266
203 22469 27897 29 32269
204 22477 23286 31 6027
205 22509 27657 11 25002
206 22812 25842 117 164542
207 22825 25980 34 16211
208 22833 24848 41 15447
209 22939 25866 28 29043
210 23024 23860 42 7856
211 23178 23634 70 12210
212 23268 33591 63 299452
213 23592 25292 91 57904
214 23779 23904 31 2030
215 23784 24187 147 15406
216 23788 32000 22 90964
217 23799 24856 99 82883
218 24105 26249 80 91014
219 24211 24858 13 4018
220 24338 24630 53 11582
221 24435 24818 5 1267
222 24473 25608 81 39604
223 24524 26772 53 47003
224 24563 26029 52 77909
225 24581 25329 11 1731
226 24716 27053 29 38263
227 24928 28945 75 301390
228 24988 31846 37 151304
229 25035 26104 146 88269
230 25157 25274 5 374
231 25243 28130 119 204155
232 25262 36201 8 23004
233 25287 27922 4 6603
234 25370 26775 5 5969
235 25485 32595 49 223368
236 25616 26579 17 5723
237 25627 36014 37 450584
238 25653 28096 99 240427
239 25786 28254 14 27265
240 25849 27217 95 61321
241 25934 30789 106 128685
242 25950 39427 101 278787
243 26115 27632 11 9852
244 26283 26632 19 1874
245 26428 27677 89 22620
246 26454 27865 7 8118
247 26498 38392 12 30450
248 26537 30792 24 33450
249 26605 30482 11 13309
250 26726 30519 16 26959
251 26964 29529 150 144021
252 27015 29595 79 100938
253 27065 36432 147 533972
254 27068 29262 33 31346
255 27248 28330 58 81498
256 27466 29568 16 30299
257 27471 34952 5 23364
258 27489 32388 35 56436
259 27497 28128 98 32691
260 27811 29313 101 67248
261 28112 28275 4 561
262 28221 31377 41 32438
263 28379 29664 145 78237
264 28421 33712 42 53415
265 28478 29314 141 35049
266 28684 29402 81 68449
267 28797 29070 24 2417
268 28963 29086 45 2909
269 29158 29792 29 9662
270 29172 31420 101 89752
271 29276 30203 115 80484
272 29321 29793 9 1644
273 29446 35567 116 320211
274 29665 30304 13 5750
275 29719 37630 80 153561
276 29726 33736 76 101367
277 29886 38010 55 147854
278 29898 43262 51 62292
279 29917 32934 119 94108
280 30077 33628 82 251091
281 30096 33825 18 27799
282 30224 31695 64 56604
283 30255 31791 71 60400
284 30464 36272 13 38507
285 30494 33853 81 278119
286 30504 42997 56 290178
287 30585 37266 69 489805
288 30613 38377 133 372713
289 30703 34658 49 148414
290 30716 31258 58 20624
291 30720 41162 107 544899
292 30749 39512 131 222456
293 30879 32566 31 26452
294 30900 34880 101 365959
295 31066 31992 42 35765
296 31607 38987 108 161752
297 31660 35062 4 3130
298 31781 33727 8 8657
299 31965 35479 20 57959
300 32007 40404 106 318306
301 32029 41785 38 90467
302 32038 40608 42 90067
303 32072 36486 88 45814
304 32368 36520 139 256197
305 32375 34708 30 36750
306 32394 39631 44 192473
307 32414 32592 35 4925
308 32471 50476 6 68506
309 32533 36576 18 26908
310 32666 37316 52 74874
311 32699 34665 47 71911
312 32707 51112 52 2006095
313 32739 34821 6 8757
314 33171 33357 49 3256
315 33474 33935 76 5791
316 33622 37323 100 144981
317 33690 36000 39 20693
318 33830 41095 31 85927
319 33912 35684 131 84326
320 34071 39390 6 8631
321 34097 40043 18 58578
322 34242 37687 57 60285
323 34352 36115 97 106994
324 34379 34404 79 969
325 34486 34862 53 25714
326 34512 34886 12 3285
327 34566 39805 9 42117
328 34716 35438 68 24696
329 34784 45686 7 17567
330 34791 35082 5 396
331 34802 36468 138 144709
332 34827 38175 80 92562
333 34909 35258 34 2980
334 35067 35323 94 17907
335 35408 35722 136 25697
336 35473 36511 15 5604
337 35507 37422 12 8608
338 35661 40022 58 215758
339 35687 37158 47 51886
340 35921 36254 24 3381
341 35984 42511 73 199594
342 36160 43017 122 415913
343 36315 39314 23 15729
344 36478 36980 5 3391
345 36602 40537 46 17828
346 36740 43292 130 192754
347 36767 39370 27 28478
348 37096 38290 32 9785
349 37171 45697 119 289796
350 37417 40182 31 45675
351 37863 52646 12 34742
352 37928 39711 64 55890
353 37979 38374 111 16310
354 38155 39165 44 37581
355 38318 40716 81 82882
356 38353 40441 62 33893
357 38583 38832 102 8093
358 38635 40529 113 170054
359 38737 41843 30 28019
360 38760 45817 135 390071
361 38768 39516 49 41596
362 38772 44548 92 155682
363 38967 56179 5 72279
364 39082 40408 44 30034
365 39121 44683 44 198344
366 39242 44361 30 30579
367 39321 46411 18 117845
368 39432 40682 79 40049
369 39433 39791 15 4285
370 39555 40905 40 51476
371 39598 46909 29 35305
372 39678 42337 16 18121
373 39688 40050 45 18425
374 39699 40516 128 62276
375 39824 47769 34 66967
376 39919 43228 10 23142
377 39924 40405 22 3035
378 40025 47433 98 756418
379 40255 42444 27 27664
380 40310 50783 31 227990
381 40357 45577 8 33340
382 40527 41466 31 19367
383 40728 43788 18 20636
384 40764 43524 5 7828
385 40819 43443 42 35212
386 40869 47075 133 308778
387 40941 42502 61 65657
388 41065 47669 68 192292
389 41100 43187 10 25869
390 41133 43417 4 6258
391 41221 41441 69 6497
392 41224 50220 8 32937
393 41226 47404 30 95165
394 41292 45467 47 67393
395 41437 41863 130 34134
396 41586 43983 7 9375
397 41662 45231 117 75111
398 41673 43157 96 31751
399 41803 45894 20 47581
400 41815 43901 28 29384
401 41933 62326 18 203922
402 41992 44900 99 61495
403 42082 45239 150 192007
404 42156 45098 111 160700
405 42168 42174 54 564
406 42213 44978 33 35293
407 42243 45807 29 55120
408 42311 43286 51 16230
409 42370 42501 6 763
410 42455 42949 7 1851
411 42474 50022 134 210286
412 42637 49107 51 72818
413 42686 50144 34 46420
414 42710 43851 14 11340
415 42809 45947 15 7954
416 43014 43766 52 9335
417 43020 46424 14 20912
418 43163 45243 36 25343
419 43256 51532 132 372227
420 43392 45671 5 13785
421 43608 47048 7 42225
422 43666 45341 126 88032
423 43950 44185 11 1178
424 44100 65600 10 87199
425 44117 44364 37 7882
426 44177 44507 58 9183
427 44248 48389 73 189714
428 44439 45877 11 21346
429 44462 47861 42 80089
430 44923 46880 141 185513
431 44992 59154 69 182026
432 45166 45851 34 8199
433 45204 56895 136 252392
434 45226 45908 42 18197
435 45242 45728 80 22137
436 45258 46296 13 8339
437 45618 46748 58 41762
438 45650 54398 108 147049
439 45669 54158 5 12593
440 45791 53965 5 34026
441 45820 63614 7 18201
442 45973 56970 23 251225
443 46058 49187 66 134726
444 46077 49583 126 189884
445 46135 51096 119 168499
446 46168 58602 91 316223
447 46216 47613 40 54810
448 46268 54750 18 32973
449 46381 47149 105 16238
450 46444 46964 32 6801
451 46473 48561 68 69195
452 46515 49204 15 14490
453 46523 51531 63 118967
454 46556 57358 28 103283
455 46605 52021 51 71443
456 46637 56615 29 44880
457 46698 52467 10 12077
458 46714 47828 25 18985
459 46719 52287 8 37182
460 46721 59583 7 23510
461 46853 48241 27 15769
462 46945 47872 16 12971
463 46962 46980 42 515
464 46986 47258 10 2808
465 47081 49400 67 60300
466 47100 50862 36 155608
467 47312 47867 78 17085
468 47318 49277 79 133382
469 47324 48964 4 3536
470 47356 56173 48 340316
471 47417 47624 50 6509
472 47856 48251 104 18054
473 47963 56060 78 175415
474 48005 48415 5 1759
475 48114 48908 28 13769
476 48124 48231 127 4676
477 48203 49262 71 23612
478 48315 51704 14 31340
479 48547 49580 88 20974
480 48563 62870 106 871113
481 48725 50272 11 5064
482 48799 57547 52 381487
483 48852 51387 18 21982
484 49006 49735 47 17373
485 49021 52025 89 80119
486 49033 62891 18 98106
487 49037 49753 42 32188
488 49124 51123 110 112722
489 49200 50812 66 122404
490 49246 49487 135 11547
491 49265 49391 125 9495
492 49272 49728 87 12038
493 49294 52492 140 284840
494 49523 57985 43 200440
495 49573 49969 12 3002
496 49586 52157 139 76140
497 49763 59952 68 430264
498 49775 53616 101 151990
499 49820 52146 81 124831
500 49833 51181 22 12741
501 49845 53653 70 489665
502 49909 50002 81 21873
503 49949 51891 58 62304
504 49975 51945 77 133682
505 50052 55081 67 288303
506 50206 55005 6 28683
507 50296 51323 83 24671
508 50334 54409 6 9095
509 50345 55750 107 415202
510 50364 69791 127 179029
511 50383 54380 66 126283
512 50661 51493 103 66490
513 50673 56956 54 85514
514 50751 60662 5 38568
515 50929 54867 15 30648
516 51052 52228 133 113514
517 51059 52549 59 51682
518 51476 51761 11 653
519 51514 58894 25 73741
520 51599 59502 15 23639
521 51703 52103 62 18734
522 51825 56153 21 36992
523 51854 53493 81 64688
524 51916 53632 75 72644
525 51984 52298 93 7151
526 52253 54778 60 68634
527 52279 53448 65 30742
528 52305 53159 11 3140
529 52387 53151 14 9071
530 52570 58410 78 397908
531 52610 55732 9 9588
532 52793 55503 147 89692
533 52803 65739 50 246265
534 52814 54206 70 45219
535 52858 54897 150 78157
536 53164 56308 102 167496
537 53356 56278 47 55738
538 53627 55246 5 15144
539 53669 56516 18 14279
540 53788 60363 62 184797
541 53811 61011 25 132559
542 53995 56101 93 66344
543 54065 55056 10 5738
544 54169 55248 87 29556
545 54175 57290 34 27008
546 54219 55741 144 44114
547 54305 65317 21 109059
548 54343 54357 13 69
549 54499 59336 79 187453
550 54559 60419 64 104523
551 54683 58085 108 255507
552 54697 59922 15 17751
553 55065 56314 16 8124
554 55086 66807 72 317460
555 55113 61913 112 987566
556 55158 62043 16 74073
557 55169 56716 64 149322
558 55381 55817 49 4952
559 55382 55594 101 13088
560 55481 57028 10 6196
561 55491 62788 66 103380
562 55655 61851 78 291220
563 55775 58941 40 59630
564 55848 55898 42 2744
565 55914 57152 115 40788
566 55977 63590 68 282535
567 56036 59211 23 108358
568 56046 59526 119 285858
569 56055 61691 39 110649
570 56089 60573 83 77445
571 56246 58286 32 33308
572 56261 56440 99 14972
573 56332 67018 22 115307
574 56402 60235 17 35892
575 56405 57294 86 15741
576 56649 63329 97 55685
577 56682 57225 41 8482
578 56726 56730 65 288
579 56770 61051 43 139289
580 56863 64264 10 76605
581 56907 64432 84 171998
582 57207 60017 134 146672
583 57441 63277 111 631115
584 57796 59954 147 170575
585 57829 62307 14 12352
586 57839 57852 17 76
587 57847 58552 32 5130
588 57912 59647 104 165606
589 58048 63426 49 54132
590 58071 73050 108 559621
591 58095 63105 61 217704
592 58131 63657 8 6006
593 58147 59586 37 28567
594 58149 60210 22 17975
595 58263 72951 30 116648
596 58304 60173 26 29692
597 58626 61868 95 280449
598 58643 64177 33 45097
599 58677 60794 8 11766
600 58680 65737 96 803513
601 58703 68631 58 295882
602 59506 59549 125 2730
603 59671 62764 62 127306
604 59753 64659 92 413928
605 59869 71820 137 941972
606 59932 75720 12 57080
607 59938 66425 16 74461
608 59975 60883 88 41722
609 60045 60760 24 27073
610 60175 60887 12 2264
611 60201 65171 126 313223
612 60212 65301 17 142841
613 60275 64938 64 185447
614 60278 60345 11 216
615 60312 68515 144 1357435
616 60695 62469 124 102767
617 60747 74447 83 335887
618 60868 62100 70 230390
619 60920 67532 129 439406
620 60968 66362 64 145827
621 61081 61624 97 21105
622 61203 67778 84 373074
623 61337 63111 105 66183
624 61364 61866 62 3573
625 61380 65246 31 42236
626 61690 63848 144 299949
627 62089 63828 22 10665
628 62201 63761 104 183853
629 62267 64391 61 47920
630 62329 65800 110 426064
631 62377 69019 105 373345
632 62445 67683 75 103515
633 62455 66149 20 31263
634 62634 68454 14 33173
635 62756 63480 10 4262
636 62768 71569 70 304291
637 63017 63251 70 7949
638 63094 64208 96 69021
639 63135 63839 121 61281
640 63153 65243 110 132010
641 63216 65159 134 188564
642 63252 64053 112 8947
643 63311 71478 139 428613
644 63367 66206 106 151482
645 63397 66199 48 52193
646 63428 67262 39 52528
647 63451 74823 7 36945
648 63493 69347 96 396056
649 63667 64438 9 1548
650 63678 65400 6 4270
651 63684 65620 89 35208
652 63843 78811 13 45282
653 63883 67997 6 10460
654 63959 66028 135 314576
655 64021 64470 121 27824
656 64083 79728 14 78779
657 64311 64796 51 14590
658 64474 67322 49 59437
659 64477 71296 64 120987
660 64664 70907 149 561449
661 64685 65052 19 2654
662 64857 68712 6 2151
663 64910 66176 88 132531
664 64958 71309 100 512006
665 65024 76807 5 28356
666 65036 69957 122 352977
667 65116 66600 143 162020
668 65222 65991 76 18475
669 65252 84065 28 204486
670 65454 66398 37 15443
671 65501 66727 41 30901
672 65805 70753 11 30308
673 65855 79918 60 324518
674 65919 71337 38 44328
675 65965 66674 9 1130
676 66065 66351 43 6567
677 66239 71153 110 307715
678 66378 69718 51 26072
679 66504 71894 8 17010
680 66564 69086 43 36181
681 66682 68251 135 28879
682 66764 72762 13 9044
683 66791 67169 132 29772
684 66995 86621 100 356083
685 67316 68412 100 75979
686 67480 74519 64 155218
687 67629 71960 141 204818
688 67969 74505 18 41150
689 68195 70005 34 46614
690 68263 68665 14 1930
691 68475 72900 13 28851
692 68700 74912 25 198806
693 68715 72485 132 172908
694 68897 70085 25 24753
695 68942 77325 68 178871
696 68966 71600 50 19424
697 68983 71931 64 77643
698 68987 91107 90 986810
699 69120 70889 6 4430
700 69363 71989 25 62536
701 69418 70822 77 51389
702 69421 72600 49 39922
703 69449 71045 36 47821
704 69677 71997 101 94589
705 69953 73109 128 332345
706 70227 81325 49 122229
707 70287 70392 119 17140
708 70442 70485 6 158
709 70454 72700 63 64357
710 70489 76030 58 73403
711 70494 76313 5 6303
712 70566 74283 15 16440
713 70574 70849 57 15855
714 70650 71938 39 22858
715 70694 71498 32 32750
716 70734 74728 59 67683
717 70736 71930 45 42730
718 70744 78062 37 120263
719 70787 74319 74 44860
720 71022 72577 32 12193
721 71102 73627 16 20248
722 71140 78647 110 129900
723 71225 78753 62 161806
724 71227 72130 64 15835
725 71433 71534 72 3045
726 71586 71920 73 12256
727 71637 72005 91 25819
728 71752 71863 29 7521
729 71762 71808 115 3324
730 71871 75408 30 56834
731 71915 76113 139 474905
732 72197 75416 44 51526
733 72306 73268 149 65902
734 72336 79729 50 102458
735 72520 73075 44 21460
736 72558 95317 91 2006390
737 72757 74293 67 37521
738 72839 79069 8 27838
739 72973 73060 121 5822
740 73230 76621 50 56508
741 73242 74343 81 64694
742 73352 74368 83 89192
743 73401 75115 87 93451
744 73522 76128 27 41618
745 73655 80782 27 64390
746 73672 73876 53 5130
747 73726 74509 56 41297
748 73922 81641 4 10734
749 74011 76029 70 48349
750 74024 76216 4 6908
751 74101 78636 8 10249
752 74159 75094 69 58228
753 74479 74562 64 21158
754 74597 82634 11 5123
755 74665 75241 10 3017
756 74745 80234 65 317015
757 74818 78856 6 6117
758 75087 75443 14 1493
759 75102 76333 59 70249
760 75375 87614 32 91055
761 75623 79793 29 82967
762 75722 82513 115 312239
763 75819 78335 22 41834
764 75993 76307 54 23210
765 76017 82278 8 34641
766 76085 76815 7 1295
767 76158 83581 135 132173
768 76306 81844 126 645902
769 76363 78968 134 81992
770 76401 79116 105 181568
771 76415 76779 26 6377
772 76442 79018 108 224405
773 76530 77492 97 193768
774 76572 78439 54 74087
775 76735 78322 9 10077
776 76872 86739 8 35317
777 76969 79365 33 32537
778 77041 77540 65 7495
779 77395 77638 10 888
780 77423 89002 42 77426
781 77513 84131 26 71714
782 77585 85144 30 72889
783 77594 81865 42 36410
784 77696 85926 31 118411
785 77749 77865 62 8021
786 77900 82046 35 50956
787 77906 79597 96 93252
788 78090 79504 35 33333
789 78229 86606 69 240755
790 78230 78780 40 24088
791 78347 80276 132 108241
792 78350 81261 12 12798
793 78424 78742 15 3873
794 78500 79899 120 114058
795 78533 82361 5 5116
796 78622 93478 135 679892
797 78646 84475 119 143099
798 78672 80871 7 12147
799 78761 82411 144 227040
800 78923 87088 26 86787
801 79175 82546 17 25935
802 79349 83673 20 37128
803 79410 83224 115 147996
804 79551 83606 63 70951
805 79574 80467 85 132150
806 79581 79659 6 436
807 79602 82500 21 57832
808 79608 81075 5 5350
809 79653 84019 145 362660
810 79708 80985 115 70216
811 79782 83504 106 107015
812 79787 90981 8 12464
813 79925 82835 5 6417
814 79944 96920 6 63929
815 80077 83312 56 110530
816 80142 85231 111 431204
817 80154 80190 43 735
818 80201 84789 22 49688
819 80229 87435 37 45746
820 80236 82916 68 60625
821 80474 84923 5 15656
822 80585 81398 66 40242
823 80631 81874 119 57535
824 80691 90276 12 196076
825 80704 81107 66 11225
826 80790 88418 49 147281
827 80873 97778 8 72758
828 80926 90771 7 30835
829 80941 85615 55 178644
830 81292 82337 66 27509
831 81371 90106 20 58837
832 81389 85298 100 200530
833 81529 81930 85 42485
834 81622 91767 7 21644
835 81699 85093 132 267221
836 81765 82944 19 16623
837 81773 85068 11 18701
838 81850 82621 16 4587
839 81929 86356 78 235259
840 82103 85317 12 24546
841 82228 83594 52 71216
842 82229 92599 90 211583
843 82243 84335 11 12453
844 82271 97641 128 1104321
845 82708 90062 29 65735
846 82722 87895 79 74353
847 82784 87650 8 15598
848 82872 83783 6 2256
849 82876 91315 86 270610
850 83051 85025 23 16446
851 83086 89650 29 90363
852 83163 83805 5 2322
853 83361 83771 12 9325
854 83538 94712 9 38650
855 83758 86570 131 139231
856 83810 91816 77 174872
857 83839 91410 10 16086
858 83842 84110 15 1151
859 83908 86127 67 63320
860 83980 85883 105 105974
861 84002 87172 40 72827
862 84407 89978 71 331402
863 84460 87451 9 16019
864 84504 87006 72 73615
865 84526 96587 30 144460
866 84552 84708 15 353
867 84555 86860 17 19826
868 84725 89839 111 226383
869 84890 93697 20 121370
870 84926 85517 84 15463
871 85377 95652 7 23301
872 85499 87039 112 126354
873 85613 86200 47 10758
874 85616 96862 83 234083
875 85639 90521 93 119299
876 86085 88382 108 87746
877 86191 88391 40 24106
878 86359 88218 137 97003
879 86360 88276 16 13534
880 86430 86638 24 4306
881 86489 94409 16 62145
882 86491 88585 64 61148
883 86576 87989 6 1727
884 86674 92375 54 73244
885 86743 88806 16 19424
886 86811 90837 29 50980
887 86852 89334 48 28412
888 86959 88134 138 38336
889 87007 87371 15 3880
890 87149 93646 82 120930
891 87242 93031 23 67602
892 87306 90647 67 72604
893 87392 88776 101 58269
894 87399 91312 127 161791
895 87408 92584 143 167171
896 87441 88695 42 24030
897 87498 87886 64 13379
898 87689 87901 149 8584
899 87694 88214 147 81777
900 87763 88047 109 10694
901 87917 92023 41 85842
902 87919 89568 45 28321
903 88117 93234 49 46273
904 88209 91241 20 52744
905 88233 90205 12 16284
906 88236 93211 10 51145
907 88334 91349 35 34589
908 88445 91104 15 7059
909 88557 91231 30 76886
910 88697 98934 105 365631
911 88826 98769 30 121251
912 89055 90240 144 176835
913 89109 93280 13 10866
914 89183 90696 75 33804
915 89206 89562 59 12504
916 89215 92419 122 265031
917 89269 90015 138 16470
918 89315 97420 118 189755
919 89367 99294 20 46532
920 89635 92588 8 21754
921 89698 92299 87 253960
922 90107 90951 49 14155
923 90343 91787 12 7312
924 90441 91903 38 22935
925 90498 94076 30 43377
926 90504 90934 78 9844
927 90505 93283 90 103533
928 90514 98750 29 266378
929 90572 91605 56 18967
930 90711 95669 67 195025
931 90879 95187 84 123386
932 90928 92215 39 8399
933 90998 91007 44 417
934 91414 98592 88 202845
935 91501 99727 38 69909
936 91913 93233 26 15693
937 92277 92407 116 11639
938 92352 95472 10 6407
939 92433 98843 92 180968
940 92438 98206 56 119471
941 92445 95006 31 46269
942 92525 98743 65 177094
943 92562 97262 136 442204
944 92633 93505 23 17308
945 92635 96204 64 138086
946 92756 95292 22 30022
947 92893 94743 6 8197
948 93118 94334 55 22051
949 93121 98884 12 30753
950 93160 95228 11 25426
951 93183 97320 78 153131
952 93191 99419 130 281470
953 93445 96267 43 76850
954 93551 98034 58 175914
955 93564 94919 58 38043
956 93823 94881 47 47337
957 93836 94802 17 12757
958 94005 94285 91 16845
959 94037 97932 21 47527
960 94184 98556 21 30981
961 94242 99565 25 83124
962 94327 96674 21 30752
963 94360 94606 4 1119
964 94370 96064 129 105738
965 94384 99395 26 62400
966 94453 98162 97 164289
967 94487 95531 62 20465
968 94697 95316 72 11723
969 94809 99414 61 50842
970 94837 95638 28 4963
971 94962 97582 6 3049
972 95016 98005 82 271691
973 95058 99382 45 51878
974 95224 97614 32 30333
975 95382 97355 30 27612
976 95513 99573 17 38199
977 95546 99721 10 21169
978 95593 97002 140 128519
979 95692 97190 52 32484
980 95694 98039 5 18725
981 95700 98622 24 52695
982 95801 96380 10 1193
983 96035 99539 128 170382
984 96127 97622 72 47196
985 96438 99600 37 56131
986 96453 96725 100 31437
987 96565 96841 45 14658
988 96774 99025 40 32409
989 96790 98991 47 39026
990 97089 98013 92 43406
991 97092 97139 124 2796
992 97125 99383 134 152549
993 97301 99152 45 62270
994 97526 97965 143 40779
995 97822 98082 126 40531
996 98232 99099 65 35528
997 98243 99443 21 9453
998 98760 99555 24 9414
999 98765 99358 60 43781
