50 1000 0.029
..................................................
..................................................
..................................................
..................................................
..................................................
....................##...####.....................
...................##....####.....................
...................###..##...............#........
...................##########..#........##........
...................###.###.##..##........#.....#..
................##..#############........##.#####.
................##..#####.#######.....############
...............################........###.#######
.................##############........###########
.................############......##..#.########.
..................###########....####..###########
.................####.########....#####.##########
....................##########..#######.#########.
.....................#####.##......###########.##.
....##................###...###.....###########...
.######...............####.......#.#############..
######.#.#####...................#############....
##########.####.................###############...
##.###.###.####.................#.##.########.....
#############.......................#########.....
#.#############.....................####.##.#.....
##############.....................###............
###############.................#######...........
#######..######...............##.########.........
#.###########..................#####.#######......
#####.##...##................################.....
#######........................################...
#######.....................#.#################...
##.###......................###.##.#######.###....
.#..##........................#.#######..##.#.....
...##.........................#...###....#........
...................................#..............
..................................................
..................................................
..................................................
..................................................
..................................................
..................................................
..................................................
..................................................
..................................................
..................................................
..................................................
..................................................
..................................................
0 16 3078 92 86353
1 129 891 38 7024
2 186 746 138 25307
3 328 5766 149 218522
4 449 1856 15 6822
5 503 3154 24 67153
6 524 1416 51 13311
7 645 1596 5 2965
8 860 2360 9 7148
9 897 7140 43 75440
10 939 1014 114 3254
11 1067 2595 53 131009
12 1117 5940 11 16348
13 1120 1436 42 4408
14 1123 10887 25 85549
15 1195 2948 32 33887
16 1255 4142 16 49339
17 1263 2937 82 96327
18 1366 2788 17 6573
19 1431 9081 5 27718
20 1458 2629 81 34855
21 1468 3082 49 169706
22 1743 3355 147 74086
23 1757 4768 6 4828
24 1946 6765 38 69813
25 1969 3872 71 83327
26 2039 2545 136 91006
27 2147 2384 47 5718
28 2470 3176 124 35914
29 2626 3335 141 41128
30 2801 3670 82 32556
31 2841 3586 33 23828
32 2894 10626 20 154117
33 3042 6958 122 254576
34 3046 3172 10 1061
35 3115 4052 10 7301
36 3196 4724 69 28742
37 3231 3255 77 1827
38 3239 3324 100 2857
39 3565 6595 18 17891
40 3742 3767 5 53
41 3761 5014 104 85162
42 3894 7545 72 103890
43 3919 5645 29 14832
44 4060 6247 6 2393
45 4067 7085 149 239027
46 4118 7778 14 6313
47 4236 4747 12 2198
48 4247 5640 118 85326
49 4248 5167 90 33719
50 4256 8660 40 145284
51 4575 4660 6 1011
52 4576 11118 53 187184
53 4690 6898 35 96777
54 4715 4737 25 297
55 4755 9232 86 108102
56 4789 9201 9 27058
57 4803 7627 138 536955
58 4907 8000 136 190335
59 4936 6255 54 11479
60 5035 11369 87 258122
61 5061 9391 11 27627
62 5076 5623 147 20582
63 5096 5148 77 774
64 5118 7998 37 89787
65 5292 7276 7 2980
66 5362 5758 18 3673
67 5381 6688 9 17027
68 5416 8071 130 94197
69 5459 12413 5 13985
70 5476 6811 19 18404
71 5618 7258 30 51484
72 5779 7689 54 23510
73 5854 6334 23 5005
74 5905 5923 16 91
75 5958 9078 106 211368
76 6205 6552 25 7608
77 6225 10801 44 101640
78 6571 8534 105 142708
79 6768 7693 35 10245
80 6941 7149 103 14001
81 7145 8450 7 5030
82 7207 7707 53 36099
83 7387 7768 20 3283
84 7389 8302 137 86177
85 7395 7899 34 4822
86 7551 9333 16 4095
87 7645 7976 55 20023
88 7667 7887 94 17767
89 7716 7919 17 2348
90 8082 9212 20 6176
91 8106 10577 8 3524
92 8204 13825 21 69450
93 8499 12031 18 17846
94 8593 10348 112 113873
95 8627 11442 55 62515
96 8638 10957 5 6438
97 8643 11560 82 27836
98 8656 9327 37 27415
99 8663 8738 54 1835
100 8898 10248 57 20459
101 9047 12348 6 10715
102 9193 10416 25 34226
103 9223 15490 17 14163
104 9690 10375 38 13111
105 9804 10269 11 3487
106 9825 11073 51 27933
107 10245 13768 123 167434
108 10252 12015 106 73796
109 10637 13269 5 8253
110 10804 11322 23 8412
111 10852 13185 12 10802
112 10859 12213 106 35522
113 10973 12161 80 33924
114 11009 13803 63 29806
115 11077 11632 39 17020
116 11141 15879 59 247249
117 11157 12082 93 31416
118 11192 18571 66 322172
119 11202 13464 35 63941
120 11362 11721 7 1089
121 11465 11567 62 3872
122 11506 12566 89 67573
123 11634 13665 5 3336
124 11853 13528 14 7920
125 12019 14672 127 145623
126 12103 15907 64 396101
127 12157 14114 47 16315
128 12299 14862 49 25366
129 12561 15191 15 15286
130 12669 12681 12 78
131 12696 17436 29 26990
132 12716 13888 65 17058
133 12814 13524 24 11802
134 12850 15949 28 58074
135 12877 15220 65 114687
136 12975 16929 116 493142
137 13003 16328 16 25652
138 13014 16590 28 57250
139 13316 16627 119 132214
140 13380 16758 115 265904
141 13390 15828 148 156914
142 13523 14584 25 11074
143 13547 14487 101 44779
144 14032 17237 68 81043
145 14068 15134 68 56783
146 14222 15694 23 14302
147 14308 16093 56 57823
148 14748 17023 15 36367
149 14828 15088 15 2499
150 15001 15066 26 379
151 15038 21686 7 23183
152 15081 16270 141 70534
153 15644 18135 29 46330
154 15709 15844 75 2011
155 15728 16335 41 7426
156 16054 21697 111 416106
157 16340 28130 15 77761
158 16406 20615 10 49058
159 16562 16738 143 26147
160 16606 18508 14 8214
161 16714 20435 13 31190
162 16789 21978 42 76546
163 16924 17994 11 2380
164 17117 21308 10 33632
165 17173 22771 25 76142
166 17175 17572 44 5035
167 17261 17692 79 25704
168 17264 18598 102 106744
169 17301 20143 115 151737
170 17386 17458 38 1097
171 17446 17587 44 3997
172 17454 20378 19 22791
173 17524 18314 29 17844
174 17638 19133 69 26821
175 17737 18027 9 1450
176 17751 17835 96 3263
177 17753 19272 132 31292
178 17815 18281 54 10721
179 17890 19797 72 97270
180 17894 19351 91 46273
181 17936 21690 147 403146
182 17954 18689 120 92012
183 17996 19158 108 43394
184 18047 24060 92 1558883
185 18093 20579 97 104059
186 18097 24662 92 1216831
187 18193 22943 83 283404
188 18208 21267 99 241826
189 18230 28041 114 527655
190 18263 26379 75 176239
191 18406 22725 46 108898
192 18503 18814 4 298
193 18513 29858 4 10032
194 18747 21876 45 24434
195 18947 23791 52 104721
196 19350 23279 72 211063
197 19501 20838 9 27178
198 19553 20578 31 18955
199 19820 21122 32 41403
200 19927 20464 13 4019
201 19929 20350 40 7421
202 19963 19980 27 282
203 20110 23651 15 11838
204 20266 20450 59 3175
205 20293 23011 5 14895
206 20494 20759 85 5637
207 20584 25056 32 66189
208 20826 22448 146 242936
209 20886 22568 65 44043
210 20902 24174 91 155110
211 20963 24761 129 247932
212 21120 24077 55 77304
213 21272 23103 14 21481
214 21356 24820 38 91480
215 21360 21610 9 966
216 21437 22637 41 39315
217 21480 24860 93 581051
218 21586 23638 104 66570
219 21844 22112 21 5768
220 21929 24287 150 96024
221 22001 30921 27 175325
222 22181 26980 31 317336
223 22201 23113 132 68940
224 22224 23563 49 21794
225 22235 23549 17 8859
226 22352 26036 116 248407
227 22418 23555 53 9032
228 22455 24940 92 200356
229 22531 23637 8 1922
230 22612 26650 31 63816
231 22660 23954 123 42245
232 22662 22683 110 2582
233 22680 25406 95 101401
234 22682 24995 58 81324
235 22762 24917 14 14539
236 23046 23427 140 9310
237 23089 23488 11 4820
238 23185 23432 67 42486
239 23277 24023 131 60574
240 23302 23481 141 14366
241 23310 31081 139 251295
242 23433 23801 52 11198
243 23514 23865 28 4352
244 23541 28565 105 313707
245 23552 32553 19 48472
246 23832 31447 140 341772
247 23972 29291 21 48259
248 24058 24445 95 15036
249 24078 24170 34 5372
250 24191 24736 58 22709
251 24198 32202 128 687649
252 24292 26017 91 78877
253 24314 27243 9 33285
254 24344 27650 12 13021
255 24383 27696 56 138527
256 24492 27103 124 60016
257 24679 27146 11 14259
258 24683 33829 9 27218
259 24710 30713 134 435804
260 24727 30675 5 16959
261 24790 26130 10 5402
262 24812 25516 44 9436
263 24815 27388 27 16469
264 24884 25669 16 6075
265 24930 25251 72 32477
266 25019 25368 145 65731
267 25100 32041 64 232497
268 25230 26464 31 5483
269 25356 29784 11 24675
270 25395 27695 80 115630
271 25432 25658 42 11875
272 25553 28310 8 6105
273 25627 26586 79 61076
274 25775 31978 132 333892
275 25996 26040 5 149
276 26014 27121 107 82444
277 26319 26568 90 25041
278 26504 32399 145 316492
279 26576 27133 51 14343
280 26636 29141 48 64066
281 26720 27644 8 1585
282 26892 29988 53 78200
283 27076 27515 4 1548
284 27224 27575 99 23192
285 27295 28564 69 32957
286 27373 28577 38 74429
287 27434 30581 142 270702
288 27790 29987 134 181926
289 27839 31470 109 607152
290 27856 29058 22 10434
291 27893 28398 26 5413
292 27894 27943 23 343
293 27936 31271 98 285023
294 28120 29630 77 36638
295 28281 29622 41 20824
296 28293 29507 128 143740
297 28572 31555 93 131631
298 28575 30348 12 14368
299 28645 32825 48 93946
300 28701 29071 20 8261
301 28756 30645 98 213192
302 28774 30044 118 104949
303 28809 28951 12 2225
304 28864 29211 57 8581
305 28914 31613 20 23003
306 28933 30350 34 15771
307 29026 29297 77 4982
308 29079 30740 128 130703
309 29673 37112 6 14385
310 29705 31286 130 94796
311 29783 31532 82 119057
312 29859 31107 105 47054
313 29891 30321 41 14413
314 29944 33415 35 81976
315 30014 30980 93 68176
316 30068 30228 99 6533
317 30135 31828 56 87206
318 30366 30475 27 2842
319 30507 31179 89 17751
320 30658 30671 11 265
321 30689 31547 84 52637
322 30864 31693 24 6801
323 30975 35329 61 138330
324 31070 34890 6 17652
325 31112 32277 41 16863
326 31131 32044 7 7788
327 31267 33051 117 296784
328 31323 32862 104 26774
329 31513 32668 57 74973
330 31546 34081 4 4997
331 31617 32287 95 46293
332 31623 31788 37 1100
333 31696 32397 135 73754
334 31699 35083 13 18459
335 31726 35189 64 106682
336 31847 37734 5 41949
337 31915 37226 13 28013
338 32031 33205 101 159565
339 32232 32679 14 1523
340 32464 34256 36 32113
341 32509 34417 5 3847
342 32629 44994 5 15453
343 32737 35699 17 29789
344 32788 39970 16 28854
345 32930 34722 119 70774
346 32942 39767 36 84042
347 32954 37144 33 68405
348 32984 35285 104 90873
349 33098 47330 66 1097858
350 33244 36727 142 761606
351 33470 34623 29 5781
352 33663 38541 52 115001
353 33702 35734 97 75453
354 33762 34841 33 8450
355 33983 39990 116 222708
356 34142 37944 144 267318
357 34193 34760 85 10899
358 34246 34442 55 4394
359 34319 35134 109 40750
360 34342 41256 48 135982
361 34356 34655 25 4221
362 34367 37306 133 52211
363 34435 39471 66 91805
364 34468 40680 51 121015
365 34772 41802 25 41327
366 34811 34873 33 647
367 34926 39051 40 28047
368 34949 36855 20 36459
369 34956 39607 75 234864
370 35351 39305 26 40387
371 35538 37931 85 202865
372 35626 37051 47 24149
373 35692 36358 7 1061
374 35737 35752 7 116
375 35813 38741 13 40646
376 35845 39700 26 32942
377 35898 35900 61 206
378 36108 40264 113 242715
379 36128 37472 34 19982
380 36206 44057 74 490590
381 36308 39369 22 7311
382 36355 38181 83 70574
383 36403 42056 122 388624
384 36407 48802 11 56763
385 36438 38700 23 9693
386 36564 38264 17 9810
387 36680 36802 133 15808
388 36790 46260 81 257134
389 36934 39994 32 29332
390 36958 38934 118 82825
391 37025 43895 20 19646
392 37100 48916 17 80289
393 37257 42962 25 24272
394 37264 48272 10 61062
395 37328 37650 79 20822
396 37332 41001 138 782350
397 37677 37996 20 2156
398 37797 44851 78 100415
399 37894 38522 92 23974
400 37972 42090 99 288196
401 38309 40487 38 40675
402 38331 40265 9 5534
403 38333 38951 8 2569
404 38347 38726 49 3379
405 38375 38991 88 31661
406 38410 39542 81 57048
407 38499 44889 80 214035
408 38538 40706 129 150878
409 38579 41183 85 29417
410 38583 38617 18 1720
411 38607 40436 37 61106
412 38720 39577 74 66354
413 38816 39934 49 6679
414 38832 40245 16 3936
415 38855 44233 73 215858
416 38913 39179 43 5260
417 39064 44160 24 78852
418 39317 40462 11 5254
419 39387 49187 31 95027
420 39421 42122 15 24665
421 39492 43306 44 34901
422 39509 46681 6 16116
423 39547 39579 113 2901
424 39691 41569 7 4351
425 39723 40394 76 64083
426 39747 41506 23 45009
427 39890 40493 33 18662
428 39913 41448 32 24365
429 39928 43290 135 143479
430 39936 45187 13 35994
431 39947 42253 118 128123
432 39986 40405 50 15747
433 40217 40650 29 4573
434 40400 40617 145 8630
435 40601 41935 94 59898
436 40694 42729 134 95850
437 40746 52233 48 87654
438 40771 51373 123 442125
439 40806 41395 45 23906
440 40841 40868 36 377
441 40924 41722 57 25647
442 40965 41859 17 5691
443 41073 41203 149 5037
444 41207 41310 36 1908
445 41230 52016 149 964951
446 41250 43990 46 68825
447 41291 41575 129 11746
448 41534 45486 123 255424
449 41663 41691 98 1300
450 41933 43313 44 17396
451 41938 42176 107 7000
452 41997 43642 7 3216
453 42097 48871 137 354562
454 42281 47951 69 125978
455 42284 47055 8 13420
456 42409 44588 135 120853
457 42412 45638 44 82959
458 42448 43028 5 1814
459 42549 46300 82 198934
460 42555 50257 49 113751
461 42563 45820 13 21505
462 42802 45992 122 138202
463 42840 44598 30 28102
464 42870 44495 87 42367
465 42945 47731 41 78037
466 43105 47094 145 431736
467 43302 43660 130 40041
468 43370 52058 49 32255
469 43416 43685 74 6438
470 43638 49172 15 31530
471 43892 48107 129 186403
472 43937 45295 19 7230
473 44003 46716 18 23472
474 44014 46700 61 102337
475 44042 45466 120 157063
476 44085 44126 141 3661
477 44121 45780 92 14618
478 44334 47993 111 119982
479 44460 44635 48 4722
480 44597 47029 110 140642
481 44662 53960 35 291777
482 44726 45188 38 29042
483 44751 46471 13 29397
484 44786 50335 63 586482
485 44892 48127 26 23223
486 45009 45686 72 56264
487 45067 47923 141 84872
488 45257 45993 79 60153
489 45449 45788 27 15444
490 45750 48106 43 93032
491 45819 46221 43 14760
492 45885 52425 112 373769
493 45975 49584 123 252654
494 46062 55897 141 547552
495 46129 48030 9 6775
496 46189 50025 63 84279
497 46210 46292 50 3599
498 46213 49811 44 84861
499 46291 48094 143 101858
500 46426 50612 18 8636
501 46550 47939 33 15196
502 46595 49054 23 55620
503 46780 48269 39 18589
504 46783 47999 57 30057
505 46816 52354 83 256734
506 47092 47411 26 3216
507 47299 48751 99 78009
508 47366 51592 116 467916
509 47537 50854 11 15361
510 47691 51336 32 53426
511 47724 48555 12 8081
512 47787 50517 43 80842
513 47789 48472 23 9955
514 48048 50414 79 37602
515 48286 52437 90 189508
516 48299 49770 109 44772
517 48323 54493 27 21115
518 48340 49192 9 1729
519 48456 48952 68 11961
520 48461 49101 8 4199
521 48476 50306 133 173878
522 48498 52055 6 6261
523 48578 52953 94 219836
524 48588 52404 62 155038
525 48616 49696 137 16247
526 48900 49239 9 3102
527 48920 49531 58 13496
528 48959 49406 52 10821
529 49067 49880 10 8971
530 49092 56516 104 394499
531 49148 51152 44 31561
532 49279 51148 20 9432
533 49369 50961 5 10140
534 49658 54400 45 68763
535 49725 60158 87 625267
536 49767 52539 11 6120
537 49775 51123 111 78002
538 49906 50295 41 10229
539 49971 51619 28 21646
540 49974 52255 45 39244
541 50229 51037 45 11157
542 50299 52877 6 4024
543 50420 57362 130 411031
544 50421 53385 84 81373
545 50508 52238 40 39221
546 50528 51267 47 32322
547 50758 50860 26 1001
548 50887 52262 18 6895
549 50942 57981 121 280250
550 50998 52287 69 99589
551 51139 52038 114 48624
552 51145 51544 93 11392
553 51224 51881 22 7548
554 51292 53628 149 98319
555 51354 51773 71 28278
556 51413 52466 9 2457
557 51602 59805 43 34472
558 51756 52077 71 7827
559 51806 58693 109 331061
560 51813 54413 44 23500
561 51835 56367 89 85773
562 51903 57283 47 108806
563 51946 52376 91 10623
564 51971 53822 109 52384
565 52085 54412 51 31769
566 52189 52505 84 24006
567 52335 58494 98 171785
568 52536 54639 4 1980
569 52589 59450 107 379576
570 52605 53467 105 24931
571 52698 53917 129 68427
572 52907 53316 39 9551
573 52947 65124 28 120070
574 52950 54211 133 31516
575 52987 54988 86 134890
576 53097 55864 142 138923
577 53100 56945 75 124135
578 53147 54568 23 21502
579 53182 58746 23 53509
580 53200 59778 144 702220
581 53239 55580 45 26283
582 53360 55199 6 16534
583 53400 66014 6 21932
584 53518 56444 76 65322
585 53532 56005 98 40277
586 53601 53783 21 1965
587 53609 54169 4 913
588 53731 54713 56 39732
589 53869 58680 6 28655
590 54105 58619 75 160543
591 54274 55920 9 8811
592 54302 57412 32 43418
593 54314 54469 13 309
594 54326 57273 114 68092
595 54338 58590 30 86125
596 54420 54704 17 4017
597 54446 56837 66 107876
598 54488 55294 53 18977
599 54599 62966 89 295939
600 54609 54805 104 5267
601 54632 57259 22 20627
602 54665 56904 37 28708
603 54689 55646 61 37756
604 55056 57481 85 51583
605 55065 56309 12 10802
606 55180 56658 80 43870
607 55279 63540 21 59240
608 55326 60200 92 152580
609 55350 56334 122 35525
610 55490 59697 84 471950
611 55587 59110 143 282667
612 55593 60223 80 171441
613 55598 61479 19 21581
614 56024 56924 16 5551
615 56075 58576 87 78891
616 56258 58300 48 24940
617 56268 57325 5 3587
618 56291 57058 46 11850
619 56376 60907 85 273195
620 56537 59520 62 110263
621 56774 57967 65 28410
622 56778 57116 50 6394
623 56827 61827 24 26381
624 56834 57135 14 4008
625 57018 60575 6 7719
626 57112 58893 104 19465
627 57229 58395 39 9810
628 57269 60670 42 107921
629 57335 58630 14 10653
630 57388 57727 14 3447
631 57454 65425 46 179959
632 57472 60092 146 262709
633 57531 58125 37 15695
634 57558 58298 60 42302
635 57604 60357 39 50802
636 57653 57828 99 18892
637 57674 60942 145 249934
638 57780 58923 140 70423
639 58076 59249 144 143135
640 58524 66613 107 426265
641 58640 58769 120 4242
642 58732 58881 4 318
643 58754 62285 10 13903
644 58830 66158 30 66561
645 58845 59342 30 4049
646 58891 59065 66 4599
647 58979 60293 122 122297
648 59012 66533 103 304263
649 59090 64418 4 8965
650 59136 65737 118 238231
651 59208 63079 33 43958
652 59250 61928 146 157121
653 59348 59435 100 5459
654 59630 64443 22 25208
655 59796 61542 82 56573
656 59849 67851 5 26141
657 59953 62842 16 26834
658 60099 63012 95 157684
659 60268 71319 122 314119
660 60312 62347 31 25549
661 60355 66964 31 115832
662 60437 60573 29 1546
663 60481 62958 35 80889
664 60606 66546 39 165684
665 60667 61293 12 2829
666 60871 71744 37 219592
667 60995 62642 81 46807
668 61037 68671 68 230175
669 61249 62304 5 2032
670 61275 71093 11 78827
671 61325 63424 8 3203
672 61367 64105 12 16461
673 61413 62095 52 12942
674 61420 63258 97 112537
675 61987 64088 28 22934
676 61997 62864 38 25042
677 62103 73913 18 49283
678 62274 62433 77 13417
679 62308 75224 49 135205
680 62370 63008 113 45228
681 62405 63047 75 35904
682 62614 68262 70 295361
683 62646 63472 7 7759
684 62742 63081 9 2901
685 62783 63019 133 7008
686 62791 64886 101 105019
687 62916 63357 17 9132
688 63076 73448 67 215773
689 63432 73382 13 24976
690 63453 63942 32 17737
691 63526 75060 11 27835
692 63575 64460 120 26964
693 63659 66247 7 13986
694 63967 65053 82 44394
695 63999 67424 38 46529
696 64020 66339 52 40001
697 64276 65262 121 60679
698 64286 64539 119 16480
699 64393 64466 27 794
700 64434 66213 14 33427
701 64776 65308 145 30992
702 65010 66282 25 23820
703 65031 68261 59 213001
704 65148 73080 78 422116
705 65246 66920 49 58151
706 65248 66106 69 40051
707 65358 70037 143 112422
708 65611 67872 128 229531
709 65638 66619 142 43252
710 65925 66868 110 29751
711 65951 74274 81 498590
712 65968 66478 131 19533
713 66121 68118 24 55340
714 66169 67012 70 29688
715 66212 68881 105 55311
716 66402 71403 97 271089
717 66547 73105 101 180715
718 66560 74961 64 126162
719 66659 71444 18 82415
720 66716 68482 7 4940
721 66774 78407 92 836551
722 66888 68394 91 47173
723 67016 74976 103 257086
724 67057 67226 77 12399
725 67074 67187 51 2682
726 67238 70258 88 187524
727 67434 69742 63 113807
728 67435 67978 103 31247
729 67443 71113 26 33836
730 67465 70723 31 55832
731 67723 69476 28 17615
732 67761 84838 43 286594
733 67878 68598 29 13647
734 67983 72841 110 349030
735 68013 71332 73 124301
736 68036 68405 33 4808
737 68100 68591 7 3410
738 68108 74363 6 19429
739 68128 69164 111 72801
740 68204 73571 70 227124
741 68521 72019 5 14832
742 68652 69308 11 2823
743 68712 74306 82 355205
744 68911 69684 95 62815
745 69040 69283 6 822
746 69167 73826 37 57838
747 69236 71812 79 76114
748 69422 72466 45 92116
749 69527 69769 113 6382
750 69602 72544 96 544384
751 69664 75081 74 132234
752 69811 74852 117 108724
753 69926 76998 88 155121
754 70201 73691 5 4078
755 70215 72497 36 64770
756 70227 74272 95 469899
757 70511 72312 77 82698
758 70589 71376 38 14342
759 70675 74141 102 117007
760 70682 77138 86 381755
761 70810 73031 133 160098
762 71145 73309 24 10172
763 71193 72801 45 30061
764 71404 72617 138 51452
765 71454 76238 6 5779
766 71605 73199 32 24341
767 71665 72789 102 61415
768 71733 89494 84 720498
769 71833 72097 26 8224
770 71991 75121 24 74552
771 72055 75036 18 12431
772 72294 74483 63 61457
773 72310 74902 13 14245
774 72315 79236 52 191240
775 72592 74092 56 23341
776 72821 74206 94 40314
777 72981 74396 46 132659
778 73364 78504 94 156999
779 73520 74560 28 11182
780 73551 84426 117 623567
781 73570 75300 30 17868
782 73591 80004 12 29408
783 73604 73712 148 10076
784 73697 77683 92 358511
785 73769 74266 146 18791
786 73777 73822 37 1189
787 73786 75299 6 5905
788 73888 73992 31 2713
789 73904 74074 72 14254
790 73963 75776 52 39479
791 74029 76264 28 70289
792 74114 74119 42 140
793 74138 76163 67 99640
794 74223 76078 14 21651
795 74472 77776 109 146567
796 74477 78388 5 12051
797 74599 78447 74 73984
798 74703 81002 95 314134
799 74894 76035 70 43309
800 74945 81582 120 275621
801 74990 78642 7 3649
802 75042 76048 71 28721
803 75239 76869 18 10214
804 75279 75618 12 1360
805 75321 80415 20 121491
806 75394 77933 106 439625
807 75469 78991 28 35299
808 75554 76636 39 11035
809 75613 76305 76 13944
810 75655 78215 18 37119
811 75750 77513 33 18446
812 75998 82323 84 201597
813 76070 76226 13 705
814 76317 76433 19 1349
815 76361 80276 124 225765
816 76478 85873 34 59049
817 76854 78288 146 61352
818 76860 85273 66 252302
819 76962 81570 15 88411
820 77044 78123 88 40725
821 77052 77989 98 86253
822 77188 85294 69 372615
823 77272 77643 29 1932
824 77288 78202 119 57190
825 77358 77856 141 25728
826 77729 81938 49 179574
827 78053 79868 92 59750
828 78056 84521 9 25544
829 78225 92239 5 66237
830 78316 82078 47 161815
831 78762 79116 148 60718
832 78866 84101 137 98607
833 78901 81218 76 26707
834 79006 79564 94 42116
835 79016 79410 137 25279
836 79038 81057 7 4853
837 79093 79558 8 933
838 79096 80250 116 180910
839 79305 81228 16 24783
840 79364 79811 27 9814
841 79373 79956 64 26756
842 79523 81425 117 167143
843 79527 80946 19 16514
844 79528 81276 32 15956
845 79568 83396 49 71476
846 79574 79863 20 2045
847 79591 79859 11 2349
848 79614 80414 47 30118
849 79674 80337 73 21228
850 80038 84254 30 89896
851 80051 85002 87 139882
852 80186 82180 57 85083
853 80534 80660 140 11133
854 80960 87666 59 116377
855 80978 85243 4 16018
856 81003 86754 61 307439
857 81270 81727 149 80105
858 81652 83784 42 41603
859 81898 84034 120 55833
860 81907 86451 63 269607
861 81995 83851 26 46248
862 82014 84697 25 21793
863 82023 82664 115 181583
864 82150 87245 103 238483
865 82218 83028 73 79503
866 82402 87433 6 16667
867 82478 86279 21 52479
868 82499 83221 10 9043
869 82714 84736 109 70840
870 82776 83316 143 36746
871 82803 83945 29 12769
872 82977 90812 144 429120
873 83279 84913 79 82599
874 83311 88821 6 13790
875 83312 85869 66 52056
876 83354 84655 16 21759
877 83429 98621 78 1835125
878 83676 83984 113 46607
879 83952 84357 67 37666
880 84052 89368 10 23713
881 84156 86342 90 166483
882 84176 85086 105 24781
883 84248 93253 9 21947
884 84275 87738 139 196775
885 84278 85043 124 36307
886 84364 85643 54 23950
887 84418 85223 7 3855
888 84454 84473 7 67
889 84559 85875 77 63744
890 84748 86987 67 81573
891 84814 85252 81 8382
892 84863 86213 36 21419
893 84885 91128 24 75025
894 84892 85562 45 16028
895 84918 85870 65 76924
896 85281 85392 144 6240
897 85338 87102 99 75900
898 85381 88881 8 11533
899 85494 90327 118 842144
900 86020 86103 30 1834
901 86102 87045 41 35157
902 86556 87391 4 352
903 86611 89800 45 65418
904 86996 90111 9 21237
905 87035 90899 77 112975
906 87052 91278 41 112438
907 87056 89566 56 112020
908 87146 87965 146 65231
909 87176 89903 50 70420
910 87450 88508 38 32650
911 87559 87848 32 6142
912 87568 88116 13 15491
913 87678 87761 55 3256
914 87770 88790 39 20161
915 88222 88972 13 8064
916 88513 89302 146 32284
917 88649 90541 9 5402
918 88737 88924 43 6447
919 88982 89413 33 10179
920 88993 94297 11 17998
921 89192 95984 24 50633
922 89230 89921 27 4829
923 89237 93726 10 24939
924 89354 93867 30 77389
925 89383 90853 76 55797
926 89454 93994 9 16701
927 89539 90675 100 60410
928 89573 93025 22 92118
929 89750 90921 39 26974
930 89826 94740 71 97047
931 90008 95428 75 222144
932 90050 90139 66 1018
933 90058 94454 34 62194
934 90131 92297 118 185205
935 90142 94917 56 94876
936 90159 90275 56 5107
937 90185 92478 111 199742
938 90301 93342 53 152472
939 90338 92071 54 54694
940 90412 92001 75 46327
941 90418 90808 21 3641
942 90534 91556 85 24931
943 90540 92766 97 53033
944 90660 91464 83 30548
945 90682 90887 22 3152
946 90714 94960 45 149957
947 90864 92155 145 119356
948 90931 92194 88 31473
949 91322 95906 5 23483
950 91372 96477 40 84160
951 91530 93688 50 101569
952 91662 94010 44 76824
953 91866 95416 13 48933
954 91923 93790 87 29654
955 92039 98297 47 58384
956 92219 93133 141 76343
957 92229 95751 71 104884
958 92284 92408 11 517
959 92472 94106 79 108089
960 92663 98967 54 102245
961 92665 97444 106 619279
962 93423 98817 62 50897
963 93524 95988 38 68094
964 93531 96782 136 123868
965 93676 95031 11 2166
966 93716 95340 110 103691
967 94071 97581 5 5124
968 94149 95696 45 39703
969 94174 97882 66 158726
970 94220 95382 78 27596
971 94363 95944 4 4620
972 94386 95463 51 29971
973 94569 97925 10 21393
974 94915 97395 135 70955
975 95073 99864 77 105529
976 95097 97823 66 92292
977 95140 95442 9 1412
978 95188 98449 73 94179
979 95691 99212 54 59438
980 96074 97639 52 79858
981 96299 97666 29 15810
982 96362 96627 125 12396
983 96452 97820 21 7593
984 96597 99138 31 24457
985 96599 97121 50 13746
986 96702 97358 21 8529
987 96762 98537 11 13208
988 96771 99490 46 55636
989 97030 99427 94 44069
990 97210 99805 113 450041
991 97240 98626 139 83537
992 97242 99938 5 5940
993 97318 97781 65 34106
994 97450 97831 24 3897
995 97538 99494 42 40702
996 97841 98036 30 2747
997 98214 98795 83 23913
998 98287 98707 59 20243
999 98484 99517 146 52642
