50 1000 0.063
..................................................
..................................................
..................................................
..................................................
..................................................
..................................................
..................................................
..................................................
..................................................
..................................................
..................................................
..................................................
..................................................
..................................................
..................................................
.....#............................................
.....##...........................................
......##........#.................................
.....##.##.....###................................
...#########..#####...............................
.....######......##...............................
...####...#.......................................
......###.##......................................
......##..........................................
....###.............#.............................
.....#.........###.##.............................
...............###.##.##..........................
................#####.#...........................
.................##...#.......................#.##
.................######.......................###.
.................###.#.#....................####..
..............####..#.####....................###.
........#........#########...#....................
........####.###########.....#....................
........##.....##########....#....................
........####.##.#.#######.######..................
........######....#..##.#######...................
.......#.#.###...##...###.##..#...................
......####............#.##.....................###
......##.##....................................#..
.......#.#.....................................##.
.........#........................................
.........#........................................
.........#........................................
..................................................
..................................................
..................................................
..................................................
..................................................
..................................................
0 61 23410 27 290058
1 98 2084 121 273223
2 137 9207 14 58201
3 238 13943 19 147727
4 261 4218 102 158747
5 323 4596 38 48173
6 421 1615 4 2564
7 612 8057 9 59107
8 976 15024 8 20242
9 1101 21532 122 525242
10 1231 10196 32 165386
11 1257 2524 123 234779
12 1274 2217 117 33583
13 1302 9629 103 937418
14 1530 6138 6 44191
15 1542 11402 111 705664
16 1644 5439 8 16103
17 1701 4816 14 13377
18 1753 9830 20 46661
19 1785 7336 28 65045
20 1833 6372 53 120257
21 1930 5213 39 27916
22 1968 4992 109 239523
23 2088 6610 62 73934
24 2167 3103 8 3226
25 2177 5669 24 36483
26 2224 39225 32 1242238
27 2233 9844 21 162708
28 2270 3064 5 2991
29 2367 6574 10 12803
30 2431 6760 24 56068
31 2572 9395 13 36507
32 2689 6521 46 51280
33 2792 15481 85 239253
34 2807 6176 39 92756
35 2874 4432 92 57781
36 2980 14520 43 221888
37 3079 11495 10 24159
38 3122 13031 12 68143
39 3132 7584 62 105999
40 3452 3786 34 14284
41 3561 8027 6 2703
42 3763 9037 137 219402
43 3817 4115 6 1471
44 3832 9036 19 26313
45 3855 7910 47 86702
46 3942 12250 8 109699
47 3954 5779 90 67395
48 4045 5899 149 60842
49 4063 26674 53 234468
50 4160 7606 24 46640
51 4202 4216 95 1085
52 4248 15328 86 501125
53 4351 10601 50 90183
54 4386 9126 34 32339
55 4408 11422 11 17587
56 4412 9440 13 22659
57 4445 15142 126 1519598
58 4558 12685 141 126433
59 4595 5420 7 2856
60 4599 4732 57 2968
61 4671 7610 36 28302
62 4876 11846 43 199715
63 4956 17730 48 214342
64 4967 8026 143 157696
65 4986 5432 6 2426
66 5135 7985 15 13844
67 5396 8495 78 104265
68 5412 31390 83 773105
69 5538 6204 53 29697
70 5853 6649 69 13749
71 5990 7263 72 43159
72 6132 7438 45 58107
73 6160 20692 75 241887
74 6173 9386 111 107360
75 6212 6597 7 4456
76 6407 24036 11 109212
77 6447 9581 100 101241
78 6455 12788 17 40014
79 6492 10194 30 27787
80 6561 7189 94 32826
81 6670 13135 32 58731
82 6673 13819 51 276283
83 6792 11441 148 203812
84 6850 20421 103 1040631
85 6881 8058 34 28669
86 6938 11347 125 409066
87 6958 16906 8 16399
88 7146 7258 101 3285
89 7168 17391 72 194656
90 7345 28561 10 132755
91 7386 9238 100 56871
92 7516 24250 52 311692
93 7552 8741 107 38195
94 7622 14998 78 195339
95 7629 25331 97 403950
96 7670 17258 149 478653
97 7675 16066 26 84338
98 7772 17248 88 856862
99 7862 14738 24 87311
100 8045 10240 14 18330
101 8488 9034 37 5212
102 8568 26339 32 131789
103 8583 9140 39 5898
104 8742 11423 39 79182
105 8930 11828 75 141920
106 8986 10487 56 26902
107 9254 9525 19 6619
108 9328 13188 104 166209
109 9336 17689 102 714915
110 9458 12069 35 66486
111 9526 33602 98 1097575
112 9655 12418 109 103101
113 9716 15950 18 42581
114 9733 17887 10 34775
115 9806 10356 14 4467
116 9843 14202 22 73727
117 10028 12070 4 2444
118 10083 18876 35 126822
119 10187 15187 73 230089
120 10430 11261 112 61815
121 10471 10618 20 1440
122 10497 15155 117 175342
123 10517 12930 21 11139
124 10766 10854 89 2931
125 10783 12551 95 67743
126 10808 18437 90 326276
127 10881 11244 90 15254
128 11080 11187 65 2520
129 11181 12896 23 28620
130 11266 33120 37 102256
131 11510 13356 148 297201
132 11586 12277 8 6244
133 11716 11776 22 581
134 12035 13874 4 8780
135 12071 13660 11 5268
136 12090 23562 5 45340
137 12105 13051 53 38159
138 12240 12970 111 25166
139 12345 18420 77 210927
140 12398 12403 38 121
141 12453 14061 11 6269
142 12486 16953 20 14897
143 12564 17167 141 151487
144 12576 31050 148 826568
145 12599 18975 22 106640
146 12769 13048 25 4745
147 12827 32459 89 1400035
148 12842 12922 14 1416
149 12859 14411 21 38346
150 12907 17104 45 55766
151 13009 15902 67 127133
152 13109 14737 114 149584
153 13320 22623 45 355821
154 13348 13661 105 7162
155 13369 17832 116 317512
156 13472 18405 51 68713
157 13571 15016 22 17072
158 13573 16451 10 4894
159 13758 27601 111 533323
160 14078 17309 55 164003
161 14233 28337 107 840192
162 14329 19671 146 156737
163 14356 14815 95 27849
164 14362 29222 43 229104
165 14367 19647 6 18016
166 14468 22885 104 320295
167 14624 19038 38 53205
168 14837 18487 15 18816
169 14864 18047 83 86247
170 14883 22055 71 226974
171 14932 30224 6 15697
172 14948 24624 103 587540
173 15079 23314 5 11574
174 15331 17969 145 260361
175 15651 16668 18 3533
176 15686 19644 17 25263
177 15741 21576 60 75719
178 16036 19009 78 176341
179 16057 22891 28 22119
180 16166 18748 6 4763
181 16187 28816 44 452183
182 16250 27338 126 758338
183 16276 21221 18 36660
184 16286 23707 76 168926
185 16409 17330 139 239274
186 16421 20445 37 90890
187 16520 16917 75 16603
188 16570 16990 65 36457
189 16648 29379 147 548951
190 16655 17364 40 18315
191 16735 32672 75 1156639
192 16799 17329 71 11920
193 16878 18919 32 25944
194 17057 18497 103 131111
195 17195 20219 68 58118
196 17402 25856 26 156848
197 17508 28958 92 170115
198 17532 24733 86 243098
199 17760 30790 7 119589
200 17828 40216 10 280416
201 18055 20926 49 102351
202 18255 18301 132 5694
203 18471 26226 126 900308
204 18960 30420 25 149371
205 18972 22644 113 260297
206 19014 25919 147 520554
207 19077 27536 9 27984
208 19078 35790 15 92677
209 19233 20203 137 73469
210 19386 44275 42 798347
211 19685 21134 15 16536
212 19749 21497 97 95412
213 19817 21220 14 8069
214 19845 36387 5 80045
215 19877 20536 65 31499
216 20061 34840 84 1470661
217 20257 33153 20 140644
218 20265 35303 38 309627
219 20277 20482 39 4229
220 20350 21948 144 51909
221 20462 21332 99 38849
222 20502 26943 109 291138
223 20613 29836 12 83680
224 20645 23216 130 125904
225 20884 26359 33 94710
226 21068 29633 74 999943
227 21108 24111 27 44772
228 21160 24518 79 62480
229 21342 26488 36 95561
230 21393 22818 57 56079
231 21435 26635 57 133884
232 21631 23982 116 160630
233 21674 23313 52 129017
234 21881 40478 102 1700498
235 21914 25413 31 66174
236 21964 26379 96 265732
237 22082 32269 92 186742
238 22206 23956 124 74221
239 22344 28720 111 214943
240 22575 24296 132 261292
241 22590 31730 131 1078946
242 22653 33772 76 189249
243 22661 31361 8 41732
244 22681 30753 104 272877
245 22770 23324 12 1727
246 22844 23849 24 12681
247 22963 26867 128 140120
248 23024 24822 80 153822
249 23025 23150 75 5359
250 23116 26285 34 72390
251 23282 31303 6 6917
252 23334 32626 26 108281
253 23336 27311 14 18064
254 23525 28116 149 410756
255 23594 26448 74 138152
256 23728 26716 69 242130
257 23808 27053 98 76986
258 23813 25827 86 32826
259 23818 43848 49 205742
260 23857 26012 77 92044
261 23954 30744 71 374734
262 23975 31387 9 19992
263 24106 34668 9 50948
264 24107 27983 31 29854
265 24129 27377 51 87033
266 24161 33358 35 106819
267 24178 31977 106 382918
268 24264 25060 6 1167
269 24276 46726 76 487904
270 24435 34600 53 54561
271 24520 27378 70 70412
272 24541 39341 45 306352
273 24558 26137 140 57438
274 24561 29376 9 17785
275 24609 43630 22 137567
276 24715 26246 66 231254
277 24870 26598 48 64423
278 24992 26812 66 108551
279 25027 28315 117 190322
280 25164 34732 95 216312
281 25186 31027 76 136588
282 25205 33086 66 398851
283 25221 36598 95 256181
284 25283 38984 90 197869
285 25343 26454 67 30764
286 25592 29840 9 24478
287 25743 26196 5 1795
288 25797 27859 113 68353
289 25913 29581 41 96777
290 25925 33950 12 46304
291 25984 28658 125 80413
292 26055 34007 72 135867
293 26202 38611 125 1136059
294 26478 37108 75 528068
295 26487 28870 107 26079
296 26589 27010 129 28399
297 26597 29760 26 30401
298 26723 37332 96 580727
299 26747 32886 38 164269
300 26764 28129 125 40050
301 26870 27000 63 2239
302 26900 50770 75 829785
303 26906 30221 82 85214
304 26923 33216 129 216821
305 26925 37003 34 168743
306 26972 27464 11 3799
307 27259 44526 47 257477
308 27265 42938 66 336214
309 27268 37206 5 27316
310 27302 39246 115 1260854
311 27314 29310 63 20750
312 27343 27523 51 6825
313 27492 28892 21 9373
314 27513 43287 64 576922
315 27775 30194 103 164598
316 28043 34777 76 505463
317 28188 37568 89 193548
318 28198 29503 19 25415
319 28329 49487 5 52142
320 28406 36822 25 19112
321 28508 35738 24 39138
322 28635 41705 144 377534
323 29228 37755 132 179140
324 29270 33677 47 129899
325 29362 37434 48 111049
326 29485 37259 4 29674
327 29596 34864 13 31510
328 29617 39389 9 25941
329 29652 37156 7 10428
330 29670 31055 82 83934
331 29675 32415 135 286106
332 29707 30773 85 75959
333 29709 34978 88 257817
334 30064 33260 35 21631
335 30079 30834 24 18814
336 30209 33271 49 85415
337 30313 34776 23 46252
338 30372 35957 7 22870
339 30426 32481 30 11460
340 30555 31016 146 34448
341 30643 34194 50 76216
342 30680 32258 8 6412
343 30709 43201 128 817894
344 30954 33642 71 125538
345 31051 41538 114 614187
346 31111 39774 49 434717
347 31162 34868 5 10844
348 31215 31884 58 13801
349 31538 46581 142 131864
350 31542 36737 42 165735
351 31737 35748 21 40625
352 31753 33028 58 31203
353 32046 40084 146 378134
354 32101 36234 28 160859
355 32108 34747 35 13320
356 32114 32342 95 13995
357 32121 32966 128 31400
358 32178 34820 133 261892
359 32210 42330 56 415617
360 32313 35251 21 34784
361 32425 49904 124 938426
362 32492 38476 5 29547
363 32493 44435 129 837526
364 32543 40880 20 37816
365 32670 40781 85 472797
366 32691 41531 69 98466
367 32924 39806 56 130180
368 33066 38772 11 34490
369 33176 42599 55 188212
370 33448 48006 8 33748
371 33467 38732 28 37430
372 33534 35110 107 148399
373 33540 43216 71 233155
374 33787 44176 62 255838
375 33861 44915 32 270420
376 33907 35965 28 26827
377 33918 41959 36 129456
378 33975 42590 22 32659
379 33990 39797 81 239281
380 34126 34939 50 57621
381 34213 39178 13 29093
382 34263 34696 4 756
383 34306 46927 133 829139
384 34673 35550 125 41351
385 34983 35429 9 1119
386 35005 35737 148 94816
387 35077 39477 92 248707
388 35291 36560 110 32821
389 35342 40080 67 77249
390 35352 41534 16 86294
391 35358 40569 101 150234
392 35368 38097 40 53800
393 35372 39792 8 15163
394 35754 37091 5 4793
395 35874 37383 97 59927
396 36142 40171 111 355082
397 36318 37137 54 16828
398 36356 36468 146 7674
399 36452 37708 45 38252
400 36461 38256 10 5485
401 36525 49698 12 32042
402 36554 41533 62 88398
403 36624 46594 141 768843
404 36632 46205 96 323876
405 36643 37303 109 43001
406 36702 43614 57 174561
407 36820 50109 112 684652
408 36853 37447 15 3983
409 36864 38054 108 72508
410 36926 38059 12 13530
411 37138 39939 62 123481
412 37334 39751 7 12379
413 37380 40767 101 271236
414 37562 40387 16 22490
415 37738 44756 148 185110
416 37806 40005 23 66736
417 38017 47462 119 430876
418 38033 50901 115 724279
419 38124 42355 29 26773
420 38138 58576 50 375439
421 38217 47886 65 632329
422 38310 38731 71 23051
423 38403 57486 36 446859
424 38405 46512 125 362723
425 38421 38630 119 26416
426 38450 42093 35 87514
427 38730 44036 104 146726
428 38966 44697 14 25145
429 39019 42613 26 96973
430 39220 42101 35 36619
431 39236 40422 39 10883
432 39314 42898 34 33684
433 39323 69624 100 2370929
434 39482 43177 51 83139
435 39537 39783 120 26706
436 39559 54947 145 566390
437 39636 42456 91 144455
438 39749 40520 12 5595
439 39755 41045 57 18385
440 39837 42109 71 115641
441 39937 42726 22 27754
442 40041 41641 93 48851
443 40077 40175 27 3238
444 40132 43884 42 71292
445 40137 42527 70 77620
446 40331 43110 28 43263
447 40376 46047 130 436068
448 40551 43217 48 52695
449 40653 49854 26 119612
450 40696 49545 77 486776
451 40888 41720 71 20845
452 40955 53569 101 126740
453 40973 58612 25 157006
454 41276 42151 117 29329
455 41521 53016 81 233341
456 41664 54248 135 259177
457 41894 42512 79 26339
458 41916 48644 27 96944
459 42187 48987 112 144030
460 42324 44629 129 160487
461 42458 46475 45 30854
462 42564 43961 45 18827
463 42790 45507 36 43063
464 42830 43239 118 14176
465 42972 43226 118 45697
466 43120 44548 111 72586
467 43122 59999 61 136837
468 43155 44648 148 143132
469 43211 56484 91 226458
470 43365 43657 36 8960
471 43472 54096 54 115215
472 43545 44795 7 14049
473 43572 51075 12 62497
474 43629 46175 18 29186
475 43793 44330 41 8063
476 44082 56892 86 723117
477 44087 45714 148 214061
478 44189 51138 7 26542
479 44234 44384 120 13865
480 44397 47159 79 84754
481 44424 55474 14 57042
482 44466 44673 28 2744
483 44533 50379 38 171985
484 44534 50991 17 20841
485 44550 47164 5 6891
486 44553 45982 5 1217
487 44568 53087 42 51549
488 44751 48495 62 82189
489 44854 47772 92 128140
490 45029 61861 61 256156
491 45054 45776 63 32275
492 45098 45406 47 7413
493 45099 50522 31 56261
494 45286 59905 14 36825
495 45462 45870 57 16061
496 45475 46174 15 9443
497 45756 47165 141 82261
498 46180 49863 11 26210
499 46411 56198 111 437616
500 46645 50145 13 23059
501 46676 51831 49 248209
502 46714 47765 55 16063
503 46785 61153 12 43258
504 46799 66753 10 165707
505 46811 47356 30 5754
506 46897 47357 22 6984
507 47039 47513 37 12545
508 47094 50331 10 9107
509 47169 53372 122 484488
510 47218 51016 65 90887
511 47251 47439 42 9291
512 47275 50150 90 236808
513 47313 50330 75 115503
514 47383 56128 23 95487
515 47530 50947 35 69532
516 47657 70986 7 20261
517 47749 59873 21 74522
518 47750 50008 94 117700
519 47855 51695 6 36233
520 47916 54631 112 594627
521 47933 50415 74 64370
522 48052 50162 31 24939
523 48168 49410 46 33695
524 48220 56457 53 179754
525 48271 52411 76 163717
526 48347 49739 20 10289
527 48559 48757 67 3278
528 48567 51465 140 226474
529 48571 68676 55 411472
530 48770 49090 45 4362
531 48835 50909 17 14625
532 48854 64330 78 218564
533 48903 49991 16 8254
534 49196 51136 107 107473
535 49197 52448 23 20155
536 49494 50216 10 7828
537 49526 56594 11 36055
538 49654 70221 50 391829
539 49696 54716 54 75534
540 49702 56326 29 74885
541 49756 53301 111 304918
542 49970 50267 76 10567
543 50157 51603 5 4093
544 50407 56193 44 64834
545 50431 76382 76 722773
546 50705 55177 35 108406
547 50745 52911 138 161424
548 50751 69975 66 227915
549 50756 58251 23 70632
550 50797 51510 74 69515
551 50815 55555 111 112989
552 50920 52472 41 25795
553 51055 51511 105 17957
554 51255 56962 7 9875
555 51599 97741 8 132986
556 51770 55198 71 47683
557 51827 52674 26 19059
558 52026 57259 86 115642
559 52112 59359 110 503461
560 52139 60542 86 313684
561 52238 62705 127 1851382
562 52424 58967 9 21188
563 52622 54048 29 17719
564 52711 59027 59 243439
565 52787 58735 12 35385
566 52814 57460 41 72253
567 52824 53773 26 5947
568 52915 64725 121 179924
569 53207 57456 59 322252
570 53389 55376 104 80217
571 53436 54361 8 1789
572 53458 59474 7 21938
573 53572 63243 63 136917
574 53670 57294 15 16526
575 53742 56375 13 9613
576 53836 57763 44 240288
577 53958 66320 7 38939
578 53974 58508 80 138801
579 53994 57209 43 100666
580 54026 56107 125 77845
581 54313 60231 135 477625
582 54479 62443 15 26664
583 54489 63292 89 270204
584 54652 77569 17 97563
585 54876 68959 7 54623
586 55066 64758 54 657762
587 55084 55933 71 20918
588 55206 66490 69 152936
589 55301 56495 137 191090
590 55369 60483 17 45683
591 55382 59215 55 58347
592 55456 68308 60 799985
593 55525 59071 18 33843
594 55541 63064 35 113394
595 55740 56776 47 9414
596 55832 56041 9 1018
597 55881 61795 8 24332
598 55887 56740 75 23565
599 56015 61977 47 143164
600 56136 61489 114 150889
601 56161 60339 130 153972
602 56172 62092 115 429637
603 56272 67999 92 441592
604 56337 61706 13 16024
605 56397 59773 61 124119
606 56785 56917 28 1486
607 56904 58161 12 8121
608 56909 59200 70 142033
609 56986 71753 124 437858
610 57005 71213 8 47678
611 57060 72082 104 834723
612 57106 57754 113 56308
613 57213 59411 18 6679
614 57268 65109 76 281084
615 57381 62295 9 10849
616 57516 65133 74 146451
617 57583 60621 23 60260
618 57820 58032 147 16197
619 57948 61673 12 15037
620 57959 59447 53 27261
621 57974 61811 99 91632
622 58185 60129 114 116074
623 58253 70963 143 487799
624 58318 58586 99 21078
625 58323 67109 106 1106421
626 58341 68180 59 320039
627 58408 75065 108 358953
628 58506 60295 43 18287
629 58575 62459 5 5159
630 58620 60824 13 14840
631 58725 63688 80 145064
632 59032 62255 141 201456
633 59040 65574 74 194631
634 59066 62431 37 34278
635 59092 62120 5 17409
636 59125 75938 40 553720
637 59135 60625 128 139006
638 59381 63359 131 121786
639 59412 65456 75 322482
640 59503 76263 114 1089702
641 59638 63207 63 123037
642 59640 65727 60 62700
643 59842 65289 20 37136
644 60107 62961 8 3204
645 60121 63273 44 41883
646 60135 70443 12 15290
647 60481 61266 51 17741
648 60715 80815 131 716685
649 60794 64373 26 72383
650 60846 62899 48 38671
651 60964 64238 149 252698
652 61296 64206 147 245276
653 61351 71157 54 176540
654 61560 93598 10 184662
655 61573 63037 21 17769
656 61604 65057 102 166198
657 61666 62170 72 18705
658 61724 69753 20 88835
659 61726 61990 33 3477
660 61745 63474 20 27932
661 61917 63525 40 133309
662 62113 63271 52 15954
663 62227 62383 48 5271
664 62257 72803 7 34585
665 62322 69503 38 81060
666 62410 63318 10 5542
667 62506 86732 62 839990
668 62516 65838 132 167947
669 62557 63134 28 4957
670 62609 66111 100 200312
671 62613 91955 9 108147
672 62640 67648 144 557529
673 62657 63967 10 5077
674 62670 65522 16 36513
675 62776 64397 18 12818
676 62873 66164 130 1037312
677 63102 64012 44 9723
678 63103 63545 73 37220
679 63127 63886 125 98663
680 63233 63518 139 38757
681 63377 67631 58 104797
682 63450 66486 31 29024
683 63611 64983 16 9325
684 63627 63945 120 39887
685 63677 66801 11 17392
686 64030 64074 114 10651
687 64062 68411 58 153200
688 64078 70576 15 93054
689 64093 66280 73 176037
690 64415 69209 7 9083
691 64666 64937 44 11122
692 64707 69256 71 266043
693 64940 65082 50 2673
694 65167 65514 52 22169
695 65535 79728 70 142261
696 65588 69247 75 149514
697 65706 82850 17 109415
698 65843 73744 49 234551
699 65909 66598 108 22996
700 66073 66312 10 923
701 66230 74561 5 21719
702 66249 69192 70 44547
703 66286 67321 134 48102
704 66334 69783 130 234947
705 66505 69082 120 375565
706 66673 74646 61 40147
707 66681 68580 80 99775
708 66709 73303 82 275500
709 66723 67871 102 84182
710 66742 68955 57 45918
711 66762 68442 22 9767
712 66773 67293 116 38655
713 66802 68747 101 99436
714 67094 72241 73 46162
715 67260 75011 98 271597
716 67361 71864 80 260793
717 67513 69892 90 184854
718 67656 76473 5 15170
719 67754 72044 137 172025
720 67834 97964 65 1648750
721 67849 69252 35 12428
722 67953 70516 64 96381
723 68024 72730 54 220733
724 68115 85961 43 206148
725 68233 76402 145 289005
726 68248 73745 40 106822
727 68258 87098 115 627232
728 68365 68966 8 3869
729 68386 93376 39 308143
730 68446 76281 8 24304
731 68617 69608 73 28833
732 68633 76849 65 433546
733 68672 69640 148 76303
734 69013 72075 45 114745
735 69020 83113 29 265382
736 69025 78792 15 128270
737 69031 73883 28 15175
738 69101 75078 14 33763
739 69121 74637 107 515564
740 69265 71251 101 58678
741 69301 69595 10 992
742 69324 70116 6 4358
743 69527 79758 114 392103
744 69654 74573 4 6793
745 69695 75989 22 62587
746 70064 73414 17 29566
747 70223 71542 102 72961
748 70236 70532 13 4408
749 70286 76182 59 162464
750 70327 88342 121 1063679
751 70345 72681 134 104065
752 70457 79088 10 58595
753 70554 77985 22 68281
754 70647 70933 85 7173
755 70800 93451 42 263602
756 70818 71171 84 33977
757 71077 75644 9 17095
758 71087 82481 96 426336
759 71299 89972 17 225724
760 71314 72115 19 7813
761 71428 91039 44 229650
762 71458 82395 126 329767
763 71477 73781 119 268444
764 71560 81377 116 715079
765 71634 73577 19 15298
766 71647 74575 109 128117
767 71659 72188 10 7206
768 71682 77319 19 55911
769 71988 73352 23 31450
770 72031 73300 19 13376
771 72058 76804 51 111099
772 72145 79411 26 222748
773 72154 73823 36 48052
774 72225 78459 17 59809
775 72533 77096 61 155498
776 72772 73351 41 11956
777 72812 75265 9 7887
778 72863 75224 11 10294
779 72958 80683 15 32371
780 72987 81556 51 172885
781 73151 75995 6 4924
782 73170 77084 99 212416
783 73235 75736 48 83030
784 73275 74014 132 130594
785 73546 74373 27 10800
786 73728 77039 26 38313
787 73808 76308 99 155543
788 73914 76685 126 79526
789 73946 76850 60 74760
790 73969 75626 19 4586
791 74069 80603 7 21468
792 74092 74623 135 23216
793 74094 82181 22 125978
794 74378 84091 50 269245
795 74382 78344 15 49898
796 74464 76562 80 150174
797 74696 77559 69 134657
798 74797 88086 56 128969
799 74800 85623 5 48331
800 74819 75798 14 9484
801 75041 86075 32 140080
802 75234 78899 68 94377
803 75364 76059 11 4382
804 75447 80352 23 49941
805 75501 75802 6 358
806 75558 78249 10 6106
807 75586 80642 98 350893
808 75747 85121 75 214903
809 75758 79049 69 198083
810 75812 77254 137 49831
811 75832 79266 18 18225
812 75931 78852 8 14978
813 75944 76774 107 10568
814 76011 76222 21 2162
815 76071 80750 48 79916
816 76073 80445 90 97642
817 76252 83315 123 774312
818 76295 91057 97 687244
819 76331 84569 8 15517
820 76438 89135 28 153247
821 76481 88956 123 484964
822 77288 77405 27 1843
823 77365 78460 105 52905
824 77375 77694 65 30144
825 77381 93875 122 453181
826 77601 89172 150 652167
827 77696 78715 67 36993
828 77890 80854 14 8316
829 77948 84719 22 27216
830 78041 82773 30 56619
831 78130 78483 15 6383
832 78194 80620 89 178473
833 78220 88531 35 135630
834 78386 85972 73 134393
835 78417 85189 64 525768
836 78463 85048 14 95484
837 78466 85805 16 96847
838 78511 91007 70 162235
839 78573 88454 46 514148
840 78661 79395 41 17730
841 78762 94793 91 1566624
842 78820 84489 32 145414
843 78900 85141 99 376972
844 79093 79935 5 1854
845 79144 89725 126 442510
846 79174 89524 8 39165
847 79250 84694 96 139434
848 79358 85857 6 12698
849 79398 94767 31 155219
850 79413 87611 66 186737
851 79493 83596 8 9405
852 79725 92570 135 843722
853 79745 80074 115 21010
854 79828 92626 66 204900
855 80028 86581 27 263784
856 80048 83684 71 225465
857 80132 84996 14 26199
858 80233 92524 56 499039
859 80309 83270 105 97953
860 80391 94245 60 299961
861 80419 81517 12 4043
862 80513 91208 9 73356
863 80792 90895 13 84236
864 80926 82263 44 25462
865 80939 90481 53 345266
866 81011 92070 4 10055
867 81077 88919 17 72887
868 81147 94768 33 290456
869 81205 81381 63 6146
870 81219 86306 65 383889
871 81340 84803 5 4997
872 81389 90042 15 64556
873 81495 89551 15 99120
874 81760 86050 141 223455
875 81764 84686 92 84738
876 81789 82184 143 100984
877 81876 84593 7 6889
878 81934 83605 14 4768
879 82050 82582 44 9635
880 82178 83110 106 44776
881 82189 91207 50 148272
882 82525 88803 7 10650
883 82538 87698 115 301919
884 82594 91166 15 102908
885 82940 94436 7 32666
886 82996 83364 6 1107
887 83071 84748 71 109060
888 83149 85580 9 7208
889 83199 84423 46 47226
890 83502 84324 67 15955
891 83674 87317 106 393312
892 83703 85440 67 57320
893 83745 83877 22 672
894 84135 92404 44 98101
895 84157 85067 41 16411
896 84177 86721 81 68600
897 84197 88420 35 60793
898 84295 87508 36 250605
899 84386 87264 32 69099
900 84564 92719 69 175951
901 84696 85173 128 15874
902 84795 90557 87 166318
903 85666 87479 113 106994
904 85683 88162 129 463363
905 85765 90054 137 479855
906 85921 86706 9 7911
907 86241 97039 37 110902
908 86245 92310 97 494068
909 86374 91621 7 7005
910 86523 87918 28 22400
911 86597 88389 51 118137
912 86787 87893 136 25245
913 86922 88559 22 21133
914 86927 87545 11 5557
915 86931 90298 143 235477
916 87082 89112 66 22558
917 87086 93508 57 316224
918 87409 89813 120 66213
919 87549 88160 10 4317
920 87572 99619 124 333800
921 87585 87817 148 13056
922 87610 88934 12 5014
923 87693 89438 25 20632
924 87707 93913 126 257372
925 87956 96693 36 155070
926 88122 94940 7 18674
927 88191 90056 103 112754
928 88224 91096 64 44169
929 88241 96579 73 251776
930 88264 89626 41 24621
931 88321 89645 123 40840
932 88388 93912 7 13706
933 88499 90592 89 113705
934 88572 89386 64 62175
935 88684 92486 111 243574
936 88896 91253 93 227002
937 88949 91121 32 19666
938 88992 94557 51 76702
939 89057 89689 135 83362
940 89316 90433 140 86339
941 89423 93653 66 238718
942 89584 92897 12 34423
943 89757 91606 115 56420
944 89911 92266 22 19401
945 89918 91417 17 19119
946 90035 92654 115 120798
947 90159 99090 14 54627
948 90290 93031 12 9293
949 90630 92754 5 8946
950 90736 91317 138 45493
951 90809 92613 44 107455
952 90974 95783 131 180771
953 90992 94537 15 6934
954 91052 92758 93 119292
955 91184 91259 83 3373
956 91218 94308 17 33503
957 91344 95376 148 407535
958 91645 92280 98 32693
959 91807 93063 11 5316
960 92009 95200 20 20702
961 92053 97818 81 449442
962 92078 97140 12 14566
963 92084 93961 15 14474
964 92195 92586 9 614
965 92213 92472 35 3832
966 92256 97151 59 161775
967 92320 96463 129 100464
968 92377 94321 39 37992
969 92590 93078 87 47217
970 92880 99906 56 67426
971 92999 97268 5 12280
972 93110 97238 27 128941
973 93702 94532 129 89586
974 93792 95691 133 101410
975 94015 97014 112 295730
976 94705 99843 108 366973
977 95010 95494 19 3964
978 95046 96289 79 20786
979 95106 98458 46 42763
980 95160 95750 57 12396
981 95326 96045 92 28694
982 95366 98887 58 175026
983 95406 97582 97 43434
984 95557 98758 17 14201
985 95659 97492 130 48053
986 95707 98662 124 129191
987 95725 96050 23 3220
988 95965 98455 17 23048
989 96078 98207 6 6127
990 96128 98217 31 28525
991 96447 99829 62 134313
992 96903 98043 20 12299
993 97168 97185 50 609
994 97720 99246 28 22196
995 97936 99295 13 7470
996 98608 99356 148 45816
997 99203 99757 149 90640
998 99274 99800 106 31210
999 99720 99849 146 15759
