50 1000 0.043
...###...##############....##.##.########...###..#
..#####....##.#######.......##.###########...#...#
...####.....#.####.#.........#.###.##..#.....#...#
.....##.....#####..#........##..#..........#.#####
...###.......###.####.......##.#...#.###..########
......#.#...####.###.........#######.#.........##.
......####..####..###.......##.#.##.###.........#.
......#..###...#.###........###..#####............
......###..........##........##...###.............
.....####.........................##....#......#..
.......###........................####.##.....##..
...................................#.#######.###..
.......................................#######.##.
.....#.....#..........#...................###..##.
...####....#..#.....######.................#######
..##.###...#####.....#####.###............########
#######.#.####.......##.####.#.............###.#.#
#.#####.#.###.........#.####.#..............##..##
#.#..#.#####...........###...##...........####..#.
..#....####.............#....###..................
..#.......###..........#####.##...........###.....
.........####..........####.####..........###.....
.........###..........###.....#..........###......
.........#..##......#####...####.....#............
..........#.##.......#####....##....###.###.......
..#......########.....###...........#####.........
..####..#.#########....##............#.#..........
..#.########.####.................................
..######..###...##.............................#..
...#..##.#########..#......#.#.......#.....#..####
....###..##############.######.....####....#..##..
......##.#####.######.....#.###...#####....#.#####
.......####.#..####.#........#....######..########
.......##.#.#....###.......###...#######..###.#.#.
........#####...###..##.......#####.##.....###..##
.........##.....####.###.........##..#......####.#
.........####..#####.##..#................###.##..
...........######.#..######.###.........########.#
..............###....###.##.##.............#######
..............##.....##.######.............####.##
....................##..######..............##.##.
....................#.....###...................##
..........................###..................##.
............................#.....................
............................#..#..................
.............................###....#..#####....#.
............................######.##..#####...###
.............................##..#####....#....###
.............................#####.#......#...###.
.................................###............##
0 156 3607 10 14411
1 190 3800 8 17311
2 260 11501 78 745042
3 422 9475 34 123628
4 730 2385 10 13321
5 738 8278 106 297302
6 751 15187 89 804103
7 849 19282 20 247678
8 877 10873 134 580295
9 931 14190 82 187299
10 963 11863 7 19250
11 1352 7519 65 104176
12 1560 20138 12 124169
13 1562 13568 142 740472
14 1661 6188 100 502773
15 1725 9570 10 69102
16 1896 4390 11 15611
17 2227 7654 6 10576
18 2284 4075 86 48606
19 2427 3183 140 48056
20 2436 2906 9 2889
21 2808 8223 107 104754
22 2867 15490 129 653718
23 2901 3411 29 6069
24 2915 9040 5 14903
25 3257 4601 41 13783
26 3279 9294 69 363358
27 3306 13572 5 21792
28 3519 4369 71 11566
29 3621 14753 23 137861
30 3646 10845 10 52972
31 3702 18181 10 40440
32 3843 11244 71 37865
33 4009 32995 48 287748
34 4040 14946 13 93446
35 4046 5735 7 10573
36 4172 4349 22 2553
37 4178 11003 33 45523
38 4239 6538 93 30507
39 4251 7268 8 2525
40 4366 6556 130 163925
41 4621 7224 86 149931
42 4671 8525 64 126197
43 4712 7874 91 222037
44 4798 7802 20 20870
45 4830 5876 72 16681
46 4858 15674 107 960944
47 4876 13273 74 181708
48 4957 5612 126 49317
49 4996 15029 69 180862
50 5150 5233 127 8487
51 5288 12832 31 102083
52 5324 8258 92 306852
53 5497 23197 27 268701
54 5521 6143 106 58566
55 5658 8686 99 104968
56 5773 6037 18 3175
57 5886 12907 73 205967
58 5915 12585 73 283606
59 6172 8853 5 3649
60 6191 9504 20 26267
61 6193 11700 35 120144
62 6206 20860 6 14154
63 6252 11175 18 15469
64 6260 10824 75 171434
65 6330 15385 8 57218
66 6335 28346 123 833319
67 6365 6510 82 3722
68 6565 8543 142 386693
69 6662 27867 36 138435
70 6729 11235 38 64088
71 6760 20552 42 331744
72 6803 12924 39 39362
73 6987 24466 21 72898
74 7025 9940 96 39470
75 7063 9520 40 24798
76 7072 30487 27 153679
77 7260 10584 38 105835
78 7503 13849 30 80330
79 7677 20116 5 25036
80 7755 14518 135 323358
81 7757 12641 102 194641
82 7900 14333 93 427844
83 7915 8590 117 74666
84 8084 16421 66 126327
85 8256 13613 118 437055
86 8356 10201 107 102088
87 8408 12380 60 102145
88 8413 9859 59 56282
89 8429 8654 72 4650
90 8715 11738 7 7786
91 8950 13940 76 124992
92 9081 11517 22 20444
93 9132 11268 117 236439
94 9228 16183 57 63095
95 9255 28344 79 182540
96 9275 17366 130 417635
97 9308 9430 8 726
98 9398 12069 11 37944
99 9429 9899 51 14840
100 9437 16010 135 195863
101 9506 11866 97 114330
102 9857 16804 70 138955
103 9933 14021 8 18647
104 10053 11655 141 98298
105 10127 12263 90 39120
106 10216 19329 54 304080
107 10332 11083 150 43756
108 10379 15076 142 79857
109 10444 11046 76 39695
110 10446 15934 18 30774
111 10467 18648 118 791129
112 10517 19592 22 41560
113 10600 13642 38 71266
114 10671 15923 49 81082
115 10708 15008 50 42083
116 10751 15489 105 124986
117 10856 10989 13 927
118 10861 24367 18 32542
119 10999 30609 123 739808
120 11063 13035 22 19351
121 11067 11776 74 14273
122 11085 45909 40 187470
123 11131 14714 128 129288
124 11261 11897 49 13947
125 11360 22088 37 217695
126 11499 17434 41 109453
127 11611 16727 125 337742
128 11656 13197 113 103318
129 11683 22742 23 113327
130 11684 17592 26 76451
131 12002 14530 92 62640
132 12005 14158 127 93467
133 12198 24490 100 233794
134 12224 26818 23 97660
135 12271 14166 31 53167
136 12334 18282 23 54658
137 12353 12948 72 36224
138 12365 32090 124 640837
139 12476 13701 102 159483
140 12514 19421 103 235781
141 12545 13587 31 10811
142 12835 13282 96 15234
143 12896 24047 150 1035126
144 12897 22467 28 171810
145 12936 27149 125 1023144
146 12959 21001 34 124880
147 12997 14584 98 93091
148 13023 13949 32 17854
149 13116 17165 100 166062
150 13192 24395 6 25636
151 13360 19218 32 94464
152 13392 20612 7 12166
153 13496 15574 40 19623
154 13558 18400 59 212146
155 13600 17445 145 458407
156 13684 14189 149 67486
157 13747 13948 92 11756
158 13804 16994 72 41719
159 13977 14546 13 1570
160 14040 20237 63 74023
161 14103 16721 138 111393
162 14131 20581 10 20320
163 14169 14347 4 594
164 14219 17341 91 188187
165 14269 22612 60 182524
166 14454 17096 52 125146
167 14519 21141 126 299101
168 14531 16267 19 10685
169 14742 32791 17 199699
170 14921 17115 21 17183
171 15050 18141 134 168016
172 15161 21488 95 314674
173 15168 20124 40 59011
174 15349 24148 50 292653
175 15446 19996 106 51116
176 15451 18208 99 108288
177 15671 24407 109 672090
178 15811 26750 7 60954
179 15840 18043 63 62381
180 15924 26208 24 68192
181 16090 18189 82 74723
182 16135 28793 120 669817
183 16319 16745 7 3902
184 16393 18122 20 27214
185 16456 21891 15 64967
186 16489 21887 61 161157
187 16548 18702 101 102973
188 16628 47630 5 33649
189 16652 19335 95 193916
190 16738 21157 33 167807
191 16763 21790 16 57669
192 16775 23451 6 15564
193 16788 17182 11 1171
194 17084 25062 6 19804
195 17206 18175 29 10877
196 17221 19164 130 48541
197 17242 24697 64 227163
198 17303 25526 79 725635
199 17329 18628 28 17843
200 17340 20376 73 37878
201 17541 24036 21 111086
202 17675 25054 101 221816
203 17775 18929 36 26200
204 17938 27786 15 107134
205 18131 24366 121 258038
206 18237 30306 11 63936
207 18354 24312 113 207276
208 18406 18453 108 3564
209 18491 26518 45 307298
210 18662 21545 62 48917
211 18674 22119 28 48487
212 18748 19704 12 6228
213 18813 23607 12 16045
214 19015 21194 64 64040
215 19197 27274 101 278504
216 19277 39455 56 580185
217 19284 21398 83 99528
218 19295 22553 87 218094
219 19597 19945 64 16052
220 19742 21455 42 23873
221 19786 24100 17 35439
222 20097 21996 20 23086
223 20205 26730 119 1527659
224 20257 21852 43 8935
225 20344 22890 30 56559
226 20386 26299 8 13612
227 20428 21146 29 9327
228 20467 21204 72 32943
229 20538 21864 119 85654
230 20568 28590 20 31005
231 20730 21610 146 78541
232 20752 27693 99 199586
233 20827 34564 99 243465
234 20914 25425 139 349602
235 20978 21029 23 331
236 21384 26295 74 47148
237 21449 32120 41 220296
238 21469 30534 138 636818
239 21569 27189 30 78819
240 21661 24348 24 63182
241 21714 24638 32 108889
242 21743 26981 91 173690
243 21876 26080 101 187397
244 21917 23201 73 35491
245 21920 34062 75 395285
246 21946 32027 8 17669
247 22258 23649 36 42797
248 22405 32778 19 34550
249 22457 24631 110 87988
250 22540 26213 28 40494
251 22891 33964 10 58365
252 23025 27926 73 281861
253 23072 29103 99 299622
254 23176 32774 36 208175
255 23202 25316 5 4196
256 23242 29343 91 148950
257 23308 27364 37 44083
258 23352 24350 32 19043
259 23382 24340 116 22495
260 23385 28893 93 135199
261 23566 30372 90 854014
262 23614 29001 115 572381
263 23714 24315 46 18011
264 23801 24715 13 7080
265 23868 24773 61 40030
266 23937 24943 108 78612
267 23948 25643 7 2241
268 24172 25822 8 6493
269 24194 24857 13 6969
270 24255 24330 41 1450
271 24293 37338 46 316119
272 24376 25134 93 20679
273 24440 26673 22 8012
274 24450 27638 6 5819
275 24551 25694 46 36587
276 24574 25927 8 4835
277 24757 25238 42 16900
278 25012 28170 17 43113
279 25030 58717 32 715495
280 25197 29012 95 274653
281 25239 30408 7 15436
282 25613 37074 147 552185
283 25628 28552 104 227280
284 25670 28507 143 300239
285 25808 29419 80 87732
286 26030 29803 91 119403
287 26189 30161 21 100269
288 26320 33014 29 417262
289 26392 30077 5 6421
290 26397 28797 23 40878
291 26550 34134 108 221086
292 26590 27789 127 80632
293 26634 37238 5 27173
294 26655 34455 143 567061
295 26689 35905 10 47893
296 26740 29258 12 7896
297 26772 28846 92 69074
298 26814 28270 74 35746
299 26828 30087 76 51985
300 26841 34937 117 465739
301 26868 33447 75 316879
302 26925 43394 12 107858
303 26960 33836 14 84576
304 27097 27762 42 25133
305 27273 31754 47 84878
306 27302 32865 18 61185
307 27323 29901 21 19828
308 27376 28861 17 9044
309 27398 33922 14 74353
310 27420 29255 28 19761
311 27450 27776 37 6286
312 27515 41744 95 390546
313 27552 27648 19 778
314 27688 29199 136 52613
315 27754 35403 131 2702146
316 27772 38035 127 364735
317 27961 29981 72 63426
318 28164 31273 138 214616
319 28301 39453 25 172969
320 28376 28989 6 2324
321 28417 52676 91 330075
322 28445 33089 40 82187
323 28509 33765 18 43105
324 28522 33478 5 13386
325 28528 41009 11 111578
326 28538 41635 128 421477
327 28577 49487 57 489024
328 28732 35495 20 19279
329 28850 42773 15 79062
330 29021 31898 59 51919
331 29464 29487 35 620
332 29604 35015 115 273281
333 29871 30671 23 8802
334 30020 48049 85 1199827
335 30196 38086 27 117616
336 30261 32145 15 14147
337 30316 51357 25 157466
338 30324 37286 21 50914
339 30375 30981 9 1908
340 30590 31185 15 5591
341 30710 43407 7 82033
342 30736 33116 69 32884
343 30748 36576 47 98202
344 30810 31019 41 5093
345 30832 31248 103 45145
346 30838 34440 8 10276
347 30860 36715 56 350117
348 30907 33644 137 524893
349 31013 46759 24 136582
350 31220 32637 37 21130
351 31239 42786 84 394548
352 31297 57132 21 76570
353 31341 36608 15 31662
354 31458 38324 58 199259
355 31619 47660 7 69152
356 31859 34624 10 21308
357 32069 48942 91 460911
358 32172 36883 4 6221
359 32293 37586 126 318991
360 32383 41366 149 906548
361 32396 33981 6 5564
362 32409 32689 30 5376
363 32443 32844 142 29341
364 32535 39489 26 176842
365 32875 34461 75 44254
366 32904 42705 29 45666
367 32992 39663 75 141470
368 33148 35704 98 156447
369 33201 43181 70 240978
370 33298 37595 28 161225
371 33327 34451 121 80578
372 33489 39761 45 264148
373 33502 33540 98 2103
374 34008 38810 16 22649
375 34011 39389 76 100292
376 34041 51099 54 326379
377 34076 35416 89 54236
378 34256 40599 5 13508
379 34680 37591 7 12935
380 34716 48331 21 129398
381 34730 35184 103 47909
382 34761 34954 58 6921
383 34795 40970 134 288162
384 34845 47750 4 26418
385 34919 38352 64 64727
386 34938 39195 59 69958
387 34961 45166 66 117406
388 35057 41680 6 8274
389 35076 38985 48 116253
390 35185 39815 17 18305
391 35274 44955 65 162145
392 35296 37328 124 313791
393 35586 36418 31 17884
394 35655 39387 56 50266
395 35658 39117 127 137212
396 35770 43477 33 214375
397 35790 36221 131 21496
398 35894 41665 5 23574
399 36242 37789 10 12682
400 36281 38990 134 130727
401 36340 47582 38 96056
402 36532 38845 5 5073
403 36545 53606 54 596228
404 36593 36962 20 6442
405 36638 38400 30 19839
406 36758 50827 47 504728
407 36891 43366 141 500218
408 36912 38018 56 23391
409 36918 64542 46 655299
410 36945 39274 19 36851
411 37017 38360 106 118793
412 37054 48490 141 1019105
413 37088 37347 77 9994
414 37179 42075 26 34290
415 37231 48707 46 586881
416 37248 41498 92 329439
417 37259 37887 77 10965
418 37361 38124 23 6433
419 37372 46303 56 148803
420 37411 43166 20 44577
421 37440 38123 107 42099
422 37469 49731 117 977892
423 37936 38588 58 14672
424 37945 40592 96 199038
425 38090 42972 69 200138
426 38225 43353 20 32354
427 38395 57469 40 370265
428 38812 41924 38 41831
429 38868 50199 79 779791
430 38876 41095 28 60189
431 38880 50889 48 221810
432 38914 41298 18 25228
433 39049 39277 33 5413
434 39156 48103 19 96915
435 39221 48202 103 315140
436 39414 54876 93 605717
437 39648 44030 30 48690
438 39681 42952 22 75832
439 39713 50796 81 225018
440 40179 50996 58 185002
441 40315 58131 60 942923
442 40324 44575 22 92081
443 40376 41238 10 3703
444 40512 48677 73 438633
445 40546 43503 23 15120
446 40602 41629 147 30347
447 40639 48476 5 18634
448 40700 42439 53 84239
449 40766 41327 79 21276
450 40784 48450 52 278197
451 40805 43599 65 134223
452 40809 41858 119 63757
453 40876 53403 134 137743
454 40881 40889 111 974
455 40901 61042 18 92656
456 40954 40998 138 8304
457 40977 48600 121 415227
458 41011 46017 4 11223
459 41183 43234 34 53812
460 41205 42858 14 7776
461 41266 41784 95 22079
462 41349 57810 35 169294
463 41398 42297 28 16952
464 41506 46756 127 445618
465 41834 45113 34 59101
466 42220 42978 110 44645
467 42252 51193 120 60441
468 42277 43055 13 4781
469 42391 51104 92 236015
470 42552 42765 43 17817
471 42607 48887 45 92763
472 42738 51729 18 91752
473 42886 47862 141 297045
474 42948 48040 13 125247
475 43361 47671 26 34890
476 43364 44070 45 9081
477 43438 43538 17 943
478 43451 47322 29 48451
479 43480 53841 37 220891
480 43516 58763 78 645333
481 43603 46035 73 97669
482 43625 49384 46 138996
483 43874 45661 24 51124
484 43913 46332 96 128760
485 43976 51252 107 279847
486 44003 48772 6 3639
487 44194 46204 27 50303
488 44220 46368 77 224212
489 44227 49912 30 39381
490 44369 52379 133 1524663
491 44470 62963 76 380718
492 44517 45966 19 16618
493 44542 55046 80 239357
494 44599 58594 137 1224719
495 44656 44802 113 3425
496 44663 44946 23 4256
497 44756 50609 17 74916
498 44838 47800 27 12740
499 45016 45719 24 7699
500 45450 47988 42 33089
501 45593 48813 62 77713
502 45607 49090 146 227154
503 45701 48805 98 113829
504 45768 53028 81 235996
505 45780 51578 65 80077
506 45963 49088 101 284296
507 46014 50229 44 62602
508 46306 63435 45 115561
509 46386 55585 25 56154
510 46387 49644 147 592353
511 46394 46659 98 4131
512 46493 56188 20 40791
513 46609 51762 18 31163
514 46617 59995 135 756577
515 46718 52630 71 164491
516 46817 49922 52 84366
517 46898 50430 94 107787
518 47044 48579 99 44391
519 47101 50629 5 8691
520 47492 52071 137 327768
521 47583 52312 127 338816
522 47603 49170 20 10838
523 47742 49828 82 90066
524 47853 61038 131 436129
525 47869 59144 43 356528
526 47999 51457 95 79878
527 48016 52489 6 8660
528 48033 51154 49 63331
529 48134 57649 79 167937
530 48293 53552 117 176205
531 48311 54548 5 21121
532 48356 54817 103 113471
533 48399 50828 59 64826
534 48418 57839 4 21354
535 48458 58515 6 61198
536 48546 48675 30 1838
537 48706 59901 10 15528
538 48754 57672 117 477541
539 48755 53455 61 252967
540 48816 53280 39 46271
541 49083 59510 106 279763
542 49189 49225 60 2165
543 49273 51456 21 21015
544 49304 56655 27 83316
545 49357 64665 93 355385
546 49367 50649 27 23821
547 49376 49710 30 3734
548 49452 52524 44 96455
549 49603 53743 5 5837
550 49725 51423 7 9150
551 49889 51042 140 71051
552 49962 61903 58 289942
553 50023 60664 54 307511
554 50047 50059 62 180
555 50055 52748 19 19609
556 50323 62244 87 143401
557 50393 52050 52 70979
558 50406 53646 27 25458
559 50442 55588 19 24894
560 50498 57146 149 274110
561 50601 52814 111 80647
562 50627 53849 18 41822
563 50677 59195 24 75541
564 51014 53967 5 7293
565 51060 55734 90 484276
566 51263 57935 30 122689
567 51579 55333 9 22432
568 51593 66070 31 173757
569 51728 57216 41 65121
570 51906 52752 8 3861
571 51972 52859 8 4496
572 52028 57289 61 121218
573 52040 52193 9 602
574 52252 59286 107 645722
575 52295 54392 19 40900
576 52507 63950 62 537160
577 52589 53253 81 23619
578 52624 65001 80 211507
579 52685 69792 13 94335
580 52765 55622 50 37413
581 52783 72916 9 82806
582 52806 55352 115 147455
583 52852 57246 130 228950
584 53061 67621 131 1353718
585 53069 56991 37 53998
586 53091 60195 5 14025
587 53277 54741 96 63371
588 53292 56579 58 104564
589 53330 57915 57 48495
590 53500 53652 50 9510
591 53586 56449 31 71130
592 53701 57279 11 16205
593 53992 56515 21 30011
594 54004 60539 6 14772
595 54129 56187 45 125076
596 54247 57787 14 22417
597 54342 57552 116 57027
598 54468 65908 42 75622
599 54708 55311 65 22050
600 54846 67864 70 412965
601 54980 56893 125 91877
602 55176 59168 32 30483
603 55349 62694 105 265403
604 55606 56890 25 45163
605 55664 56736 34 25880
606 55771 55847 107 2699
607 55856 69659 53 244860
608 55909 60006 31 73626
609 56089 64302 26 72822
610 56179 59173 35 53784
611 56263 58097 20 19013
612 56332 57266 21 10831
613 56713 57248 8 5201
614 56749 64601 36 105130
615 56807 62293 83 152792
616 56810 63363 9 20114
617 57017 62589 40 44893
618 57033 60249 16 31400
619 57405 65749 15 44597
620 57425 64434 121 457988
621 57443 73072 50 263801
622 57655 61105 41 117136
623 57727 62344 14 24164
624 57777 59115 146 62138
625 57808 71393 112 594950
626 57845 58065 25 1688
627 57939 60440 11 16241
628 58370 67238 89 229111
629 58486 61123 104 144804
630 58688 61366 24 20152
631 58692 69954 14 60514
632 58835 61791 126 200881
633 58855 70304 117 740690
634 58873 63285 29 69816
635 58941 59167 111 22615
636 59061 60942 4 1756
637 59138 63431 109 209604
638 59310 63260 102 134727
639 59422 77594 65 959028
640 59474 68732 48 224934
641 59707 76551 17 183056
642 59746 62983 122 143656
643 59747 59915 49 4515
644 59830 68052 36 53453
645 59875 63139 44 70491
646 60044 60179 27 2712
647 60150 60870 36 5012
648 60285 68986 82 212172
649 60329 66672 9 29466
650 60380 61713 39 23044
651 60418 60891 13 2843
652 60478 67617 44 275581
653 60492 70266 84 396185
654 60496 66620 9 27339
655 60605 84058 99 467361
656 60656 63032 8 8576
657 60710 63661 142 84892
658 60743 63386 70 94862
659 60778 64854 140 183904
660 60980 62108 37 20329
661 60993 73148 6 19765
662 61051 62484 89 45221
663 61133 66014 67 134577
664 61259 66692 32 31331
665 61464 63085 29 52437
666 61733 67357 100 138033
667 61963 66654 71 165505
668 61964 63267 147 60727
669 62259 75631 17 58869
670 62283 69254 56 194808
671 62288 69627 80 129681
672 62422 66033 62 75652
673 62488 65168 12 11332
674 62566 69067 11 13907
675 62646 72108 123 434321
676 63064 66465 25 12132
677 63093 68150 24 22133
678 63353 64314 14 10650
679 63425 66745 22 14541
680 63470 65458 30 16095
681 63500 72540 18 35320
682 63628 70730 36 150478
683 63737 70557 81 266432
684 63826 67637 129 86207
685 63881 65407 34 19434
686 63884 68477 29 87877
687 64269 77167 80 242398
688 64361 66806 105 40718
689 64370 72955 73 268190
690 64463 66163 113 178869
691 64467 65879 139 170956
692 64517 67729 90 118498
693 64670 65655 69 20748
694 64943 72976 35 125199
695 64970 67526 90 111537
696 65014 70185 6 14383
697 65031 65201 9 1413
698 65144 66214 87 47858
699 65166 65844 14 3707
700 65313 74284 55 103404
701 65379 68618 47 27742
702 65764 66604 8 4115
703 65898 69381 8 4790
704 65964 68294 140 158923
705 66018 81696 52 67029
706 66057 71355 73 306051
707 66109 78027 94 1135190
708 66164 67814 46 31067
709 66188 66747 13 2657
710 66201 69023 81 40673
711 66304 69247 135 63363
712 66396 66655 12 1718
713 66488 67703 42 74406
714 66531 74547 15 28679
715 66681 66968 30 6619
716 66821 76131 143 1151390
717 67089 69104 10 9179
718 67105 72615 150 341130
719 67280 74822 51 231555
720 67364 70454 86 135548
721 67372 70658 131 505882
722 67379 69748 149 137480
723 67428 72475 10 26091
724 67458 74362 5 9355
725 67506 88713 139 1737459
726 67575 68222 103 65131
727 67739 69712 6 3662
728 67761 68088 92 8345
729 67824 76149 36 133800
730 67877 80775 55 1228662
731 67892 73614 125 492748
732 68065 72674 4 18880
733 68316 76623 12 57941
734 68319 73943 7 5713
735 68338 71932 16 22637
736 68376 83861 29 98444
737 68487 68733 14 1275
738 68587 72049 36 113125
739 68697 68868 4 414
740 68719 69538 147 132493
741 68930 74883 14 32918
742 69018 69580 139 13942
743 69047 77023 129 412218
744 69094 72696 17 91036
745 69244 69356 98 5348
746 69462 75345 7 16429
747 69561 71664 104 82810
748 69635 74762 144 132580
749 69655 76561 15 38509
750 69670 71937 67 81402
751 69739 72196 44 23556
752 69783 80637 76 772925
753 69927 76708 106 240304
754 70450 71238 70 16957
755 70505 78405 79 438991
756 70525 79740 125 780736
757 70564 85197 31 141289
758 70732 70932 28 2005
759 70740 76346 10 53140
760 70909 85224 14 158456
761 70928 72187 132 76945
762 71034 79121 44 329666
763 71038 79265 132 266925
764 71056 77436 48 34265
765 71163 81479 35 74193
766 71182 77627 111 495288
767 71316 77780 56 96314
768 71319 78226 101 251852
769 71465 90027 104 818403
770 71685 81256 14 18096
771 71697 78509 81 359267
772 71740 85548 8 56201
773 71758 81808 80 126681
774 71865 76254 11 11256
775 72037 72195 27 1283
776 72070 76735 14 25733
777 72334 77877 125 281602
778 72362 72436 127 5065
779 72595 77416 14 33694
780 72618 78227 42 78094
781 72677 80567 22 86673
782 72990 79003 70 168452
783 73067 80214 26 90242
784 73104 81715 116 258558
785 73107 84035 138 1832584
786 73162 80045 62 48566
787 73176 81656 104 1096252
788 73208 80851 64 163221
789 73238 73408 23 2785
790 73242 73570 29 7648
791 73352 74306 81 50323
792 73476 80992 145 250490
793 73493 73587 69 1474
794 73504 76755 58 52267
795 73693 75005 20 9395
796 73857 84300 5 18943
797 73896 74560 107 40892
798 74006 77181 95 172630
799 74116 76426 95 231073
800 74212 77444 103 114298
801 74220 75131 33 16291
802 74278 76270 138 358839
803 74303 79286 62 184558
804 74309 83765 11 54158
805 74390 86277 8 27872
806 74464 80627 62 483179
807 74468 74603 7 1343
808 74561 76293 145 134684
809 74653 75695 14 6049
810 74867 78223 7 15566
811 75218 75265 14 217
812 75376 81059 20 65221
813 75434 80302 126 459330
814 75556 78406 60 93504
815 75567 76845 46 30648
816 75777 86809 25 122788
817 75793 78259 111 338884
818 75806 84274 73 233213
819 75890 88640 28 270548
820 76252 79661 33 49202
821 76353 76404 109 2907
822 76364 76977 82 29731
823 76629 89557 118 761345
824 76684 83982 83 290506
825 76702 78689 147 190349
826 76730 77322 108 177179
827 76831 82981 49 58811
828 76866 77467 34 6058
829 76933 78802 80 102642
830 77054 80994 28 44703
831 77076 80573 127 299966
832 77136 84894 44 358555
833 77198 91299 89 262436
834 77266 84114 5 8916
835 77693 81356 144 218284
836 77874 82633 54 133745
837 78004 82992 71 130601
838 78143 94085 28 176411
839 78358 79973 29 12719
840 78380 92512 115 751808
841 78508 82193 23 38001
842 78561 79888 40 24947
843 78595 81209 20 35819
844 78705 82955 79 95196
845 78714 95946 33 209481
846 78947 80303 112 135614
847 79024 90252 109 509927
848 79116 81890 4 2926
849 79189 95785 119 2199991
850 79221 85783 77 139806
851 79270 79512 30 2171
852 79273 81506 114 203367
853 79376 79712 50 12372
854 79631 80296 144 52552
855 79669 80612 25 7328
856 79694 88392 147 1876895
857 79794 81605 40 65249
858 79819 82140 106 272161
859 80124 83013 5 2433
860 80239 95975 70 334091
861 80330 83711 81 134152
862 80665 85634 31 109713
863 80673 81965 67 24038
864 80680 81081 56 15469
865 80730 88577 14 63437
866 80896 82476 96 69311
867 80905 91433 49 161349
868 81004 81863 46 38582
869 81141 97623 25 159424
870 81196 83800 5 4869
871 81205 86069 97 164762
872 81216 82026 7 2835
873 81286 89224 149 1604708
874 81307 83132 10 6942
875 81335 83615 105 215400
876 81574 85623 14 15861
877 81586 82028 12 4499
878 81635 96243 14 40281
879 81752 84045 120 218207
880 81874 86887 34 84357
881 82064 97536 85 764810
882 82183 84674 64 113556
883 82328 93823 128 573584
884 82337 96968 87 240410
885 82457 87467 39 193927
886 82467 87843 20 41316
887 82619 82628 138 1084
888 82713 93312 82 392003
889 82986 83797 105 79113
890 83102 83159 93 1812
891 83186 84076 102 69335
892 83299 89344 41 158040
893 83406 85222 137 269066
894 83410 88045 76 144243
895 83496 86300 28 27581
896 83574 95320 108 1837942
897 83645 85240 43 56789
898 83679 93005 102 409486
899 83721 86433 6 9298
900 83788 85951 32 41015
901 83956 85676 47 86823
902 83980 84608 4 1587
903 83993 97360 102 508362
904 84151 86722 69 43367
905 84422 84872 103 23534
906 84496 86461 117 166847
907 84505 85732 9 3690
908 84591 87665 56 50044
909 84838 88601 36 34215
910 84982 85925 69 9215
911 85029 91590 12 60486
912 85185 86725 8 13508
913 85245 85262 121 1701
914 85250 94411 131 575252
915 85374 85454 55 5845
916 85428 98367 106 509027
917 85492 91442 11 35618
918 85506 88259 39 21121
919 85552 93445 13 75650
920 85819 86832 125 66911
921 85862 87508 103 62773
922 85928 88288 68 72493
923 85975 89711 28 107139
924 86019 88576 66 82927
925 86218 91816 77 98707
926 86256 92453 66 176620
927 86263 87810 98 146936
928 86319 88503 130 169718
929 86495 90748 14 54408
930 86631 86944 124 7111
931 86884 89017 129 93136
932 87018 87319 138 8520
933 87074 94487 128 195105
934 87246 89229 24 23518
935 87266 87643 12 1410
936 87385 88085 5 1637
937 87506 88527 133 99294
938 87660 96004 23 49041
939 87900 88309 28 4588
940 87956 89673 29 34312
941 88057 92041 37 71152
942 88352 89909 97 77698
943 88600 91185 110 148010
944 88686 90351 55 50385
945 89020 90868 75 27336
946 89068 89241 129 22788
947 89247 89941 58 24267
948 89416 93621 14 39637
949 89615 90828 64 38999
950 89986 96256 58 291709
951 89997 93901 89 71406
952 90257 90675 5 1738
953 90397 95180 53 88593
954 90481 90493 112 626
955 90845 95630 115 562328
956 90870 91983 42 25831
957 90907 96165 24 120595
958 90996 91090 99 6858
959 91082 91214 5 1255
960 91760 94164 121 208281
961 91797 94506 25 27395
962 91822 98296 100 555516
963 92025 97169 21 28731
964 92113 95353 17 43544
965 92303 99196 29 80071
966 92372 93079 26 11022
967 92387 94934 90 151494
968 92514 96743 132 203510
969 92644 94989 135 75270
970 92684 95369 82 194765
971 92731 96404 23 59060
972 92849 95481 11 13039
973 92985 97487 145 272911
974 93044 93946 15 20524
975 93052 94907 22 16562
976 93110 99280 140 507280
977 93123 98478 16 22913
978 93282 96595 150 261646
979 93448 94741 49 54589
980 93705 95600 7 2486
981 93808 95866 18 17324
982 93958 95291 15 6122
983 94315 97830 64 42524
984 94356 98876 67 182712
985 94519 94878 34 4975
986 94645 96923 11 14885
987 94670 97777 58 49994
988 94825 95569 143 36375
989 95252 98040 108 210844
990 95299 99544 6 19221
991 95693 96920 32 20996
992 96232 97147 47 21942
993 96326 98497 85 66866
994 96473 97893 141 75692
995 96509 99302 91 129048
996 97035 98399 118 57700
997 97542 99488 94 86289
998 97591 98869 132 90638
999 98183 99948 87 92493
