50 1000 0.072
.........................................#########
.........................................#########
........................................##########
.............#..........................##########
.............##.........................##########
..............##...#....................##.###.###
............#####.###...................######..##
............###.#.###....................#..#...##
............#.######............................##
..............#######.............................
...........####.###...............................
..........#######.###.............................
...........###########.#..........................
..........##############..........................
.........##############...........................
........###############...........................
.......##.###############.........................
........##.#############..........................
........################..........................
.......##############.##..........................
......##################..........................
......###################.........................
.......##################.........................
.....####################.........................
.....#################.#..........................
....##.###########.##..#..........................
...#####.#############............................
.....################.............................
...###########.#######............................
...#.#######.######...............................
......####.#########..............................
......###...####.###..............................
.......##.....##..................................
..............#...................................
..................................................
..................................................
..................................................
..................................................
..................................................
..................................................
..................................................
.........................##.......................
...................#.##..##.......................
...............###.#######........................
.................##########.......................
.................######.#####.....................
..................#####.##........................
.................###########......................
................######.#######....................
...................###.##.##.#....................
0 92 2987 93 115545
1 115 3899 97 361343
2 350 2685 43 68784
3 495 14439 32 378759
4 640 4029 34 63558
5 794 5880 28 90304
6 856 22578 105 698633
7 900 927 89 1298
8 922 2926 13 14021
9 1111 4061 145 121858
10 1210 3904 81 57411
11 1222 5549 49 54257
12 1225 3998 77 70689
13 1444 4590 119 140040
14 1537 8166 30 122439
15 1569 5801 5 17850
16 1608 2425 19 5144
17 1709 6160 26 95059
18 1747 4257 110 163340
19 2168 16719 97 352583
20 2179 8676 118 107557
21 2283 6841 5 20154
22 2296 3900 10 8078
23 2361 13248 42 133556
24 2380 9300 108 220211
25 2598 18224 4 18218
26 2625 5246 113 152606
27 2669 5278 113 281963
28 2717 7467 141 222520
29 2763 12883 100 330557
30 2786 8519 88 195587
31 2860 10288 131 187347
32 3006 6372 57 80296
33 3029 3662 45 12224
34 3201 4166 129 35122
35 3380 23190 68 381624
36 3570 12173 45 227989
37 3576 7381 54 35556
38 3706 12872 65 67382
39 3732 7628 87 81542
40 4010 5616 5 2482
41 4015 4908 37 14250
42 4039 5068 68 57202
43 4050 4325 101 30180
44 4054 5355 42 28457
45 4220 7301 16 34952
46 4238 6039 12 11327
47 4435 15284 48 321839
48 4903 7491 45 30929
49 5050 12318 96 264123
50 5102 11082 26 28875
51 5174 5200 29 335
52 5187 16187 146 818232
53 5376 6318 45 41406
54 5519 6157 93 44409
55 5740 13104 7 38448
56 5742 7191 43 11307
57 5747 11869 5 6657
58 5939 9435 50 44954
59 6030 6239 77 21953
60 6309 27635 70 871995
61 6346 20432 12 129685
62 6477 12529 69 134855
63 6718 21800 4 22296
64 6722 10938 137 132603
65 6744 9644 19 40383
66 6752 7508 131 154480
67 6886 20568 9 78495
68 6887 12754 119 264806
69 6935 7060 87 9475
70 7007 9709 100 235194
71 7010 9228 90 72569
72 7155 18825 8 29200
73 7224 7883 28 6391
74 7252 8639 19 8363
75 7302 9147 74 74419
76 7324 9155 31 45146
77 7404 9451 18 33530
78 7691 12816 5 16610
79 7722 8004 145 34690
80 7726 9959 6 5674
81 7825 9455 38 33429
82 7881 8668 113 83686
83 7905 20177 19 32889
84 7925 13694 5 11838
85 8235 9239 10 6118
86 8321 16067 105 761400
87 8374 8894 118 16901
88 8464 13368 19 21972
89 8600 9165 46 17631
90 8724 10045 26 23271
91 8960 12098 6 6726
92 9000 20390 16 156370
93 9168 10762 7 5149
94 9197 9932 24 14883
95 9214 10899 54 49378
96 9380 13848 80 204492
97 9643 14287 59 343477
98 9689 10948 91 93460
99 10259 18964 105 545241
100 10331 15436 37 37714
101 10456 16104 81 301229
102 10507 13522 90 119729
103 10516 13648 57 77791
104 10560 10897 57 9945
105 10727 11281 60 10368
106 10754 15604 9 46918
107 10920 12330 88 46890
108 11065 28701 29 267300
109 11210 18834 6 15489
110 11238 27018 84 542301
111 11244 15061 101 251638
112 11341 14011 37 35917
113 11626 11716 63 2079
114 11770 14885 51 127168
115 11854 15510 112 182531
116 11865 20696 97 373722
117 11914 17845 100 229845
118 11929 12901 7 1780
119 12055 12877 92 75919
120 12148 13188 134 105178
121 12247 19731 77 473705
122 12254 12966 131 47843
123 12618 21328 7 42456
124 12697 16812 54 215705
125 12723 19240 16 43678
126 12844 16439 150 461273
127 12888 15846 6 14768
128 13033 23292 145 778871
129 13203 13548 104 30464
130 13269 13749 97 52709
131 13289 22451 131 662572
132 13410 16496 47 75071
133 13677 18785 68 149319
134 13695 25801 55 298710
135 13762 14055 81 12511
136 13843 15366 7 7221
137 13862 14508 147 89768
138 13943 17740 13 16594
139 14018 22955 12 102532
140 14035 15691 18 24989
141 14050 18182 108 248786
142 14064 21481 40 165650
143 14278 16120 109 86114
144 14406 18517 101 219125
145 14579 24913 44 92569
146 14583 22542 4 26393
147 14613 20911 44 145348
148 14625 15854 22 8604
149 14730 23136 21 151992
150 14773 16929 13 19075
151 14799 18867 13 30845
152 14811 23029 79 156165
153 14876 24636 60 393583
154 15018 17501 23 21941
155 15089 22605 66 115688
156 15204 16832 24 17592
157 15324 18368 24 71593
158 15477 17953 145 93660
159 15484 28343 13 25299
160 15554 17311 29 13673
161 15603 16467 96 32661
162 15736 16932 21 9485
163 15897 18238 87 58498
164 15903 17192 30 11156
165 15923 21272 62 222884
166 15929 17813 37 43036
167 15930 22441 119 214388
168 16116 17764 43 19992
169 16324 23398 67 396300
170 16583 16758 32 2200
171 16743 17993 18 12145
172 16790 19093 95 104362
173 16958 18170 40 23110
174 16964 24342 21 146867
175 17022 27732 95 369198
176 17217 18055 17 10739
177 17660 21447 39 79176
178 17732 22686 69 116448
179 17744 21991 33 136270
180 17917 23262 62 237647
181 17970 26977 72 205320
182 18176 20280 24 14462
183 18302 32167 10 41408
184 18440 26249 28 51010
185 18447 25229 99 151618
186 18575 18966 12 1856
187 18676 18759 22 1073
188 18876 44186 65 655707
189 19053 21223 100 90030
190 19226 19480 20 6207
191 19393 28174 47 105512
192 19398 32394 5 17395
193 19429 30516 113 189061
194 19446 30339 11 56017
195 19509 25035 95 168953
196 19762 27462 38 99746
197 19783 24301 116 121684
198 19909 23063 61 77810
199 20100 24166 35 44109
200 20144 24036 131 189374
201 20216 22880 55 124074
202 20222 20751 70 24638
203 20237 22209 29 12689
204 20416 40051 5 17924
205 20465 21188 57 27383
206 20474 21833 32 91155
207 20480 22614 53 21527
208 20630 33515 18 48114
209 20642 24805 30 36667
210 20678 23618 48 101388
211 20687 22714 5 5876
212 20688 20769 30 1121
213 20690 21025 38 6926
214 20715 24354 29 33964
215 20741 24854 27 72694
216 20750 20992 108 11253
217 20759 21765 27 16508
218 20811 27460 47 101333
219 21232 27800 68 357996
220 21249 30736 12 95551
221 21396 40189 38 155416
222 21457 23869 47 61187
223 21476 26678 5 11394
224 21485 23316 12 19183
225 21487 31694 26 68006
226 21645 34672 100 568462
227 21725 24591 39 50823
228 21819 26484 75 74151
229 21851 23868 118 81104
230 21936 24908 50 152088
231 22089 27665 10 17121
232 22152 27564 4 8076
233 22216 22405 131 4867
234 22243 24372 72 78713
235 22300 29690 58 195364
236 22378 22622 7 1748
237 22403 31220 129 217245
238 22429 26184 52 48847
239 22463 28083 121 254672
240 22472 24595 56 91076
241 22589 22865 88 14220
242 22637 30489 65 506455
243 22730 27919 4 16406
244 22734 23347 8 3268
245 22753 23125 32 13360
246 22770 42699 49 364031
247 22831 25550 6 4286
248 22939 41684 17 158600
249 22987 29706 28 73294
250 22988 24104 6 1135
251 23026 27075 48 67973
252 23166 26808 11 19095
253 23195 27403 89 139253
254 23390 25182 5 2690
255 23404 27279 25 52493
256 23489 28126 24 58729
257 23505 31699 37 109544
258 23581 25291 145 211305
259 23657 25085 147 50761
260 23817 25896 83 161942
261 23924 24506 85 11510
262 24180 24243 54 1238
263 24199 26886 94 65287
264 24257 29279 81 107617
265 24355 41427 7 93598
266 24370 25900 138 98928
267 24856 25545 11 5001
268 24939 29988 6 13022
269 24955 27133 128 109520
270 24970 25267 32 3175
271 25057 26539 138 131791
272 25095 26429 49 32499
273 25116 26561 43 33689
274 25145 31819 33 51896
275 25183 30289 8 9674
276 25312 26877 37 24662
277 25357 27666 37 28039
278 25502 31800 11 15083
279 25667 27969 38 15464
280 25772 35973 17 78041
281 25872 38663 17 222098
282 25931 35189 11 46461
283 25956 26671 123 30097
284 25962 28338 117 287721
285 26103 27045 117 58360
286 26364 27099 125 67148
287 26566 28849 108 79008
288 26580 27436 86 17049
289 26615 27250 45 17630
290 26690 28022 31 22798
291 26752 39885 138 621555
292 26767 29038 61 27295
293 26908 33151 108 189713
294 26917 31500 127 330721
295 27266 33834 69 165163
296 27334 27611 49 18005
297 27366 36532 77 196968
298 27521 29658 132 117461
299 27567 28857 15 22239
300 27627 27697 47 1120
301 27747 31454 25 41835
302 27772 29150 23 8782
303 27848 42357 132 1118798
304 28048 40122 46 256726
305 28087 29384 131 118292
306 28381 30003 138 137032
307 28387 36880 44 263884
308 28559 36139 60 362985
309 28744 30347 11 5091
310 28969 44932 57 275785
311 29003 40990 95 89505
312 29050 31358 69 44430
313 29132 31637 29 21502
314 29176 35898 40 352386
315 29428 34294 46 148975
316 29663 32830 148 204460
317 29666 31348 81 65772
318 29734 48338 16 91674
319 29850 36171 10 32410
320 29953 38125 22 127725
321 29982 38204 14 87804
322 30070 36174 20 37447
323 30181 58030 10 148813
324 30342 35157 13 30296
325 30441 35635 103 249550
326 30443 37305 80 122777
327 30453 40661 92 491093
328 30512 31556 100 42192
329 30861 33186 27 64398
330 31227 33626 53 38208
331 31339 32318 136 94402
332 31411 31989 37 20588
333 31426 40406 76 203532
334 31451 37360 9 43427
335 31507 33136 4 3913
336 31563 32137 8 7964
337 31702 32262 26 4690
338 32026 33378 108 112225
339 32133 34137 21 33541
340 32201 33069 104 32229
341 32214 36860 4 10303
342 32346 33597 101 66366
343 32366 36357 89 113473
344 32382 41446 24 149285
345 32524 32764 141 50104
346 32650 33030 126 24802
347 32743 33147 138 19430
348 32771 34994 118 94168
349 32940 35585 145 305072
350 32948 37627 109 237463
351 32954 35049 87 36947
352 33110 37117 89 151604
353 33117 33754 37 18869
354 33256 34598 135 62760
355 33341 41409 60 253068
356 33347 34449 88 23177
357 33411 44352 16 31198
358 33451 33546 51 4327
359 33781 38634 27 26490
360 33902 41351 66 148792
361 33981 45276 150 1457451
362 34083 38704 104 190063
363 34483 41285 79 198148
364 34667 45653 9 23533
365 34675 56287 136 696088
366 34803 37430 32 17274
367 34870 41653 8 48662
368 35052 43369 70 152037
369 35073 36703 63 46033
370 35085 35565 11 2310
371 35129 39501 17 48136
372 35187 35641 93 18028
373 35327 39286 5 8485
374 35451 38208 7 2628
375 35767 39026 51 40190
376 35852 35927 57 1375
377 35890 53452 10 69701
378 36067 38188 33 27754
379 36160 38465 12 14115
380 36182 41333 62 181216
381 36226 38714 6 5789
382 36243 38181 73 98229
383 36266 46236 5 36821
384 36498 42363 29 109736
385 36510 48693 51 207969
386 36569 39182 9 15837
387 36573 41812 107 172564
388 36618 50095 63 463626
389 37038 40452 5 9877
390 37103 40208 120 122646
391 37112 41864 94 393554
392 37253 50523 143 1168306
393 37532 40104 91 376406
394 37540 41434 123 183710
395 37547 41053 11 36614
396 37793 37976 17 5670
397 37809 40594 62 114206
398 38044 55493 7 24859
399 38099 45749 80 156433
400 38231 40471 8 9655
401 38275 39116 52 45069
402 38653 39043 105 12033
403 38686 47768 4 90808
404 38831 55271 16 62814
405 38844 42021 119 161929
406 39015 40854 21 34931
407 39091 40870 7 2440
408 39223 39523 107 16489
409 39424 43003 18 14192
410 39519 42467 12 19514
411 39532 43969 57 82422
412 39780 45027 83 520689
413 40055 56300 95 831774
414 40146 45382 4 9946
415 40369 43841 47 86951
416 40462 50871 87 787050
417 40547 46365 13 24690
418 40650 42580 35 83930
419 40660 45383 18 51656
420 40917 48005 59 158033
421 41012 44867 70 116673
422 41130 43598 48 69518
423 41219 41559 58 16992
424 41272 45942 137 230447
425 41319 44221 67 76435
426 41368 45092 43 71664
427 41397 41580 16 1077
428 41398 41929 31 8028
429 41518 42983 83 20785
430 41660 47361 35 82345
431 41700 41906 52 2614
432 41755 42923 137 63178
433 41894 55048 122 1141218
434 41951 72402 122 893987
435 42051 43914 51 60519
436 42062 43933 7 6124
437 42063 50299 150 661938
438 42083 47286 6 26754
439 42247 47725 17 64509
440 42345 46224 96 102151
441 42386 43477 21 25634
442 42408 45026 44 46250
443 42540 46379 24 62019
444 42572 46305 88 75071
445 42734 43983 11 3835
446 42774 42806 110 1353
447 42801 42888 90 1381
448 42808 48300 7 8546
449 42834 66157 94 713146
450 42886 60503 10 46145
451 42896 44375 88 60539
452 42958 47353 8 38708
453 42999 45583 126 352646
454 43006 45596 72 53851
455 43127 49816 7 40117
456 43186 47270 92 296344
457 43274 43662 34 2089
458 43298 48812 5 3391
459 43328 49806 124 458198
460 43372 44174 7 3759
461 43406 43702 41 4616
462 43623 43777 35 3078
463 43784 45762 47 23280
464 43996 45008 11 3704
465 44201 45579 36 26303
466 44202 45414 46 28511
467 44357 49635 79 246694
468 44522 48158 144 237257
469 44525 51076 101 182428
470 44612 45855 26 17687
471 44686 46902 108 305851
472 44775 51012 19 41169
473 44813 50774 98 254990
474 44977 46529 16 13958
475 44978 47334 77 113842
476 45031 47595 131 289346
477 45103 48436 62 46297
478 45181 46511 71 24554
479 45308 56169 133 358326
480 45325 73230 31 305979
481 45370 56618 7 10112
482 45421 59797 135 1526115
483 45533 48163 58 70150
484 45548 54182 27 145515
485 45585 47320 34 14421
486 45753 48552 16 22052
487 46163 54860 67 95564
488 46184 58307 54 256273
489 46219 46248 119 2089
490 46318 50507 120 182448
491 46504 48286 25 12472
492 46576 50041 120 122459
493 46595 48195 31 15499
494 46644 49771 63 78649
495 46672 52499 29 95752
496 46679 47740 82 29069
497 46800 47617 114 24744
498 47179 52198 35 104164
499 47222 47394 133 8440
500 47232 60245 22 55029
501 47379 49886 31 60405
502 47934 55794 63 99094
503 47937 62049 36 248950
504 47949 55098 19 63597
505 48010 49341 5 2422
506 48061 54793 5 9925
507 48123 58456 6 10784
508 48321 48593 11 1917
509 48332 50971 31 90290
510 48534 49318 41 19932
511 48570 50784 52 46267
512 48585 52928 47 87784
513 48807 78696 105 3111203
514 48923 59851 31 231283
515 48992 49570 6 1281
516 49018 49129 10 268
517 49074 53168 54 184075
518 49113 49311 50 9723
519 49133 82943 43 219846
520 49170 52328 23 34735
521 49297 63029 10 107957
522 49313 49573 11 840
523 49348 54373 87 182801
524 49349 51239 81 38829
525 49353 59241 85 318117
526 49355 51535 5 6940
527 49475 50597 19 16757
528 49575 52101 41 28694
529 49690 54871 14 35904
530 49707 51174 72 10400
531 49731 51756 10 8918
532 49851 61478 33 163678
533 49917 55334 59 86201
534 50081 56656 138 199452
535 50228 54566 5 13529
536 50458 55080 128 107626
537 50620 56544 128 304779
538 50642 53665 140 203824
539 50646 51987 26 3287
540 50694 73835 52 1214033
541 50820 56909 128 406836
542 50870 56594 5 20013
543 50909 77511 102 441841
544 50915 57815 50 239763
545 51183 51667 15 1616
546 51220 51865 34 9219
547 51270 53686 13 13046
548 51279 56897 7 33810
549 51322 53610 94 158691
550 51338 53915 5 19245
551 51402 54480 49 42006
552 51523 60994 13 39070
553 51698 55606 115 224516
554 51843 56105 149 459978
555 51888 64575 30 189323
556 51951 62905 91 882570
557 52056 52719 44 20540
558 52071 65847 21 72652
559 52178 56485 48 78449
560 52197 60439 143 842859
561 52241 53846 7 7911
562 52333 59954 62 316906
563 52391 64675 133 706558
564 52407 52670 99 25665
565 52505 55739 111 197474
566 52577 55189 42 62077
567 52627 53111 32 6029
568 52666 65881 101 527665
569 52765 57664 21 28069
570 52821 53469 31 14002
571 52884 57458 75 75799
572 52922 55458 45 66742
573 52990 56823 7 10492
574 53243 62112 14 29528
575 53281 58165 7 20586
576 53341 56725 12 11340
577 53371 57967 109 174450
578 53438 61232 144 287349
579 53489 61246 35 94445
580 53492 54174 47 15738
581 53515 56749 85 34060
582 53522 57692 132 150178
583 53587 58044 138 701173
584 53691 58421 63 281449
585 53721 54396 74 25089
586 53752 56864 100 76422
587 53876 54371 44 23619
588 54057 62034 36 170135
589 54222 61359 67 182563
590 54336 61087 107 750231
591 54392 57202 13 13167
592 54544 58663 5 16365
593 54573 58801 63 48430
594 54679 67210 105 258781
595 54766 58749 74 37194
596 54807 66749 10 35214
597 54867 56730 61 28484
598 55029 55207 8 738
599 55113 55239 15 1539
600 55156 57915 107 113552
601 55249 58933 44 140702
602 55304 58178 15 18549
603 55416 56915 109 61567
604 55475 56613 24 8893
605 55480 63587 15 58187
606 55555 71563 9 135118
607 55616 58660 5 7814
608 55725 55760 76 1094
609 55770 57874 55 128133
610 55800 59609 86 85507
611 55874 57121 144 80217
612 55952 57546 43 52412
613 56038 58946 33 51829
614 56235 58989 49 29002
615 56354 64417 104 294286
616 56590 61679 26 37490
617 56630 59353 60 48542
618 56667 57837 9 3858
619 56702 60680 106 402745
620 56917 64136 124 263053
621 57043 70286 8 26854
622 57060 59727 12 5200
623 57085 58207 79 77469
624 57154 60177 131 204564
625 57261 58107 132 169346
626 57639 59949 41 75076
627 57675 62307 114 423957
628 57921 64192 41 131796
629 57992 58652 31 6388
630 58046 69189 55 377590
631 58108 63385 50 111145
632 58453 67274 98 200233
633 58862 60017 18 6445
634 59061 69041 45 158563
635 59090 59505 50 6150
636 59106 60106 6 4137
637 59124 60699 129 52787
638 59181 67354 33 102297
639 59245 60184 105 70635
640 59267 65950 6 24547
641 59312 59781 89 47477
642 59461 61336 5 5106
643 59511 61966 23 21479
644 59593 65043 127 621705
645 59688 72553 28 166466
646 59710 64767 11 23153
647 59861 68604 24 244992
648 59947 60036 63 7218
649 60116 67357 84 515005
650 60225 67571 123 429416
651 60308 77595 67 703832
652 60354 65347 60 109186
653 60616 61040 125 19101
654 60636 62802 76 47804
655 60644 68085 18 38173
656 60660 61489 26 15146
657 60690 63016 40 30699
658 60745 63155 101 70740
659 60778 64087 7 18356
660 60780 61370 83 26271
661 60838 68134 8 46966
662 60865 66037 127 270183
663 60879 63997 75 89371
664 60880 84374 90 1350593
665 60897 69079 147 415109
666 60921 68616 34 104894
667 61063 64362 44 94378
668 61122 65983 79 158693
669 61125 74397 104 287431
670 61137 62208 10 6178
671 61235 62867 130 71677
672 61271 63252 18 12943
673 61302 69654 35 186325
674 61396 63624 13 15649
675 61468 72751 4 12878
676 61620 68455 26 35067
677 61637 70124 5 16991
678 61668 69008 144 265542
679 61706 62665 40 12344
680 61805 64971 85 60248
681 61838 64808 49 103985
682 61870 71513 140 347599
683 61885 63467 129 224557
684 62091 70528 58 522466
685 62113 63087 17 4456
686 62360 63898 143 121568
687 62379 66921 137 800357
688 62397 62708 117 26516
689 62410 67483 23 71668
690 62417 66417 128 410979
691 62545 65701 48 40886
692 62816 82031 92 551078
693 62886 71954 36 93761
694 62947 64558 35 27885
695 62999 66916 124 610422
696 63180 63970 70 64488
697 63243 65378 80 76987
698 63293 67227 43 44191
699 63448 65679 104 47656
700 63502 95595 145 4773691
701 63759 67277 61 105126
702 63933 72504 98 318757
703 64030 72835 26 132023
704 64144 64807 78 40126
705 64320 67423 141 96706
706 64361 65594 130 149133
707 64458 67446 53 74326
708 64459 67005 95 95584
709 64560 66352 8 2775
710 64617 66067 34 16147
711 64684 76635 78 933028
712 64745 69227 25 43938
713 64901 85153 139 1782768
714 64975 75342 119 932037
715 65122 65449 16 6088
716 65201 67522 44 88390
717 65469 77644 34 52820
718 65588 66144 10 4020
719 65608 87671 84 1219677
720 65670 66221 122 51603
721 65748 67418 21 23959
722 65767 77155 41 328739
723 65968 69894 7 18139
724 66039 75709 28 128050
725 66154 67704 31 28930
726 66309 71866 30 33175
727 66401 81259 10 52569
728 66404 67001 116 25013
729 66807 67463 31 24144
730 66837 74903 135 1363078
731 66996 68213 15 3302
732 67027 68186 93 79726
733 67421 71842 44 268487
734 67452 70648 6 8707
735 67631 72603 123 238977
736 67649 78983 96 271463
737 67723 75422 42 387614
738 67794 73948 89 231351
739 67821 68618 108 47774
740 67995 69171 133 49409
741 68260 71993 98 217861
742 68431 80065 107 260369
743 68547 80487 43 176904
744 68601 72444 105 90827
745 68633 73956 68 225073
746 68672 77010 4 18548
747 68745 81461 21 44822
748 68825 69549 57 7714
749 68981 77832 58 221938
750 69210 69875 114 41820
751 69340 69730 64 25332
752 69424 72414 10 23693
753 69573 82117 118 331725
754 69603 76388 11 31900
755 69655 70794 17 17216
756 69762 74141 19 31178
757 69925 70259 52 9113
758 70001 70532 6 1747
759 70028 80724 79 349594
760 70031 90578 26 419042
761 70044 72470 110 101614
762 70056 76368 13 86875
763 70250 78919 108 508485
764 70439 73742 26 97801
765 70479 71417 41 14893
766 70526 76306 129 206341
767 70564 78262 27 107958
768 70569 83410 99 416563
769 70656 74114 28 90155
770 70965 73832 71 89879
771 70984 73239 12 22966
772 71003 88642 96 1122074
773 71033 79672 49 176045
774 71103 71673 70 27836
775 71173 71830 30 10399
776 71175 72925 51 104009
777 71191 72776 5 8980
778 71265 72339 84 34854
779 71284 73783 108 270549
780 71309 76957 51 104815
781 71416 73758 4 5028
782 71463 75927 34 84762
783 71653 72962 62 25854
784 71746 81565 115 788389
785 71751 75049 14 20548
786 71929 77619 7 18481
787 71965 79305 81 176271
788 71966 74720 65 80976
789 72047 76463 48 46096
790 72405 73520 113 43724
791 72445 75933 29 38910
792 72450 75845 19 24238
793 72809 72971 12 1496
794 72921 76104 134 92990
795 72997 77513 92 147244
796 73053 84432 109 818130
797 73090 80099 121 237430
798 73308 77237 5 6284
799 73317 73911 35 6357
800 73382 91427 29 133445
801 73401 80260 138 237050
802 73411 76455 87 236172
803 73545 74738 9 4423
804 73569 76470 17 14439
805 73633 74006 11 828
806 73669 74723 125 53356
807 73690 85370 66 160719
808 73932 75575 109 30411
809 73992 76846 105 41039
810 74124 76079 39 57621
811 74236 85524 94 591901
812 74393 80715 36 85900
813 74438 75240 17 14279
814 74509 78865 128 133215
815 74650 79048 10 10614
816 74707 74763 99 5690
817 74751 77680 20 17790
818 74765 76342 34 103985
819 74787 85244 59 129827
820 75021 79929 37 117668
821 75080 76337 40 29679
822 75269 78920 16 25172
823 75362 79259 43 110317
824 75500 81850 61 204520
825 75676 76116 105 25250
826 75753 79546 16 192664
827 75835 80057 52 84765
828 76051 89058 12 55088
829 76150 77285 141 47939
830 76209 76416 5 556
831 76265 77778 107 35938
832 76329 77241 28 18293
833 76382 85556 92 492197
834 76461 76728 62 17869
835 76690 78114 78 63116
836 76726 82681 51 138984
837 76737 78340 23 12059
838 76755 83773 112 381020
839 76896 80784 12 7304
840 77090 77845 111 29576
841 77227 84862 100 341780
842 77327 77841 87 53517
843 77342 87603 65 371989
844 77431 80337 23 34370
845 77449 78278 17 4157
846 77465 78036 90 9905
847 77606 79266 43 24638
848 77674 80631 39 117582
849 78082 79526 20 10525
850 78402 82665 32 68081
851 78500 86220 64 99915
852 78768 93653 99 1942849
853 78806 80785 137 56803
854 78811 79172 34 4238
855 79263 85464 11 21012
856 79392 82817 8 17285
857 79417 83559 35 113131
858 79610 83002 30 28412
859 79613 82857 46 52101
860 79689 80077 47 14649
861 79774 80489 7 2225
862 79893 99365 34 288220
863 79974 90196 6 17765
864 80012 81129 19 3363
865 80263 81563 79 30201
866 80445 89383 121 333823
867 80468 86232 139 266147
868 80591 80814 36 2600
869 80640 98860 113 691810
870 80774 88036 23 129401
871 80857 81377 37 2644
872 80900 86075 53 198372
873 81151 82111 55 74413
874 81288 83450 84 97902
875 81327 91537 99 667553
876 81467 96329 135 819966
877 81538 84875 91 168854
878 81709 83180 43 32774
879 81833 83597 103 36180
880 81904 81956 9 265
881 81940 85721 42 84452
882 81960 87696 98 268905
883 82064 82393 6 1496
884 82070 86189 18 24960
885 82090 82345 139 14417
886 82096 88842 128 361496
887 82554 83344 50 43143
888 82843 94906 45 271737
889 82947 94322 145 469199
890 82991 86205 5 5704
891 83483 84969 25 36324
892 83538 83879 122 44572
893 83560 87238 129 239238
894 83877 87655 17 48125
895 84235 87899 142 141110
896 84361 87112 6 11959
897 84578 94013 43 43825
898 84782 88001 21 19884
899 85072 87450 9 9257
900 85138 88626 36 47908
901 85168 88600 63 82782
902 85222 86401 67 31013
903 85231 89655 144 179259
904 85323 91921 140 231697
905 85332 85735 111 10744
906 85452 86178 142 23551
907 85453 99750 85 507270
908 85516 87202 23 24120
909 85558 88467 68 170357
910 85613 87009 5 3896
911 85701 86496 65 35534
912 85744 86808 103 93229
913 85919 89310 70 42588
914 86350 93807 129 443229
915 86372 89103 32 18057
916 86492 89808 79 423255
917 86510 90692 143 123061
918 86592 87255 31 11483
919 86662 90497 141 203968
920 86831 88931 15 4985
921 86863 87050 125 13681
922 86898 96855 23 80205
923 86929 89939 41 54973
924 87198 87512 8 513
925 87225 87988 36 10695
926 87303 88237 16 3191
927 87328 91113 133 169132
928 87412 95812 27 78582
929 87577 88005 14 3175
930 87589 93502 123 254997
931 87604 90169 65 30135
932 87751 91907 54 117514
933 87783 88343 33 4159
934 87808 93925 135 162216
935 87886 97211 80 841061
936 88021 90544 103 113215
937 88028 88454 67 16798
938 88363 89155 135 42934
939 88438 96989 108 484330
940 88690 93016 69 206942
941 88836 90446 115 214034
942 89009 91174 62 88952
943 89086 93273 48 98605
944 89173 91569 25 14359
945 89425 89434 9 218
946 89712 90782 82 90077
947 89858 93240 38 222933
948 89999 94525 74 232585
949 90017 95020 58 146280
950 90451 93009 34 47683
951 90471 96156 56 161476
952 90501 97785 38 50181
953 90514 91338 5 2072
954 90609 90855 30 3302
955 90649 97274 115 211350
956 90834 97638 4 8427
957 90847 92141 139 84403
958 91452 98660 124 404198
959 91543 91547 66 182
960 91633 93599 39 70554
961 91638 96702 62 83914
962 91709 94801 6 13533
963 91853 98496 22 52432
964 91923 93591 47 20919
965 92105 96293 6 17690
966 92227 93359 7 3922
967 92243 94470 12 19277
968 92949 95609 28 13101
969 93233 96067 145 423791
970 93244 96721 92 344168
971 94166 95251 14 7148
972 94443 95085 11 17547
973 94483 97728 130 294307
974 94602 95592 47 36854
975 94720 96550 62 21036
976 94837 98631 14 16408
977 95050 96764 102 121810
978 95140 97882 47 46978
979 95380 96638 120 115055
980 95459 97140 13 5334
981 95548 96837 99 52309
982 95619 96956 46 18570
983 95785 97250 12 9514
984 95803 95941 98 9028
985 95864 96159 22 8487
986 95925 96717 86 21472
987 95938 97625 102 91952
988 96191 96590 122 29879
989 96210 99500 137 287806
990 96696 98494 31 46868
991 97502 99356 139 439824
992 97552 97566 82 379
993 97724 98838 83 49277
994 97826 99443 38 12069
995 97907 99698 17 9139
996 98056 98301 50 11126
997 98500 99419 42 16999
998 98533 99723 6 6137
999 98600 99553 89 25677
