50 1000 0.058
......##.####........#.#..###......#..####.#.##...
.........####........####.....#...##...#....##....
.........##.####......#....#..#......###....##....
...............###.........##.....###.##....###...
....#..........####........###.....##......###....
....#.........#.##...........#.......#.......##...
##..#.........####.#.....#.#.............##...#...
#..##.#...........##.....###.............###......
......####......#.###...##................#.......
............#...#.#.#...####........#.............
........##.###.##.......#..#....#..........##.....
.....###....#...##.......##...####....##..........
.......#..........#..#...###...#.###.##...........
...............####..#..####....................##
..#............#..#.###...#...#......##........###
..#..##...........#..#......###........#....###.#.
..#..##.......#####.........####.....####....##...
.#..###..........##..........#.........#.....##...
#####.............#.................##.##.........
#.....#..........................##.#######.......
..###.##............###.....##....#.###...........
...###......#......#####.....###...##.......##....
...####.....#......###......##...#.#....#...####..
##......##..........##......##..###.....##.##.#...
###...#.##.#......#####.........##.......##...#...
##.#.#####.###............................#..##...
####.#####......#...#.........#...........##......
...............###..###..##..##......#............
..................######.##.......................
..............#.###...#.###..###....##............
..............##.#..#.#......####...#.....#.#.....
.....##.#......####.#..........#...###...#####....
....##..###...########........###...........###...
.....#..###....#.#...#..#......#............##..##
.....#.#.#..........######.................##..###
.......####...####..#.###.......................##
.......##......#.......#.........................#
.....###..#......#................................
....###.###.....##...............#.##..##.........
..#####...#.....##..............#####...#.......##
.#####....##..####....##.....#...#..#...........##
#####....##...####...##.....###.................##
##.##...##.....#....####.....#..................##
.####.###......##...###......#..#...............##
.#.##.###.#####.#.....###.#.##.####.##............
...#.....####.........#####.#..#....##......##.#.#
..#.......###.........##...#....#....###......####
..#.......###............###....#.....#........#..
...........#...............##......#######........
...........................###.......##.#.........
0 106 16712 79 555536
1 249 34529 45 1155293
2 356 5062 69 199039
3 376 39676 9 224475
4 434 9633 94 544592
5 586 7702 105 552353
6 679 1187 11 7223
7 720 1356 59 6694
8 944 2375 93 34260
9 1031 9130 5 20012
10 1032 3156 82 108559
11 1275 4886 105 192925
12 1296 4419 11 9271
13 1430 8036 109 138290
14 1436 15847 136 1566928
15 1445 2901 44 26077
16 1446 5735 138 615977
17 1453 32792 76 1256979
18 1545 55166 121 1230274
19 1609 10921 83 217201
20 1619 3348 100 87703
21 1680 9187 33 41786
22 1868 2271 141 14493
23 1872 3106 100 81067
24 1904 10203 5 2869
25 1981 3200 15 10657
26 2099 2746 13 15321
27 2360 13603 84 144840
28 2450 21848 6 34844
29 2457 4751 103 111610
30 2493 2928 39 9131
31 2762 15807 59 233071
32 2945 5274 38 78305
33 3011 3643 91 83277
34 3035 5870 4 5897
35 3062 22835 21 62992
36 3186 18035 134 698329
37 3214 25426 17 153489
38 3593 3744 19 1810
39 3641 4615 53 32906
40 3836 6068 102 133704
41 3968 9539 86 222671
42 3972 4143 32 6261
43 4186 29796 7 49920
44 4254 13044 83 279782
45 4271 6650 6 4334
46 4373 10096 43 147915
47 4395 8336 48 103560
48 4456 24782 106 524428
49 4460 17259 119 579860
50 4535 10497 51 142412
51 4761 6228 99 44071
52 4927 15071 113 528594
53 4975 11524 48 66946
54 5028 11410 6 29059
55 5066 11653 21 26900
56 5264 5399 127 6945
57 5386 8200 30 34642
58 5394 8043 16 16154
59 5476 42587 46 385030
60 5688 5712 62 554
61 5741 19000 12 68995
62 5764 13523 52 73546
63 6054 10160 100 138808
64 6116 39439 81 1286353
65 6335 8546 23 15487
66 6398 21262 37 210050
67 6475 13057 39 194013
68 6625 16695 54 633723
69 6638 12214 137 544690
70 7003 12570 11 65927
71 7055 8225 32 42558
72 7101 7412 130 25550
73 7204 10653 21 109459
74 7211 38219 15 169212
75 7356 17156 5 15766
76 7369 14864 144 207563
77 7450 14185 28 55536
78 7534 32266 11 78914
79 7547 9159 59 98396
80 7656 10863 79 65734
81 7813 10887 97 120318
82 7984 10644 5 9375
83 8027 10214 47 130098
84 8282 15449 63 90595
85 8421 11829 37 87655
86 8467 21421 53 136391
87 8485 12658 20 64531
88 8522 30331 37 319706
89 8649 19085 7 12218
90 8686 16846 91 296228
91 8878 19414 77 578936
92 9071 14206 117 248879
93 9106 13572 17 29931
94 9123 12254 35 98592
95 9124 9147 4 108
96 9154 22825 13 70003
97 9169 16600 60 205934
98 9219 15163 56 78167
99 9293 23962 32 186643
100 9452 17205 93 510734
101 9457 24040 107 501212
102 9491 24739 48 173521
103 9550 14064 8 6072
104 9630 9833 14 3814
105 9827 11104 17 13813
106 10033 22864 78 664019
107 10065 13480 32 58095
108 10210 21419 13 29214
109 10242 10708 78 7015
110 10267 20300 119 833309
111 10513 14582 15 58090
112 10561 11585 145 100745
113 10770 15706 25 89656
114 10802 14151 145 331772
115 11221 46223 19 88803
116 11333 11867 37 5717
117 11404 27777 143 875575
118 11407 13670 103 137783
119 11457 42017 32 295071
120 11681 24450 83 760081
121 11685 22354 105 451944
122 11807 13436 19 15592
123 12063 12681 20 9086
124 12149 14509 13 18567
125 12267 24984 65 600052
126 12475 13330 125 84786
127 12488 29851 110 532531
128 12539 13627 104 70208
129 12558 20557 14 44174
130 12638 55066 39 414694
131 12651 49998 29 383892
132 12900 48950 120 1300585
133 12912 16082 110 155349
134 13269 17996 77 313257
135 13276 20518 28 49917
136 13604 14813 43 22656
137 13683 16384 22 25897
138 13981 16519 5 14528
139 14027 16607 44 100648
140 14168 14493 98 37198
141 14225 19842 53 114840
142 14290 28634 13 134256
143 14380 33441 30 147536
144 14397 18543 129 166246
145 14407 22918 25 49752
146 14461 23301 35 329735
147 14471 22708 117 361872
148 14598 23097 138 530244
149 14631 16339 57 40849
150 14758 15767 96 60615
151 14817 25292 24 247458
152 14892 18934 38 53203
153 15057 20133 45 121981
154 15118 30555 84 292601
155 15177 33783 112 1346418
156 15267 18548 50 31510
157 15271 35070 34 298199
158 15423 26234 62 185754
159 15511 31095 36 81504
160 16164 34518 65 1694720
161 16316 32175 132 1598266
162 16476 33258 12 103708
163 16642 19389 119 207164
164 16684 23018 107 356884
165 16807 18332 22 24750
166 16817 22713 137 401374
167 16868 17422 21 6264
168 16884 21062 109 281867
169 16905 29419 90 96488
170 17043 18761 79 52069
171 17190 23905 144 340134
172 17244 29458 136 1064867
173 17409 18038 15 8074
174 17442 25213 78 286713
175 17487 21626 20 11440
176 17616 25236 25 90084
177 17625 20807 62 73418
178 17800 20553 123 145616
179 17870 36902 32 114205
180 17875 19111 39 15526
181 18519 19772 133 76530
182 18654 22845 142 173549
183 18656 39451 39 113724
184 18700 31650 98 286383
185 18790 27588 44 310873
186 18898 24525 18 30704
187 18905 42582 14 75241
188 18931 21372 39 42853
189 18935 40560 23 95306
190 18941 21215 55 42537
191 18969 21646 133 57295
192 19075 22334 6 9539
193 19342 23982 66 180872
194 19516 36289 111 1560816
195 19571 26932 56 255342
196 19587 41131 40 598035
197 19615 19909 66 9782
198 19695 21273 119 81349
199 19727 34514 34 69044
200 19730 21817 35 43119
201 20005 42439 27 203275
202 20349 20400 63 5054
203 20370 38602 18 134034
204 20453 25315 98 257910
205 20536 24001 53 162482
206 20601 24612 45 51184
207 20715 26477 51 106321
208 20839 25175 9 30463
209 20840 34557 8 17408
210 20990 30312 61 268527
211 21157 46815 26 202807
212 21304 29698 69 144238
213 21418 24765 11 23008
214 21492 37102 88 586072
215 21505 41682 5 44120
216 21816 50209 72 613960
217 21864 29981 109 600590
218 22027 32932 31 90727
219 22124 48928 73 495110
220 22146 23762 13 18145
221 22190 26276 39 50567
222 22259 28231 109 507033
223 22283 26946 18 103452
224 22339 24036 41 26580
225 22612 24338 52 103050
226 22744 24685 23 12241
227 22764 28595 63 375086
228 22773 36404 23 122871
229 22790 25913 145 199498
230 23046 25622 15 12308
231 23052 24117 10 7936
232 23286 26598 30 25812
233 23385 28586 4 14020
234 23462 24258 42 8872
235 23472 26781 33 63571
236 23519 29669 140 828609
237 23696 32845 80 280615
238 23825 32833 14 40846
239 23840 25257 74 96904
240 23928 32436 20 51568
241 24315 26878 59 73662
242 24412 29298 111 151602
243 24622 29082 46 129957
244 24904 34082 68 133346
245 25242 27003 121 86382
246 25298 30253 46 126325
247 25338 27019 18 7969
248 25367 30826 27 58304
249 25431 26292 102 44969
250 25544 39000 42 288230
251 25568 46737 31 84363
252 25599 38076 34 354577
253 25844 31760 28 171338
254 25919 53178 5 48810
255 26000 30620 57 65587
256 26010 32583 74 305402
257 26314 40612 57 783127
258 26421 38519 12 114805
259 26454 35477 5 34551
260 26475 28329 106 124321
261 26567 30634 35 63711
262 26630 31080 67 85032
263 26816 40428 45 86306
264 27018 45623 7 46962
265 27040 41103 27 254794
266 27049 27910 29 28729
267 27215 41335 40 202100
268 27253 28935 12 12793
269 27304 34746 100 622542
270 27440 34618 17 42042
271 27501 41307 7 32102
272 27623 36246 18 47431
273 27661 34117 19 181473
274 27662 29741 54 130189
275 27696 29351 143 77111
276 27794 28134 31 3657
277 27809 45170 46 184866
278 28017 29975 78 48189
279 28252 48015 89 504466
280 28363 31353 24 142826
281 28379 49754 65 588022
282 28387 33357 66 251622
283 28430 33718 24 84502
284 28543 44117 89 806845
285 28750 35247 7 21665
286 28913 32112 34 51595
287 28996 29700 77 19889
288 29014 36621 69 162183
289 29123 32354 78 122762
290 29191 32243 10 38439
291 29217 30105 83 36785
292 29625 35104 42 126006
293 29670 35280 11 77918
294 29869 45023 10 103839
295 30194 34378 129 926404
296 30237 35346 41 84079
297 30249 32015 20 20247
298 30460 44460 54 523090
299 30539 31476 13 9810
300 30569 53622 25 462700
301 30642 36929 127 362637
302 30671 48631 112 841541
303 30780 54294 11 102430
304 30853 34115 115 158148
305 31061 52123 45 66725
306 31165 34300 42 42010
307 31207 39554 87 235128
308 31282 35823 56 113909
309 31293 34380 8 41770
310 31395 47273 22 360663
311 31580 36676 83 405158
312 31723 45782 32 143258
313 31783 43587 42 185877
314 31825 43567 141 605787
315 31827 37515 86 193762
316 31873 45044 5 71428
317 31876 34340 23 44427
318 31982 39809 35 96003
319 31995 35149 88 154148
320 32055 32836 4 1419
321 32106 45591 24 60579
322 32142 32218 29 1069
323 32178 55571 15 150794
324 32208 50115 86 150413
325 32254 35460 115 349948
326 32306 33906 31 8060
327 32327 47051 29 108708
328 32376 36567 8 10381
329 32467 35802 89 134293
330 32652 47903 5 31395
331 32770 33251 5 852
332 32956 35546 149 129971
333 33013 37008 53 115730
334 33076 42536 20 120069
335 33144 55191 42 178273
336 33146 43033 118 434693
337 33160 36471 32 108833
338 33343 39585 57 170286
339 33563 33612 80 5666
340 33652 37659 40 123813
341 33843 42476 22 69308
342 33903 40081 103 116538
343 34020 51501 5 25958
344 34092 34886 6 2829
345 34097 39327 7 6659
346 34170 34307 130 20758
347 34297 65058 24 193331
348 34471 38144 68 92220
349 34527 36783 9 9377
350 34877 35336 69 15170
351 34922 41901 138 478155
352 34949 41569 30 171082
353 34966 41081 49 129933
354 35289 46100 21 140286
355 35313 39897 20 15790
356 35316 37871 8 10392
357 35345 46513 87 783476
358 35369 39203 63 100078
359 35385 35577 106 28827
360 35386 50269 70 340790
361 35399 36344 82 74893
362 35464 41457 18 30998
363 35490 41124 15 30898
364 35642 36536 86 28360
365 35696 52279 138 1122168
366 35715 38461 44 92353
367 35716 39464 23 34110
368 35819 37365 35 38333
369 35859 46651 22 84565
370 36029 36167 74 5972
371 36147 51464 14 48512
372 36260 40473 83 149593
373 36444 41735 5 2699
374 36551 37509 35 9801
375 36611 58337 118 333123
376 36688 38427 28 57506
377 37011 38641 40 16069
378 37013 37346 110 5786
379 37099 38972 13 6100
380 37174 47464 53 205028
381 37319 37559 99 17342
382 37356 37516 37 8113
383 37414 39862 10 7020
384 37512 42213 12 28387
385 37604 46050 69 289075
386 37687 42219 84 229512
387 37724 44173 5 5941
388 37779 38205 9 3360
389 37834 45613 10 5843
390 37997 41495 139 129998
391 38052 43573 23 34023
392 38293 52200 9 24232
393 38426 38832 4 1263
394 38464 48750 57 161054
395 38741 67720 52 239950
396 38982 43860 29 55565
397 39025 48026 23 97328
398 39132 44815 126 134483
399 39314 54417 13 70506
400 39417 53352 112 372938
401 39633 55792 73 406919
402 39935 57402 7 71462
403 40044 65616 33 189124
404 40133 45564 15 44087
405 40301 45853 61 404036
406 40476 42598 28 40352
407 40707 59051 15 148218
408 40713 41063 124 33021
409 40766 73858 56 1283345
410 40799 64388 47 373403
411 40907 43361 30 20745
412 40921 63775 47 220917
413 41170 61045 109 863684
414 41179 46629 9 12033
415 41215 52475 101 753451
416 41382 44209 5 4194
417 41411 60475 28 173475
418 41728 50384 96 357300
419 41772 46876 62 135359
420 41816 51523 46 175421
421 41842 43597 11 7117
422 41860 48322 88 359873
423 41884 44795 10 20888
424 41923 56910 16 53773
425 41953 45543 4 6669
426 42018 42401 5 805
427 42109 43653 141 136587
428 42276 51532 5 5617
429 42362 42377 72 1170
430 42444 50099 33 107362
431 42585 48126 43 148393
432 42717 58498 75 597406
433 43043 48260 49 131222
434 43051 67023 56 267348
435 43148 50146 4 5268
436 43192 51517 4 27878
437 43234 44019 149 280653
438 43249 47781 144 242478
439 43383 45560 23 13803
440 43427 44073 4 1746
441 43493 44216 43 14298
442 43543 48370 93 239439
443 43545 46183 8 22037
444 43758 44058 66 13411
445 43806 55861 10 45178
446 43894 55645 27 210243
447 43917 53931 43 158123
448 43924 46934 22 12476
449 43946 53555 126 420450
450 44048 44997 30 12315
451 44241 49679 46 92753
452 44285 48607 95 371651
453 44371 53773 117 284362
454 44571 51333 6 10483
455 44677 54261 86 436244
456 44707 52553 109 343151
457 44772 44804 99 1764
458 44863 64995 47 337225
459 44893 50073 44 99388
460 44928 46104 93 89413
461 44973 48585 67 33427
462 45062 46110 5 2507
463 45080 48728 121 236159
464 45131 46384 87 49191
465 45174 45514 101 10259
466 45187 53138 22 122042
467 45433 47558 107 202135
468 45715 54400 80 213654
469 45739 46421 58 10330
470 45761 49101 59 110482
471 45785 49200 39 42779
472 45875 49869 126 408274
473 46060 47973 83 93757
474 46249 57011 9 57817
475 46275 48337 49 20341
476 46291 46455 20 1343
477 46500 51495 56 322798
478 46516 51598 10 12351
479 46533 46905 94 32718
480 46696 47230 92 11178
481 46724 66080 108 365659
482 46906 51582 8 18573
483 46925 49609 10 7966
484 47021 47471 89 22087
485 47047 47138 42 2064
486 47330 47373 17 729
487 47424 56994 57 266232
488 47473 49048 51 54420
489 47525 50984 129 114385
490 47803 48853 9 9076
491 47915 48726 29 8177
492 47942 57946 7 36203
493 47962 51097 107 215347
494 48067 56874 4 12604
495 48385 51185 35 118247
496 48397 50404 69 54354
497 48652 51528 141 73529
498 48829 52014 5 15212
499 49024 52685 72 367220
500 49172 51307 79 74627
501 49448 50563 25 11918
502 49522 56649 9 39666
503 49568 85136 56 1413817
504 49633 50338 48 16989
505 49672 68349 10 71525
506 49699 61660 51 362418
507 49770 54868 103 341924
508 49895 56363 117 345597
509 49900 83230 53 260232
510 50216 52731 8 7358
511 50408 51296 16 5099
512 50515 76049 31 541005
513 50730 54347 29 32385
514 51005 53181 10 13063
515 51079 70305 55 753537
516 51316 65828 85 310647
517 51335 51426 104 5237
518 51402 56953 67 243484
519 51403 62216 74 305731
520 51468 56769 4 9584
521 51497 52292 39 5129
522 51498 61425 64 234658
523 51654 61756 47 209729
524 51662 61539 27 125335
525 51692 64612 31 172532
526 51801 55363 92 238914
527 51907 59550 130 163600
528 52022 53691 80 131791
529 52052 58223 94 741419
530 52104 52260 93 3196
531 52148 56389 5 7080
532 52234 61232 79 721048
533 52254 69999 7 98039
534 52377 53955 130 203669
535 52515 56088 131 234860
536 52588 56094 56 63465
537 52595 68800 141 2039087
538 52608 94515 12 118571
539 52630 74264 33 294430
540 52713 55051 65 73820
541 52890 55237 73 46155
542 52914 65520 24 149206
543 53123 57061 12 11210
544 53132 55508 17 17577
545 53191 53681 66 13217
546 53217 57058 27 30429
547 53228 57579 10 20509
548 53336 53568 112 43201
549 53374 77887 106 1715623
550 53472 54057 11 2300
551 53494 60890 59 341133
552 53627 59968 13 13389
553 53659 60487 137 393843
554 53726 72205 45 207087
555 53730 83253 79 1708571
556 53733 66075 49 147653
557 53848 56666 93 194678
558 54040 55083 75 36789
559 54060 64026 108 490195
560 54145 70807 110 696914
561 54227 79084 95 2054870
562 54354 54513 35 1284
563 54564 65251 144 710213
564 54729 56362 14 16074
565 54766 71056 40 310239
566 54769 86470 45 301881
567 54922 57473 119 143410
568 54928 55817 19 3582
569 54991 56151 28 9576
570 55049 69648 24 242678
571 55189 64440 86 321356
572 55205 66240 76 577509
573 55257 57338 13 37940
574 55308 77689 99 587777
575 55331 58336 26 42431
576 55337 58641 52 29581
577 55407 65980 61 457050
578 55425 81654 7 72018
579 55517 57169 82 136071
580 55540 56218 77 25424
581 55672 64101 45 337010
582 55743 59810 120 347000
583 56002 76556 24 131571
584 56104 62238 30 89042
585 56215 58023 61 18277
586 56244 58945 85 134901
587 56438 58291 69 36002
588 56501 56715 5 327
589 56513 78110 4 28265
590 56667 66621 11 29045
591 56697 58142 76 28739
592 56707 64573 89 321192
593 56759 57170 84 33655
594 57055 74905 10 37231
595 57165 75659 81 352317
596 57237 65406 146 200359
597 57328 59303 92 94671
598 57438 67115 109 169242
599 57545 67926 138 1535388
600 57687 60012 43 33045
601 57715 66131 13 33706
602 57828 66433 17 45879
603 57880 64261 8 47973
604 57893 59469 23 10521
605 57937 59220 44 10097
606 57943 66652 113 822375
607 57949 71766 64 330727
608 57980 67847 26 212148
609 57985 73007 106 470953
610 58054 61838 57 73133
611 58324 60476 106 90384
612 58357 62179 12 9121
613 58365 59567 33 20072
614 58368 60227 98 83491
615 58526 96952 6 37055
616 58549 60038 6 2768
617 58585 64411 26 63345
618 58640 71582 26 254499
619 58788 96943 58 461071
620 58815 73102 32 83741
621 59148 67554 32 72884
622 59179 60819 136 67253
623 59193 67349 134 278546
624 59296 66949 76 214032
625 59497 60940 98 248606
626 59592 62272 139 115397
627 59690 61442 37 22561
628 59719 62998 32 79852
629 59828 62993 100 175259
630 59882 78579 15 374020
631 60070 75610 10 31140
632 60285 60718 46 23332
633 60345 62871 27 40771
634 60485 83636 125 856889
635 60490 74921 13 34008
636 60500 63035 137 264447
637 60562 78606 11 127720
638 60583 70705 6 15651
639 60927 73071 9 61190
640 61020 72764 32 183147
641 61133 77049 143 2036457
642 61152 74108 76 356680
643 61154 64308 100 174009
644 61384 71520 63 290903
645 61468 77876 112 837856
646 61477 63966 68 48962
647 61553 70603 128 919314
648 61654 68267 134 425891
649 61664 67160 135 1366943
650 61689 79758 60 806065
651 61793 67324 28 44761
652 61981 70587 8 11038
653 62054 66022 133 99565
654 62172 70530 81 141756
655 62263 73994 46 325557
656 62508 62774 65 7119
657 62513 62662 26 4778
658 62546 64867 101 110089
659 62624 71393 27 82313
660 62740 66497 5 9795
661 62779 95193 41 223415
662 62848 65923 56 130206
663 62868 62954 148 23102
664 62926 74813 46 123312
665 62949 72097 142 523915
666 62977 64565 141 105159
667 63062 86653 120 1561494
668 63077 64088 84 18561
669 63349 65166 50 77799
670 63412 84973 79 995930
671 63514 72899 68 264859
672 63547 64151 34 9406
673 63567 76872 69 201947
674 63578 69641 79 169772
675 63598 66647 127 280244
676 63734 69976 22 56029
677 63984 74359 48 259528
678 64048 81677 78 378747
679 64121 67123 97 289433
680 64258 66236 19 21419
681 64270 67484 70 191746
682 64470 68823 141 300570
683 64475 67064 58 95922
684 64529 71833 12 24296
685 64662 65864 56 57080
686 64739 65379 48 8859
687 64771 64814 66 985
688 64858 75560 146 982709
689 64882 66993 50 10830
690 64884 80151 48 380255
691 65019 74536 64 392672
692 65044 98150 60 560902
693 65193 76343 36 131342
694 65238 77860 66 247390
695 65293 71282 17 92794
696 65301 73304 47 86536
697 65711 77318 32 92027
698 65735 65776 66 812
699 65954 66441 69 15589
700 65963 67194 142 85358
701 66019 81008 79 690866
702 66194 92942 41 649067
703 66198 71968 11 27890
704 66254 72003 15 40875
705 66408 74887 8 23217
706 66424 68622 25 30074
707 66583 68249 21 26513
708 66594 67414 48 18604
709 66708 70669 48 73038
710 66709 77671 71 219490
711 66887 80070 112 637367
712 67245 77399 89 686911
713 67390 73148 6 9114
714 67397 70309 42 100737
715 67487 72125 13 40856
716 67490 67727 136 17206
717 67496 78872 129 295756
718 67500 70911 5 11619
719 67525 83307 147 1074610
720 67579 67712 40 1862
721 67649 81357 19 117327
722 67668 75931 25 90645
723 67731 71945 145 432285
724 67738 69663 94 62331
725 67793 69603 43 34090
726 67902 69908 32 36249
727 67966 69080 107 48632
728 67971 68038 149 8274
729 67972 77104 52 53939
730 68039 72281 19 18057
731 68094 68787 64 26536
732 68252 88660 44 713438
733 68284 73075 51 74696
734 68288 73342 109 167642
735 68567 83055 14 46419
736 68574 70150 21 21793
737 68599 80253 33 141264
738 68711 71088 4 2755
739 68954 69060 20 1069
740 68973 70268 5 3092
741 69075 97933 141 891257
742 69086 69391 22 10701
743 69134 77320 51 376902
744 69232 71159 98 51978
745 69277 74870 14 40074
746 69454 81592 60 356968
747 69652 74512 9 11321
748 69788 81528 72 152347
749 69799 70183 20 1578
750 69804 85506 24 138385
751 69828 73319 14 7601
752 69867 75933 6 21969
753 69955 79310 123 255308
754 70074 71631 122 103514
755 70173 71777 17 16925
756 70349 75565 91 103745
757 70383 73029 84 108639
758 70524 79959 43 163461
759 70551 98349 26 561133
760 70586 73088 27 48740
761 70712 87660 66 193306
762 70902 92259 16 146127
763 71321 81884 43 75164
764 71390 72273 90 20383
765 71500 71966 124 19696
766 71533 75427 16 21057
767 71555 83883 146 588065
768 71612 78539 115 420562
769 71757 74836 87 178840
770 71798 82850 38 173373
771 71802 73202 32 11732
772 71971 78210 114 149823
773 72315 75255 21 24950
774 72333 77964 112 127106
775 72516 74207 34 8089
776 72660 82583 148 381460
777 72668 76087 10 9959
778 72686 73348 115 83993
779 72733 84012 108 589388
780 72869 76357 15 23418
781 72913 81449 139 447438
782 72929 75589 98 118316
783 72943 79150 32 127309
784 73036 79469 5 11453
785 73271 80227 147 623608
786 73279 96238 10 68573
787 73339 90809 16 61716
788 73355 83376 108 249569
789 73363 73667 28 5377
790 73474 81015 103 99568
791 73476 77898 36 67544
792 73801 78007 90 203669
793 73909 80668 86 383922
794 74005 82034 76 102963
795 74211 74519 126 19708
796 74247 76787 32 23495
797 74296 81116 40 354767
798 74362 77232 26 33669
799 74389 75420 14 17589
800 74545 74883 11 2405
801 74689 86353 43 193800
802 74958 97035 10 51593
803 74999 87205 114 304686
804 75099 85825 93 909930
805 75246 91913 5 30565
806 75291 75819 65 86117
807 75521 77187 13 5950
808 75754 80051 24 24403
809 75824 81414 12 25591
810 75870 80501 55 172542
811 75934 91064 96 816038
812 76130 87257 19 58833
813 76180 91267 61 572638
814 76303 77114 16 4968
815 76427 85447 13 112661
816 76522 89800 64 310862
817 76526 77085 21 11715
818 76572 87281 73 202583
819 76750 79265 20 23153
820 76849 91929 64 315600
821 77053 83020 41 77272
822 77098 82449 6 18747
823 77110 87265 24 181116
824 77177 85102 33 79909
825 77346 84363 49 305518
826 77535 90496 17 292665
827 77547 83268 84 364205
828 77596 80240 138 73431
829 77679 98719 11 172033
830 77769 77979 30 6345
831 77976 80029 8 5190
832 78420 91357 7 15523
833 78513 80790 7 8109
834 78738 82518 26 59157
835 78799 83441 45 96553
836 78819 82779 22 12085
837 78830 79190 60 15944
838 78967 84375 16 30179
839 79234 88772 4 19984
840 79266 83674 11 26326
841 79446 82765 132 99397
842 79449 91266 6 20898
843 79652 80518 84 35123
844 79785 82045 26 9325
845 79861 85194 84 289687
846 79930 81968 29 28535
847 79958 81625 29 32385
848 80035 97258 53 602295
849 80179 84636 10 38374
850 80190 83724 110 55454
851 80262 88761 22 53355
852 80358 81421 120 116455
853 80408 81738 46 53956
854 80440 96361 138 1088430
855 80450 83484 16 30000
856 80470 87340 26 87197
857 80556 80917 59 10259
858 80586 88331 7 14539
859 80605 82694 5 6739
860 80662 89118 43 84245
861 81001 87840 136 281755
862 81064 94294 72 555969
863 81288 87038 5 16747
864 81319 98151 31 794837
865 81452 84269 134 86565
866 81492 99945 90 402555
867 81533 89682 125 352772
868 81615 89772 37 181320
869 81623 83546 40 14784
870 81644 85000 4 3770
871 81707 89482 11 69032
872 82431 88514 25 47238
873 82480 83916 25 7322
874 82528 89796 93 386139
875 82567 86872 57 147946
876 82826 91029 57 311884
877 82836 93370 18 233014
878 82876 86431 10 16400
879 82959 86053 21 25399
880 82973 88948 76 222304
881 83025 88797 45 167966
882 83031 94891 7 9469
883 83082 87997 25 24261
884 83218 84653 6 5593
885 83247 94859 146 357967
886 83261 85771 5 4963
887 83511 92209 59 197350
888 83686 91155 89 113590
889 83866 88697 23 13476
890 83944 87485 109 76702
891 83979 85967 20 40734
892 83987 86303 47 155251
893 84062 91054 12 11794
894 84073 84232 142 24634
895 84517 87247 27 18562
896 84546 85586 46 14786
897 84632 84770 79 6291
898 84727 95794 145 1411876
899 84766 85620 117 93637
900 84810 92933 137 322022
901 84922 92696 75 389851
902 84972 90102 28 59306
903 85098 94551 37 225889
904 85159 94835 72 132916
905 85255 89418 91 189225
906 85417 93054 64 289842
907 85455 87145 108 124652
908 85583 92409 77 551159
909 85721 90561 90 486280
910 86009 95202 58 254398
911 86178 90317 25 24093
912 86219 87587 97 104441
913 86220 99724 16 64361
914 86363 88099 43 47958
915 86442 97557 138 818628
916 86995 88682 6 7588
917 87021 91468 31 44431
918 87034 97189 79 150318
919 87077 95336 110 341900
920 87209 89206 68 51925
921 87234 87295 74 856
922 87291 88542 42 22845
923 87415 99413 23 32558
924 87486 95325 22 65960
925 87492 87615 32 1327
926 87531 89970 66 30148
927 87574 94790 103 352859
928 87598 98083 20 51687
929 87824 93017 36 130863
930 87879 94299 94 271594
931 87946 97890 21 57387
932 87978 91034 7 6508
933 87991 89971 72 51931
934 88003 95052 7 18297
935 88123 93104 121 138298
936 88207 88293 146 9243
937 88436 88605 37 2053
938 88493 93524 49 82632
939 88545 96042 28 137321
940 88631 89559 85 43003
941 88666 96117 142 152483
942 88743 89569 87 29713
943 88858 93517 7 13119
944 88966 95304 43 70266
945 88996 95665 14 34646
946 89012 90707 80 89927
947 89142 93254 63 146381
948 89412 90483 132 110829
949 89419 89462 6 66
950 89472 93094 5 8054
951 89538 91220 22 25049
952 89571 91622 80 42313
953 89688 94949 29 63243
954 89757 90027 29 3037
955 89817 98181 35 283974
956 89917 91589 68 87544
957 90079 99030 37 68509
958 90087 92142 35 27680
959 90320 98706 33 45386
960 90739 94050 130 82080
961 90913 97873 47 92912
962 90921 93095 69 54552
963 91049 95038 124 52051
964 91051 95236 10 7397
965 91101 91287 50 5137
966 91171 94879 5 5490
967 91260 98974 21 97808
968 91283 97951 48 55967
969 91354 99490 11 21052
970 91613 97701 143 134865
971 91979 99910 65 263131
972 92214 94113 9 6589
973 92401 93167 40 10205
974 92549 92912 20 5571
975 92983 99449 36 53722
976 93065 97336 144 344306
977 93199 94104 7 1217
978 93418 98843 127 728961
979 93448 98991 131 395869
980 93600 94963 146 63128
981 93891 95589 20 11552
982 94175 99671 83 211302
983 94740 97461 136 306911
984 94888 97014 34 45523
985 95327 99952 140 103658
986 95853 99734 32 49720
987 96592 98500 49 41713
988 96751 97832 22 13321
989 96764 97201 21 4360
990 96805 97680 84 38502
991 96814 98195 110 136303
992 97151 98791 118 96303
993 97155 98753 23 8609
994 97209 99603 39 69398
995 98058 98930 26 11636
996 98458 98932 39 8434
997 99119 99412 119 25612
998 99138 99205 21 718
999 99618 99792 18 2229
