50 1000 0.055
####.#####...............##.###...........########
#########..............#######.##..........##.####
##########.............####.####...........######.
######...............############....####..#######
#######.............###########........#.####.####
.#####.............###.########.......############
...##...............##########.......#####.#######
..##..............###########..........######.#..#
......................######.#...........###..#..#
....................##.#######............##..#..#
....................##########................#...
....................##########....................
......................########....................
.......................########...................
........................#.###.##..................
.........................##.#.....................
............................##....................
..................................................
.........................#........................
..................#.#...##..#.#...................
..................###.####..#####.................
...................########.#####.................
...................##############.................
...................##############.................
...................#.#######.##...................
..................##..##########..................
.......................######.###.................
..........#............###########................
...#.....##.............###..##...................
..###....##............#####.##.##................
...###..###.............#.###..####...............
###########............#.##....######.............
#.####...#...........####.....#.#####.............
#######.###.........##.###....###.##.#............
.#.###.######.#.###.##.###.#.#########............
#############.###.#....###.########...............
####################...################...........
#.###################################.............
#.###############.###.###.#.########.....##.......
#..#.##.###############.####.########..#.##.......
...#.############..###########.##.###.#####.......
....##...##.#...###.###########..########.#.......
.....#....###...#.#...######......##.######.......
..........####.##.....########.##.##.#########....
...........##...###..##.##..###.############.###..
......................#.######...#############....
..........................##.....##############...
.................................#.############...
...............................###...########.....
.................................#...###.###......
0 21 5419 55 117672
1 148 2630 43 33051
2 326 6828 115 352619
3 457 3480 31 31703
4 469 4246 16 11127
5 507 4510 41 62979
6 638 1871 102 43747
7 717 2613 27 30434
8 895 1873 8 3695
9 934 1750 137 21981
10 973 3709 129 352183
11 1095 2723 114 140406
12 1219 2215 39 9904
13 1372 1756 24 4617
14 1433 5802 72 215976
15 1447 5577 7 14524
16 1466 1937 78 38294
17 1519 5371 27 61035
18 1755 8392 132 292084
19 1856 2232 25 15486
20 1862 3279 10 16539
21 1901 3191 23 6567
22 2093 6452 81 200630
23 2305 3934 52 53507
24 2343 4184 58 12106
25 2362 13210 54 217611
26 2649 10774 83 704740
27 2676 10264 17 60689
28 2722 4951 27 34940
29 2906 10107 21 173219
30 2984 6328 64 274503
31 2997 4414 40 64362
32 3016 7369 19 18325
33 3086 4083 12 3499
34 3225 12543 21 73995
35 3263 4860 4 6052
36 3691 3935 86 8735
37 3833 8050 24 52217
38 3906 4231 54 5932
39 4052 10206 11 38014
40 4199 4336 99 14670
41 4357 9225 99 64250
42 4399 6437 18 14146
43 4430 10457 81 117967
44 4456 13460 8 23356
45 4490 12864 33 313547
46 4545 9118 91 302365
47 5159 6182 24 6557
48 5295 5533 38 4319
49 5358 7417 98 82306
50 5502 9348 58 116080
51 5505 11653 57 196898
52 5690 13494 102 242673
53 5774 6094 9 2478
54 5843 6211 19 5024
55 5878 6530 19 17690
56 5945 7627 142 119111
57 6165 16823 7 24737
58 6203 19369 35 210875
59 6306 11234 17 35031
60 6361 7090 16 3542
61 6373 9702 32 30729
62 6406 7940 101 87138
63 6621 13859 44 115233
64 6675 8624 84 74700
65 6694 8777 136 194213
66 7128 7466 15 4897
67 7130 8723 62 66638
68 7174 9467 72 31035
69 7263 7717 15 2471
70 7283 8590 74 105147
71 7519 9482 7 2770
72 7525 10167 22 52972
73 7527 12245 63 125885
74 7559 10232 128 290595
75 7764 8505 13 3602
76 7924 21247 119 568486
77 8208 8927 51 20784
78 8242 10291 74 72207
79 8322 8995 64 58288
80 8373 8532 14 1355
81 8409 10981 14 14015
82 8460 12832 145 148910
83 8504 9242 72 28255
84 8635 9035 12 2070
85 8642 13540 18 28841
86 8681 9363 57 19747
87 8689 8747 20 1912
88 8713 11763 130 329567
89 8752 11249 143 126797
90 8807 13266 31 48496
91 8872 12444 34 41451
92 9048 14834 40 96198
93 9101 11304 19 18493
94 9269 13680 77 98152
95 9270 10737 38 20892
96 9293 16211 14 15711
97 9418 16851 134 237702
98 9509 10747 82 37184
99 9617 10257 11 2730
100 9699 17259 31 284396
101 9714 13616 66 125281
102 9733 16752 21 62222
103 9746 11699 19 14892
104 9779 12990 6 6478
105 9845 14565 23 49697
106 9981 13688 41 65981
107 10099 12975 91 148011
108 10114 10272 138 5709
109 10203 13145 16 31394
110 10241 12303 16 16905
111 10277 10310 101 3676
112 10309 11957 65 90483
113 10378 17105 7 10660
114 10422 13636 36 38839
115 10436 14010 92 96603
116 10556 25294 93 375136
117 10632 12119 52 28114
118 10775 12146 98 46846
119 11069 11465 111 39704
120 11145 11470 68 11850
121 11233 16478 114 198542
122 11278 11283 146 214
123 11330 15967 56 123695
124 11540 29607 19 187336
125 11578 17264 106 264099
126 11581 11790 89 19924
127 11674 13893 5 11316
128 11734 13838 121 92574
129 11810 13545 16 19101
130 12115 13197 45 15161
131 12176 20709 101 450075
132 12605 13381 87 40035
133 12657 16982 42 151898
134 12993 25747 130 644009
135 13165 15390 55 83345
136 13189 13796 5 1053
137 13193 17533 116 53089
138 13295 16543 82 26700
139 13339 14662 84 125319
140 13358 20874 122 284795
141 13424 13980 19 3506
142 13504 24627 23 72615
143 13534 17763 49 123697
144 13644 14676 25 6963
145 13704 16048 10 13838
146 13876 14004 85 10465
147 13944 17022 41 74103
148 14088 21397 9 5859
149 14103 15734 111 101627
150 14201 17611 78 182205
151 14205 15207 116 158026
152 14310 23939 69 98842
153 14374 15256 66 18138
154 14442 17339 23 19620
155 14490 18410 46 122886
156 14510 31521 11 69800
157 14569 20617 132 294828
158 14760 15543 17 7770
159 14761 20628 28 53381
160 14876 15685 24 20656
161 14904 20755 102 297552
162 14983 20772 32 58352
163 15043 22423 147 1101195
164 15360 23741 46 94776
165 15404 20534 76 394914
166 15414 23070 83 104649
167 15420 16540 18 6959
168 15441 19595 44 32833
169 15451 18774 23 15702
170 15923 19114 15 26568
171 16075 38319 9 23657
172 16271 17510 10 6061
173 16304 26249 42 244371
174 16545 17095 145 35938
175 16593 20266 13 34306
176 16639 22185 101 289027
177 16641 16685 21 851
178 16665 17384 6 7773
179 16680 26125 51 193324
180 16726 21959 4 10725
181 16742 34719 41 305584
182 16901 17734 48 54670
183 16995 18325 17 8912
184 17112 20410 25 35657
185 17145 19875 92 290324
186 17218 18085 103 90431
187 17517 22485 62 133477
188 17572 24194 120 418349
189 17765 22451 31 33810
190 17863 25247 48 76429
191 17864 23658 89 136042
192 17893 20223 44 53035
193 17937 19485 9 3640
194 17948 21565 106 109868
195 18019 19534 66 19196
196 18032 18563 20 5415
197 18132 19025 12 8512
198 18164 22588 96 156175
199 18181 35876 143 1382204
200 18240 20563 7 18010
201 18347 24045 92 120085
202 18373 22718 56 107686
203 18396 19203 91 21431
204 18476 22414 121 272657
205 18481 30148 8 39530
206 18567 22056 105 485241
207 18766 22303 19 37826
208 19001 20844 79 92612
209 19285 19332 8 457
210 19494 28396 10 47779
211 19542 19730 146 7477
212 19546 23394 47 55927
213 19617 21192 29 50277
214 19625 20720 34 36722
215 19731 19898 68 4967
216 19749 21435 122 87977
217 19944 24301 132 289522
218 20062 22182 100 286082
219 20088 21066 105 67278
220 20102 22321 79 51130
221 20551 21122 99 57138
222 20738 21171 65 21743
223 20790 22521 34 25323
224 20798 27157 112 158813
225 20852 21165 29 6986
226 20863 23374 25 34725
227 20900 24902 40 65107
228 20929 32318 6 24160
229 20961 23261 36 19509
230 21118 26874 5 19149
231 21134 22301 29 11169
232 21378 38739 13 72002
233 21495 26487 19 32636
234 21527 23387 76 37562
235 21545 31279 38 174237
236 21660 21682 4 96
237 21940 27805 14 47056
238 21990 28079 46 100589
239 22124 22852 141 172000
240 22131 22915 43 14197
241 22260 23006 141 40814
242 22297 22970 13 2996
243 22350 24150 64 36322
244 22376 22654 38 6574
245 22453 24599 28 40840
246 22531 23139 37 8906
247 22544 24953 19 19960
248 22552 23843 122 30718
249 22626 25138 125 139320
250 22802 30591 8 18178
251 22880 26642 35 63569
252 22960 26252 7 15364
253 23286 23522 31 5500
254 23299 35141 8 53464
255 23303 23418 59 9099
256 23324 25899 124 116345
257 23471 23791 7 965
258 23482 25812 45 21518
259 23548 28538 142 156410
260 23711 24464 56 31569
261 23739 36311 21 76682
262 23824 25589 47 68736
263 24090 24216 68 24354
264 24352 30218 44 50003
265 24443 28033 53 27748
266 24490 31661 104 406292
267 24497 30283 42 64483
268 24549 29881 38 115377
269 24555 35316 15 32210
270 24575 25325 28 28001
271 24664 25087 31 5753
272 24687 28732 7 26502
273 25185 28543 54 123083
274 25407 28853 12 23917
275 25617 27432 149 50052
276 25642 39166 65 196342
277 25664 26052 9 2539
278 25849 29637 90 84274
279 25981 34279 79 126765
280 26213 39615 51 107161
281 26391 29679 113 56040
282 26418 28376 143 192505
283 26483 27598 67 75449
284 26589 39219 14 55878
285 26602 32580 39 375948
286 26654 28244 19 10816
287 26828 30819 60 116903
288 26918 26933 50 1460
289 26924 28530 26 34047
290 26958 27245 128 35982
291 26999 33214 139 379666
292 27096 29664 4 8922
293 27219 28320 5 5732
294 27243 30042 51 128573
295 27244 30569 7 10185
296 27323 30192 17 48641
297 27406 34578 16 38167
298 27407 28175 71 16855
299 27472 29831 138 188023
300 27526 30544 135 217154
301 27532 27561 70 1858
302 27766 32880 135 235961
303 27886 29304 61 22085
304 28055 29259 56 24647
305 28076 30021 148 152496
306 28087 30454 96 197089
307 28094 32617 26 13164
308 28195 30724 14 9758
309 28240 30534 88 214196
310 28262 29257 96 31582
311 28319 31205 23 56851
312 28341 29925 20 16206
313 28403 31087 63 90676
314 28466 29295 140 179562
315 28511 33269 42 261958
316 28539 30356 6 3477
317 28599 31795 65 156986
318 28603 30302 132 123386
319 28726 29503 14 15150
320 28770 33949 43 84398
321 28885 30670 116 127478
322 29164 33192 14 19938
323 29489 32751 6 12755
324 29628 50889 83 545109
325 29646 34255 38 86032
326 29656 29677 57 846
327 29751 36207 76 245771
328 29806 29980 68 2830
329 29852 33378 26 22003
330 29884 32400 31 68779
331 29905 32522 71 66959
332 29998 32448 38 84377
333 30057 38238 96 659276
334 30286 33612 11 30144
335 30420 31365 32 8536
336 30608 35803 13 21672
337 30696 31486 106 89455
338 30947 33761 136 179551
339 31021 33790 9 26804
340 31201 42098 49 195067
341 31231 40539 70 317994
342 31234 32632 74 30515
343 31281 32411 129 53617
344 31439 39666 55 138559
345 31469 35044 40 23650
346 31494 41561 13 22789
347 31617 33308 126 52718
348 31674 38628 66 160582
349 31744 31775 122 3225
350 32156 33833 115 93299
351 32203 34770 43 22745
352 32306 35256 6 6288
353 32454 32467 7 30
354 32464 33213 5 1530
355 32636 38823 85 330615
356 32808 36039 141 472998
357 32843 33219 9 4681
358 32866 35507 134 348710
359 32896 37890 24 53669
360 32956 39452 68 162965
361 32959 38849 80 87533
362 33055 34599 123 33195
363 33128 33339 67 20426
364 33291 37100 73 109962
365 33374 34743 150 120784
366 33424 34998 59 83819
367 33440 34942 22 5453
368 33756 40253 40 115686
369 33770 35634 22 9384
370 33794 36254 82 126329
371 33820 35180 7 2070
372 33874 34999 43 21756
373 34004 34891 94 22930
374 34035 34561 37 6628
375 34175 35303 91 33227
376 34288 36488 69 39959
377 34334 37852 21 21945
378 34380 41894 44 128733
379 34382 37373 19 43135
380 34408 35134 67 9895
381 34475 35552 91 30604
382 34532 37437 34 29945
383 34595 35723 82 85104
384 34917 35131 36 4359
385 34971 36621 9 11165
386 35123 39734 102 457211
387 35323 48790 68 357371
388 35499 37553 7 13211
389 35675 39594 26 27529
390 35693 39440 122 178378
391 35936 36499 12 851
392 36001 52758 13 46062
393 36256 40957 101 79432
394 36300 37724 9 3942
395 36712 40137 32 220845
396 36799 42535 88 123656
397 37048 47516 28 293625
398 37107 38915 66 29259
399 37181 37271 114 12839
400 37292 38905 17 5225
401 37322 38900 131 50444
402 37358 39172 107 33032
403 37367 41925 13 12737
404 37414 38954 42 39279
405 37650 42620 19 35394
406 37668 39337 43 41206
407 37745 46006 131 334712
408 37903 43361 19 67514
409 37979 41580 70 86313
410 38000 46073 112 443096
411 38039 56298 22 112649
412 38090 39928 124 54518
413 38140 39364 63 56019
414 38165 38367 8 2846
415 38342 39383 19 5648
416 38395 38688 50 8580
417 38424 40073 6 4165
418 38438 38746 32 4492
419 38446 42695 137 650945
420 38496 45395 54 98333
421 38845 40737 79 49952
422 39151 41276 82 103161
423 39210 45595 31 90205
424 39234 40256 41 24818
425 39410 40129 34 18789
426 39482 40856 9 5425
427 39516 43385 123 160116
428 39688 46105 39 33266
429 39924 43993 128 82712
430 39931 43021 30 41907
431 39961 46013 119 524992
432 40171 48272 64 222375
433 40254 43751 12 17141
434 40258 46773 46 272074
435 40642 41251 27 7876
436 40765 45284 21 14084
437 40825 42837 85 153307
438 40866 41563 119 54586
439 41016 44871 19 38815
440 41048 42062 64 31412
441 41051 44973 120 267606
442 41275 47980 26 105182
443 41326 46821 15 94804
444 41476 53756 35 185923
445 41542 46299 81 228077
446 41752 52747 29 109460
447 41755 49746 36 99952
448 42117 43176 98 63710
449 42224 42401 101 7089
450 42308 48817 54 116681
451 42457 42493 81 3362
452 42496 42849 44 5078
453 42537 51837 14 74324
454 42569 43918 5 2642
455 42749 44036 73 33278
456 42778 51363 78 217046
457 42884 52322 100 401031
458 43046 55629 119 1078806
459 43061 48129 32 44048
460 43073 47968 87 784767
461 43152 44286 87 157933
462 43410 60059 57 216465
463 43463 47938 131 268463
464 43493 47810 139 337165
465 43570 51517 12 46159
466 43582 45581 29 21430
467 43625 44250 99 63597
468 43636 45274 86 29454
469 43774 51762 60 181126
470 43949 44894 25 12100
471 43989 46870 124 164845
472 44060 44865 54 25100
473 44087 48034 111 420946
474 44179 47946 5 4563
475 44351 45566 96 32239
476 44492 45268 54 21299
477 44638 49174 10 30780
478 44836 51320 18 35493
479 44844 47857 123 57780
480 44971 49897 105 430152
481 45257 46677 147 153343
482 45436 45724 7 1436
483 46018 48163 61 166528
484 46070 48524 120 112734
485 46139 46757 13 6430
486 46374 55021 32 279259
487 46391 56123 132 823896
488 46558 47274 14 1718
489 46904 52674 110 494555
490 46908 47347 36 15092
491 47013 52860 16 15112
492 47314 56773 107 425120
493 47335 60777 105 314916
494 47340 49188 61 55010
495 47459 52504 31 62520
496 47709 50139 140 152731
497 47819 53630 124 351544
498 47854 50875 45 33475
499 47921 49353 62 121807
500 48080 49537 15 12419
501 48165 51700 96 342494
502 48197 51531 71 116520
503 48327 51971 133 135074
504 48338 65194 121 270455
505 48347 50655 135 134727
506 48410 53233 87 288070
507 48532 49186 129 34092
508 48592 49118 132 31412
509 48634 49370 81 29867
510 48645 53845 125 273252
511 48679 54811 38 73985
512 48750 49140 97 9971
513 48909 50011 134 78799
514 49283 49360 5 941
515 49394 55958 72 69297
516 49441 51617 10 9680
517 49638 50714 83 28705
518 49670 49741 64 2866
519 49809 50706 18 8007
520 49919 56982 21 71464
521 50176 54595 28 19291
522 50212 51533 56 10660
523 50224 54311 99 294265
524 50249 62383 142 948149
525 50263 50493 135 20930
526 50297 59960 62 441600
527 50324 51352 50 15279
528 50564 57901 130 435109
529 50639 52318 100 160261
530 50657 53346 26 40537
531 50852 52412 61 54445
532 50906 52117 8 2432
533 50915 61895 4 18612
534 51031 56693 121 115536
535 51057 53528 126 307131
536 51312 51966 6 2195
537 51415 54749 41 83136
538 51421 58543 67 188826
539 51483 57028 33 61571
540 51499 59789 31 62196
541 51585 59754 23 233118
542 51627 51744 140 13589
543 51640 54717 76 176949
544 51713 52167 132 42722
545 51820 53247 29 23307
546 51934 52018 37 837
547 52230 53644 107 62119
548 52312 55803 69 77883
549 52440 57580 16 34715
550 52463 59274 82 220373
551 52500 54520 15 45367
552 52688 60643 58 304198
553 52714 53720 25 23105
554 52746 53722 143 91730
555 52809 65782 51 188315
556 53108 58513 23 43711
557 53161 58575 64 176051
558 53187 60323 7 7036
559 53239 60361 6 10200
560 53319 54261 137 41090
561 53331 59117 87 219635
562 53389 54718 75 111154
563 53425 61022 88 268719
564 53521 56002 26 63241
565 53540 60288 96 237048
566 53559 66285 60 301045
567 53661 54363 149 67034
568 53773 63125 5 12356
569 53820 59370 98 349940
570 54179 56802 87 217616
571 54186 55298 76 87753
572 54310 54703 47 6714
573 54320 54366 113 11282
574 54335 55409 44 65912
575 54378 56187 76 131736
576 54497 57766 6 7194
577 54515 57872 45 60783
578 54537 56946 105 160664
579 54680 54871 13 757
580 54982 58667 73 70800
581 55308 61963 25 42353
582 55310 56546 20 16670
583 55313 65249 29 229754
584 55598 58583 14 13656
585 55631 56890 106 80908
586 55654 60397 102 62114
587 55712 58626 83 142680
588 55859 59158 100 123923
589 55972 58782 46 68036
590 55978 56947 79 11733
591 56157 57703 15 15503
592 56178 65591 66 328692
593 56332 62803 40 145369
594 56527 58740 106 173698
595 56628 60400 42 25931
596 56666 63121 41 179720
597 56707 58108 7 2824
598 56776 58899 60 20639
599 56905 57477 18 6798
600 56998 59990 61 162086
601 56999 57504 98 32351
602 57054 60305 44 86032
603 57214 62725 24 55219
604 57832 58150 38 5305
605 57927 57936 22 279
606 58032 58958 9 13165
607 58086 74647 13 130831
608 58218 58676 89 20408
609 58316 64381 46 104333
610 58413 62641 12 10663
611 58441 62061 72 82795
612 58508 63029 136 584590
613 58680 60401 139 76496
614 58723 62993 33 106925
615 59191 64054 42 83637
616 59231 59763 7 1361
617 59373 65425 51 102603
618 59406 66459 28 42222
619 59452 67703 19 108565
620 59519 59711 44 10119
621 59526 60234 85 34232
622 59579 61007 38 85683
623 59726 61703 139 148044
624 59934 61231 138 165843
625 59989 62781 82 165555
626 60034 62015 136 97737
627 60172 67101 16 49673
628 60182 66409 124 486829
629 60200 62787 100 111071
630 60236 67467 8 28954
631 60369 62678 62 46502
632 60501 62544 59 92398
633 60502 67148 65 297732
634 60747 62602 59 103345
635 60751 65961 4 5787
636 61030 61075 46 1417
637 61045 63859 6 8763
638 61061 72607 13 81715
639 61196 63283 50 40342
640 61316 70059 11 37151
641 61551 69964 130 182160
642 61668 65618 123 137106
643 61788 88561 27 357178
644 61939 63841 11 13983
645 61982 66091 45 179806
646 62024 62244 16 3471
647 62123 62595 18 3839
648 62611 64634 75 67355
649 62617 66249 110 284811
650 62694 66124 19 20368
651 62743 65258 33 59157
652 62796 65743 122 329161
653 62873 62951 16 1396
654 62908 67962 42 37883
655 62926 67480 10 10031
656 62927 65665 82 98056
657 63181 69278 19 70925
658 63428 66574 60 79602
659 63429 67093 77 150173
660 63431 76652 65 395712
661 63594 65944 36 44374
662 63630 63793 67 21377
663 63678 65634 10 5276
664 64067 65628 140 77096
665 64106 87140 54 327594
666 64127 65714 15 19529
667 64151 65182 88 48861
668 64216 79851 9 23297
669 64254 67402 63 81397
670 64285 67240 32 27473
671 64376 65210 103 74189
672 64467 66494 61 60393
673 64508 66688 67 116888
674 64584 69059 63 77614
675 64645 68968 75 165900
676 64774 73012 111 312263
677 64814 69152 59 49790
678 64934 68423 4 3136
679 65014 66828 46 48326
680 65103 66676 31 38538
681 65199 68713 45 42001
682 65345 69937 118 200710
683 65687 66342 42 8561
684 65791 66406 7 5091
685 65884 70137 149 259032
686 65948 71441 56 190082
687 66099 71291 126 395957
688 66101 75499 13 20803
689 66134 69105 33 28174
690 66204 66351 42 4271
691 66284 68839 109 41959
692 66339 69379 16 35388
693 66723 67690 9 1059
694 67035 67762 71 17652
695 67154 67349 127 22352
696 67278 70783 9 8135
697 67350 71046 11 24085
698 67375 68281 45 17720
699 67474 72641 146 115319
700 67543 68517 11 3410
701 67605 69057 79 46656
702 67628 73280 50 99111
703 67630 74813 28 199385
704 67803 70561 4 5941
705 67804 69873 89 149975
706 67860 69676 36 74985
707 67893 71090 22 19282
708 68093 70166 120 42208
709 68261 74982 37 351707
710 68312 71156 36 18094
711 68370 69167 51 16858
712 68377 70919 4 4461
713 68504 72736 100 94840
714 68509 69279 69 83155
715 68586 69118 77 10907
716 68595 74805 67 152513
717 68676 71171 102 330234
718 68735 75277 15 89232
719 68800 69741 94 40239
720 68807 79392 24 177629
721 69009 73833 74 93604
722 69074 73305 46 55361
723 69076 70916 13 9576
724 69144 71391 44 68666
725 69390 70821 150 148751
726 69528 80689 11 36360
727 69649 73048 25 26771
728 69998 70055 6 172
729 70053 72886 42 82353
730 70196 74553 36 68016
731 70223 72464 71 63891
732 70377 70850 88 28975
733 70431 71581 125 101836
734 70474 75323 20 52235
735 70499 75832 54 63007
736 70508 73650 39 42103
737 71081 75719 44 129634
738 71209 73041 19 17927
739 71275 72828 37 23213
740 71300 84101 10 77245
741 71343 96378 68 518032
742 71495 72718 6 2148
743 71790 75865 12 12459
744 71793 72459 15 5573
745 71794 72260 7 3171
746 71797 79451 135 2671181
747 71846 79702 9 24501
748 71889 77387 52 190016
749 72094 72832 48 8991
750 72104 73726 43 30470
751 72118 79660 108 159143
752 72416 74052 49 40849
753 72433 81254 12 64969
754 72436 73861 50 69825
755 72542 72551 88 1636
756 72617 74288 31 13887
757 72690 73534 86 46565
758 72723 78701 60 155849
759 72787 75771 68 58481
760 72845 74525 57 22761
761 73034 77218 41 188266
762 73143 76374 7 6699
763 73243 74314 14 3803
764 73317 80074 8 52450
765 73425 81559 16 14951
766 73591 80298 134 429335
767 73606 74724 12 4667
768 73632 76441 90 49140
769 73910 74562 50 9018
770 73948 75906 28 18384
771 73979 76724 55 52529
772 74076 76162 120 68657
773 74133 74916 58 31773
774 74147 77940 49 123389
775 74263 77865 12 32094
776 74266 76087 13 12982
777 74289 77832 58 43057
778 74336 74747 28 6496
779 74459 76607 21 11621
780 74487 77617 19 46247
781 74579 79094 33 55176
782 74739 76294 28 31647
783 75145 78802 52 276612
784 75282 78070 28 22786
785 75287 81812 23 58035
786 75401 77623 52 40177
787 75479 75981 93 23400
788 75520 76373 6 5272
789 75526 82781 31 123798
790 75680 77107 104 98259
791 75953 77436 53 26358
792 76200 78571 85 72795
793 76224 77564 21 37572
794 76453 83241 34 40357
795 76571 80179 123 372451
796 76580 77675 8 1923
797 76644 81220 18 117690
798 76754 91515 64 390426
799 76779 77874 18 10475
800 76885 77886 83 34348
801 76944 78453 149 141745
802 77106 79161 43 11125
803 77139 77882 145 18282
804 77158 77496 94 17552
805 77166 86219 92 737582
806 77321 80201 104 142062
807 77341 79345 120 154239
808 77412 79599 132 50914
809 77417 85283 26 44976
810 77510 82691 15 47915
811 77863 83910 18 29247
812 77902 82477 66 139597
813 77904 80552 20 10912
814 77984 78707 46 17651
815 78029 85492 26 74234
816 78043 80617 58 109865
817 78085 80106 67 27904
818 78136 82138 33 77489
819 78209 87077 4 24628
820 78689 83687 52 128095
821 78757 85165 130 648320
822 78940 84199 121 316849
823 79103 79774 125 74867
824 79250 80992 39 101047
825 79301 82821 81 140375
826 79446 81260 8 8821
827 79469 82246 4 4234
828 79479 81084 32 29365
829 79598 90305 29 69524
830 79648 86246 16 21439
831 79650 79914 132 6412
832 79807 81860 86 130179
833 80110 84408 7 6970
834 80117 81078 40 9742
835 80306 88527 56 293821
836 80333 81317 81 14381
837 80398 92813 139 486472
838 80403 85604 95 94645
839 80468 98018 149 1351010
840 80833 82122 61 56439
841 80942 90092 10 18456
842 81102 84086 142 325771
843 81198 85998 21 79568
844 81357 92140 109 826422
845 81377 82805 59 21283
846 81656 86420 26 57164
847 81809 86780 23 25668
848 81917 87546 30 71491
849 82018 82580 97 41708
850 82054 84397 35 37975
851 82061 85681 38 114410
852 82079 86036 37 158425
853 82199 83199 106 111420
854 82367 86948 14 34776
855 82389 88100 36 66046
856 82422 86952 5 9299
857 82506 82616 5 410
858 82812 88857 142 323597
859 82819 84307 65 32044
860 82826 84447 149 237448
861 82849 87172 70 190097
862 82884 92501 86 586788
863 82908 84404 13 6584
864 83074 87086 15 26275
865 83174 86518 17 33407
866 83321 85473 50 49081
867 83571 84475 76 69501
868 83579 83697 131 17434
869 83654 87051 13 22620
870 83756 83855 83 3105
871 83791 85068 29 37770
872 83823 91076 13 63760
873 83912 88137 42 111921
874 83996 89193 28 83552
875 84267 86573 36 124057
876 84655 86729 120 144234
877 84756 88761 21 86106
878 84817 94837 6 43856
879 84850 87245 23 20537
880 85139 86999 146 38845
881 85221 87126 9 5075
882 85282 92167 29 71732
883 85291 88944 64 54595
884 85462 92962 57 39276
885 85494 87720 92 257744
886 85503 89229 50 183891
887 85610 85804 50 5171
888 85690 86626 93 22828
889 85754 86490 31 8040
890 85956 95474 24 107023
891 85977 87094 29 16395
892 86386 87535 75 101699
893 86409 86512 15 2532
894 86447 86891 23 6983
895 86559 89303 11 14213
896 86698 86812 13 1475
897 86707 91986 52 83064
898 86766 88481 20 18695
899 86825 87935 5 2049
900 86842 91003 52 27545
901 86918 87766 14 4908
902 87006 88044 35 25663
903 87081 89626 41 36378
904 87084 89368 10 14407
905 87107 87368 14 2240
906 87237 89555 132 415891
907 87246 87623 57 12446
908 87355 88499 20 15216
909 87373 87978 41 9633
910 87422 88013 73 5982
911 87491 89298 80 39978
912 87545 96027 6 53726
913 87742 89416 69 84962
914 87764 90111 138 211095
915 88019 90765 7 3612
916 88218 89192 139 9366
917 88353 92143 105 242179
918 88565 89316 8 4088
919 88574 89653 39 36214
920 88583 90962 7 3379
921 88626 96275 72 206006
922 88754 91850 27 40137
923 88902 89767 98 40690
924 88918 89591 117 29582
925 88947 89139 89 4822
926 89093 90235 65 61841
927 89391 91173 149 159339
928 89478 93209 61 241356
929 89515 91307 122 28162
930 89604 90664 8 3063
931 89881 93963 11 6352
932 90140 90346 19 911
933 90169 93664 116 59278
934 90184 90221 70 1152
935 90348 97550 32 110897
936 90367 91856 84 38906
937 90472 91196 67 11976
938 90507 92156 19 22729
939 90791 93879 13 17144
940 90909 92021 128 54626
941 90934 91017 10 694
942 90955 91652 10 3173
943 91051 91101 138 6825
944 91116 96218 34 46979
945 91149 93564 85 142090
946 91230 98240 80 376891
947 91486 93095 125 91415
948 91571 97288 13 33525
949 91600 97811 41 92436
950 91603 95502 17 23024
951 91723 94469 61 46393
952 91730 91918 85 5483
953 91749 91905 17 640
954 91940 94738 147 460956
955 91993 92664 101 65038
956 92087 97274 87 166498
957 92199 93063 81 20201
958 92381 98229 142 520162
959 93009 96251 144 152196
960 93011 96499 70 167214
961 93260 96384 108 227324
962 93472 93942 90 30516
963 93494 94333 108 43661
964 93516 98303 8 15312
965 93540 94413 67 16663
966 93544 97268 8 28321
967 93607 96512 92 128443
968 93682 94603 100 30534
969 93966 97804 43 36748
970 94004 96051 69 73508
971 94024 99659 40 84598
972 94271 95568 89 55584
973 94357 96494 19 11955
974 94675 99165 82 157111
975 94714 98570 89 273557
976 95125 96059 13 4335
977 95222 98943 43 22186
978 95718 96945 138 98703
979 95719 95873 17 2560
980 95957 97975 25 14326
981 96021 98513 10 6817
982 96067 98833 21 61186
983 96315 99062 11 18136
984 96318 97102 107 24040
985 96320 97050 89 91452
986 96397 98666 132 204475
987 96741 97649 109 33006
988 96891 98285 81 75941
989 96943 98793 52 161744
990 96953 98610 74 14021
991 97390 98039 14 3417
992 97438 99051 4 6954
993 97509 98312 138 38047
994 97603 97674 111 6034
995 97727 99571 6 9670
996 97737 99064 99 77031
997 98073 98515 21 6624
998 98820 98852 88 1111
999 99181 99637 19 2752
