50 1000 0.069
..........##.###..#...............................
..........#########...............................
....###..##########...............................
....#.#############...............................
....############..#...............................
...#################.#............................
...#.#.################...........................
....###.################..........................
...####################...........................
###.#################.##..........................
#######################...........................
########################..........................
#################.######..........................
#####################.#...........................
######################............................
#######################...........................
################.#.##.............................
#####################.............................
###############..###..............................
#############.....#...............................
#############.....#...............................
###########.#.....................................
###############...................................
.##########.##....................................
##.#..#####.......................................
...######.........................................
...##.#...........................................
..###.............................................
..###.............................................
..###.............................................
..###.#...........................................
.######...........................................
.##..#####........................................
#########.........................................
#######.#.........................................
..#######.........................................
##########.#......................................
###.########......................................
############......................................
#############.....................................
###############...................................
############......................................
###########.......................................
##############....................................
############......................................
###########.......................................
#########.........................................
########..........................................
#########.........................................
########..........................................
0 385 5913 117 327322
1 471 934 24 4209
2 485 1608 28 17957
3 507 3013 141 120738
4 514 3284 59 73763
5 561 692 19 1759
6 666 1334 60 32215
7 958 6507 66 309401
8 965 2097 21 15449
9 984 7930 38 49513
10 1018 6682 41 41629
11 1099 3672 112 48984
12 1440 4284 69 200285
13 1842 3423 12 5963
14 1856 6665 37 17923
15 1988 9631 150 312390
16 1996 6012 14 30526
17 2050 2554 15 5326
18 2179 8988 84 169160
19 2234 2463 64 8606
20 2309 10731 59 88514
21 2445 6672 33 176035
22 2457 3704 133 175394
23 2640 6911 87 155263
24 2661 4370 129 61006
25 2918 5671 104 51948
26 3201 16416 11 36829
27 3238 3362 140 10514
28 3379 4567 24 6907
29 3524 10917 14 32422
30 3651 4318 88 55971
31 4180 6254 32 88029
32 4221 5848 133 108001
33 4294 13799 85 277885
34 4552 5204 99 35533
35 4638 6107 123 124562
36 4653 9042 6 20175
37 4768 4815 51 3781
38 4956 7814 67 75263
39 5003 11407 36 73044
40 5039 6970 139 68571
41 5129 6039 77 40002
42 5311 9626 7 25294
43 5398 6358 43 22951
44 5439 7384 16 5810
45 5469 6169 107 15984
46 5474 6867 92 49407
47 5517 8366 63 58639
48 5563 8871 49 23980
49 5570 7973 80 131655
50 5873 12256 107 198536
51 6036 9916 49 158127
52 6040 12713 67 148764
53 6147 8400 54 50803
54 6201 9155 74 190485
55 6430 6917 37 8844
56 6466 7593 13 5492
57 6590 6975 19 2967
58 6615 10372 101 242718
59 6674 12011 121 264056
60 6768 12481 33 33622
61 6868 18467 117 704874
62 6884 15647 25 231360
63 6988 10169 28 64491
64 7283 7326 49 1484
65 7367 9701 19 21268
66 7770 12656 5 11363
67 7812 13062 9 17531
68 7819 12684 133 194660
69 8047 8193 81 9247
70 8052 9431 109 67248
71 8191 9406 59 39117
72 8224 8356 50 3754
73 8291 14335 4 20213
74 8292 11100 37 114271
75 8315 10054 59 20778
76 8491 9876 40 29855
77 8631 10392 59 78442
78 8674 12914 97 276730
79 8680 14544 79 287339
80 8830 12415 144 265750
81 8955 10527 51 29146
82 8994 13878 7 13278
83 9016 14480 129 375590
84 9053 14525 33 51356
85 9080 10509 20 15608
86 9127 11966 119 115500
87 9191 13070 8 24741
88 9271 14705 89 290423
89 9494 14859 21 88317
90 9505 9879 52 19093
91 9539 10848 5 2698
92 9637 10214 23 10835
93 9641 10901 82 47721
94 9658 17739 95 202223
95 9791 16723 70 558451
96 9895 11395 7 22699
97 10015 13578 4 9969
98 10062 10876 7 3339
99 10078 24125 25 96814
100 10246 12333 100 30306
101 10335 11991 56 83182
102 10454 11431 88 25322
103 10657 12520 21 8006
104 10678 15078 140 1344677
105 10688 12572 4 1698
106 10771 14542 26 11819
107 10807 12344 54 39542
108 11012 18998 146 482153
109 11465 15693 121 122607
110 11520 14014 18 15697
111 11606 15009 66 51900
112 11797 11869 65 3363
113 11809 19844 108 158449
114 11879 21364 101 1123498
115 11888 13429 87 44310
116 12203 13506 35 27146
117 12334 19866 98 640787
118 12449 14545 19 51434
119 12460 17637 35 158002
120 12570 12798 49 4127
121 12599 14691 13 25666
122 12666 17301 132 246143
123 12680 16441 94 227289
124 12856 20479 79 163952
125 12975 16582 11 42129
126 13366 15035 120 63170
127 13442 13554 51 4060
128 13485 15237 77 37989
129 13532 14484 125 61646
130 13635 15524 38 49939
131 13644 15622 111 196908
132 13744 15090 46 59174
133 13809 14085 98 17386
134 13843 18773 65 84168
135 13910 14628 64 27807
136 14009 15972 84 43736
137 14041 16045 47 113620
138 14248 15553 43 71970
139 14522 22224 38 328269
140 14595 15039 132 14055
141 14855 18662 39 103357
142 15175 16298 51 23706
143 15285 16235 102 49551
144 15316 16389 73 45945
145 15374 18914 53 49019
146 15465 16632 43 21230
147 15508 15913 11 4910
148 15616 17986 13 30485
149 15659 31570 126 1152367
150 15722 18415 5 3711
151 15776 18153 27 54773
152 15855 16317 35 18441
153 15856 19661 53 65343
154 16143 20699 9 8980
155 16358 17138 121 71540
156 16453 18148 41 15154
157 16512 20081 8 8062
158 16734 19026 109 207283
159 16737 17168 49 14157
160 16912 17174 116 33744
161 17056 29412 14 36488
162 17106 17204 68 9494
163 17208 17411 145 57609
164 17300 17305 65 160
165 17412 21270 79 108169
166 17428 18407 141 53280
167 17507 17955 59 14250
168 17577 19282 117 285403
169 17715 17975 140 16007
170 17808 20093 27 67120
171 17944 22517 12 59724
172 18231 18630 84 26400
173 18320 20555 43 59506
174 18355 20780 87 172216
175 18358 19418 103 65608
176 18512 34673 6 32883
177 18522 18955 125 39957
178 18627 19321 80 17887
179 18751 25178 49 179707
180 18775 20317 21 10077
181 18842 19487 146 26990
182 18873 29845 120 277634
183 18910 19538 9 2465
184 18916 29485 83 678442
185 19077 19580 67 14972
186 19149 23032 81 85961
187 19369 26581 107 209209
188 19426 20818 107 56999
189 19481 23798 84 108640
190 19519 23063 66 86553
191 19520 24829 38 269386
192 19544 28977 141 1152538
193 19575 21321 102 83151
194 19605 30532 127 571492
195 19647 22026 75 78251
196 19680 20964 77 57167
197 19735 19822 8 412
198 19960 25461 10 37615
199 20079 22123 20 15940
200 20097 21553 136 77840
201 20190 25822 51 128408
202 20203 21420 101 117678
203 20205 23768 6 14504
204 20250 22308 6 1180
205 20359 24949 19 39517
206 20368 20976 13 6168
207 20488 22513 115 113726
208 20554 24771 64 186014
209 20556 25792 112 223565
210 20697 20847 9 431
211 20923 23083 16 13338
212 20955 26885 63 128191
213 21140 22293 47 53641
214 21151 21923 127 29813
215 21181 22178 106 49562
216 21182 24867 93 151554
217 21192 23978 84 76317
218 21223 26720 46 135918
219 21268 30956 81 121146
220 21353 21595 11 286
221 21497 22663 57 41708
222 21525 22061 101 36217
223 21569 21660 5 223
224 21575 24009 132 124050
225 21849 23488 127 59086
226 21901 24060 90 49749
227 21909 22292 83 10905
228 21958 24963 30 11014
229 21973 22402 90 21437
230 22158 24842 77 39713
231 22217 24094 38 46336
232 22354 27965 8 8313
233 22451 24469 38 17583
234 22653 24065 65 34763
235 22750 26391 81 95695
236 22808 23386 30 13112
237 22976 26028 111 110352
238 23007 25894 121 54465
239 23086 23949 4 1136
240 23087 23088 14 13
241 23105 29331 71 155602
242 23148 28526 22 59447
243 23285 30035 129 236521
244 23326 25258 84 132329
245 23515 24287 28 9274
246 23529 30665 80 494615
247 23578 23733 16 5617
248 23890 25319 70 76177
249 23953 27828 85 39411
250 23976 27596 40 34585
251 23986 26299 118 74032
252 24043 24819 40 10865
253 24059 29979 135 223015
254 24243 26046 22 30160
255 24388 24508 39 7151
256 24427 24813 143 68962
257 24528 28906 140 300908
258 24558 24838 74 11432
259 24660 29025 71 167480
260 24741 25643 110 29374
261 24822 28572 27 136888
262 24832 25484 6 2684
263 24887 27019 126 108047
264 25055 28606 21 51148
265 25225 26398 50 13512
266 25387 28457 120 56360
267 25406 27932 34 74067
268 25487 30863 28 67063
269 25491 29160 39 27467
270 25679 33006 7 19593
271 25744 25901 11 536
272 25905 31170 47 96614
273 26027 28817 108 211650
274 26071 29702 26 23811
275 26202 28142 92 109069
276 26261 27627 129 95762
277 26265 31066 43 158637
278 26351 27766 119 66470
279 26381 35179 72 211805
280 26417 30650 106 491818
281 26445 26760 25 3393
282 26459 26647 13 2476
283 26553 28281 5 5067
284 26596 26934 87 9924
285 26598 29936 23 109619
286 26841 30842 108 97679
287 26911 30894 50 136314
288 27083 27218 47 5568
289 27234 27971 51 37145
290 27278 28195 124 157536
291 27327 29948 54 156854
292 27455 33130 86 302499
293 27508 27651 117 12725
294 27587 29581 96 73042
295 27682 28443 25 7465
296 27707 32996 23 66042
297 27743 35267 108 194219
298 27818 28726 73 14181
299 28274 29516 36 10959
300 28557 30984 18 22611
301 28608 29373 59 7820
302 29013 29251 58 7843
303 29165 30033 83 42183
304 29490 30396 11 4196
305 29504 29612 29 1213
306 29611 39790 27 191096
307 29673 37271 20 47345
308 29806 35995 127 307437
309 29858 34585 108 451867
310 30140 36484 87 143572
311 30146 31106 49 69349
312 30157 30545 10 1979
313 30193 30601 29 4235
314 30310 30639 57 31715
315 30316 32381 139 149192
316 30359 32221 27 19526
317 30403 31264 25 13919
318 30404 31977 63 50643
319 30574 31815 21 3325
320 30589 32685 113 79805
321 30623 32462 49 54636
322 30688 32738 52 57970
323 30772 30987 19 5211
324 30900 33624 122 131954
325 30999 34092 69 183649
326 31012 31721 98 66690
327 31018 31970 12 6865
328 31218 47881 75 150980
329 31408 32900 54 28997
330 31661 31759 33 2343
331 31783 34818 7 3683
332 31883 42219 49 325607
333 31951 33012 64 33916
334 31972 33080 44 7263
335 32416 32761 58 7267
336 32450 33120 64 27934
337 32608 34791 70 84180
338 32943 39576 6 21672
339 32964 36348 98 186195
340 32991 37670 41 114473
341 33119 47807 22 153010
342 33146 33351 9 1376
343 33294 44543 45 110399
344 33310 34982 74 78505
345 33321 35581 6 6266
346 33400 35111 98 136455
347 33445 39832 11 32303
348 33536 37574 104 183102
349 33879 34125 13 2046
350 33907 37020 81 47325
351 33908 34095 120 2947
352 33986 36768 74 152478
353 34081 37794 75 92677
354 34099 34916 57 76579
355 34262 35722 66 83302
356 34283 36059 30 12279
357 34314 34555 26 5282
358 34533 38745 91 108144
359 34565 34717 141 12377
360 34722 35034 148 17692
361 34803 36757 71 17368
362 34934 35056 56 6268
363 35051 36459 9 6736
364 35233 36921 11 3889
365 35264 35633 117 21267
366 35330 35343 23 678
367 35359 40039 142 389796
368 35440 41275 16 51289
369 35463 35632 38 3093
370 35482 43788 15 39030
371 35525 38629 144 204817
372 35654 37858 131 126464
373 35699 36209 116 15330
374 35753 36183 36 10330
375 35764 44008 31 187980
376 35873 41755 30 75003
377 35919 36600 73 19263
378 35993 38164 114 192196
379 35998 41196 101 348755
380 36194 45552 102 509131
381 36502 37713 7 2587
382 36545 39320 124 175346
383 36639 38351 61 34695
384 36820 40417 11 20452
385 37168 39877 23 40425
386 37210 39054 97 102132
387 37532 42669 8 26608
388 37646 37908 38 3943
389 37760 51796 82 492393
390 37778 43961 61 218848
391 37783 41310 4 3639
392 38004 49442 142 548684
393 38031 44464 54 104963
394 38133 39931 85 105580
395 38141 38180 114 2829
396 38286 38717 122 29839
397 38406 39352 100 82865
398 38409 40968 35 34247
399 38480 40942 23 16963
400 38537 40010 7 9741
401 38541 38647 15 414
402 38553 57160 23 347917
403 38858 38999 74 3189
404 39158 40474 60 28676
405 39210 42684 91 91205
406 39325 43359 128 331512
407 39402 40006 47 10813
408 39955 40812 46 26764
409 40261 42232 133 131223
410 40396 40514 60 6674
411 40501 42980 112 352725
412 40537 45677 60 157862
413 40616 45978 20 84745
414 40799 45532 8 21963
415 40836 45053 14 27034
416 40879 43062 84 76531
417 40917 57595 57 696340
418 41018 51307 32 176110
419 41064 46005 5 19166
420 41100 41184 59 4632
421 41115 47327 63 576055
422 41283 42575 46 23499
423 41330 59055 50 336818
424 41379 41647 89 15630
425 41570 41856 18 753
426 41763 43425 147 149146
427 41956 43560 17 16735
428 42137 45045 122 163610
429 42187 43001 25 14411
430 42215 42447 25 14347
431 42452 42909 71 28408
432 42675 45609 26 106196
433 42793 44097 87 41115
434 42908 42940 89 2026
435 43136 48038 118 637875
436 43330 44833 41 18740
437 43412 49885 8 31854
438 43428 45728 80 58326
439 43430 43448 7 81
440 43690 46158 130 192789
441 43731 44492 122 74719
442 43912 49294 75 275734
443 44016 46290 15 9764
444 44217 44270 6 404
445 44347 46199 113 62108
446 44479 45864 139 36530
447 44496 46549 8 10056
448 44570 45907 45 18337
449 44738 47658 9 3869
450 44801 60530 41 117071
451 44835 48388 55 86046
452 45034 47558 104 144516
453 45217 47356 5 1683
454 45252 46903 67 25182
455 45392 46299 90 71378
456 45444 49225 4 7986
457 45662 48753 59 28650
458 45740 51055 68 249766
459 45844 47528 46 23355
460 46003 47918 103 99662
461 46113 47880 75 124727
462 46208 46368 105 10016
463 46219 54002 21 95363
464 46499 48777 104 157838
465 46575 47318 82 12124
466 46614 52048 95 132420
467 47062 50874 13 27560
468 47064 53667 36 135330
469 47105 51298 128 236772
470 47125 48958 8 9217
471 47218 47432 78 6390
472 47276 51463 64 103136
473 47297 48986 120 43637
474 47372 49568 119 175112
475 47379 48070 23 5088
476 47735 49685 23 29369
477 47768 57229 30 124850
478 47861 52567 11 31610
479 48054 48296 64 14184
480 48058 52613 85 249333
481 48155 50432 45 28930
482 48186 49620 115 56703
483 48343 67932 56 667613
484 48447 48685 93 7044
485 48467 50254 102 29606
486 48513 55316 5 28145
487 48514 57304 109 236891
488 48535 50365 49 128756
489 48628 57408 75 246676
490 48707 51682 69 87435
491 48782 49550 63 26367
492 48799 49328 129 39567
493 49230 50416 34 8690
494 49257 52011 134 61279
495 49391 50132 59 21714
496 49487 51624 49 52441
497 49638 50349 41 18343
498 49702 60398 25 204334
499 49827 51610 31 35468
500 49836 50333 62 5454
501 49850 52906 66 204677
502 49888 61439 10 19792
503 49965 53882 141 243465
504 50039 50350 67 6284
505 50133 56763 73 238119
506 50371 60440 66 260603
507 50385 50547 141 10968
508 50530 52151 117 84953
509 50537 51075 17 7302
510 50548 52496 45 35854
511 50597 52817 102 303525
512 50706 52824 80 64626
513 50798 51391 134 21588
514 51144 52174 40 9189
515 51295 51698 35 7164
516 51321 51991 68 32296
517 51428 54506 6 4428
518 51562 56558 46 64421
519 51608 63967 43 496817
520 51817 57403 24 28536
521 51819 55956 114 141989
522 51917 55121 132 103786
523 51960 55712 76 249263
524 52042 52654 26 5147
525 52062 56346 125 111132
526 52070 56455 15 15662
527 52204 53020 43 22292
528 52287 52939 142 46326
529 52347 60179 91 484709
530 52412 54930 19 30332
531 52423 54799 11 16430
532 52476 52749 73 7734
533 52545 54600 10 9242
534 52616 55532 28 25292
535 52734 53555 36 13314
536 52814 53986 97 60366
537 52822 53771 119 19292
538 52937 54569 17 10554
539 53001 53175 4 150
540 53041 53070 78 3544
541 53115 60148 22 111762
542 53140 53840 82 29131
543 53278 54112 109 99151
544 53284 58969 81 228710
545 53331 56873 14 25018
546 53424 54585 108 36481
547 53488 56015 27 46562
548 53570 61277 60 88035
549 53653 54109 51 5535
550 53752 64147 41 199414
551 53756 54610 30 8274
552 53815 57991 10 14504
553 54117 57330 19 21367
554 54252 55789 18 17423
555 54260 54925 71 15503
556 54303 58320 142 115670
557 54357 61122 12 20777
558 54390 63165 23 71631
559 54406 60082 18 100419
560 54525 58630 74 110622
561 54526 54811 40 7565
562 54557 59498 117 199848
563 54709 55482 14 3943
564 54838 56622 6 2431
565 54914 55124 11 3161
566 54991 55858 14 5748
567 55194 61306 101 325399
568 55300 57100 144 151221
569 55670 59599 98 170255
570 55677 55979 43 4228
571 55799 58703 43 60115
572 55849 61636 142 155622
573 55909 56099 83 5202
574 55938 57755 89 54601
575 55942 56396 40 4721
576 55960 57463 34 52943
577 56023 56293 15 5293
578 56056 58137 38 32106
579 56082 62280 12 12302
580 56084 58097 15 12201
581 56091 63843 77 192558
582 56245 60835 141 277730
583 56253 59458 32 84902
584 56338 56443 17 2146
585 56380 61307 104 119011
586 56389 61590 11 33390
587 56401 58358 19 6056
588 56556 56673 28 2116
589 56837 60153 43 95003
590 56862 57091 4 215
591 56953 67943 7 38867
592 57074 58394 17 9655
593 57228 57738 8 2235
594 57290 58294 140 116678
595 57348 57516 61 9466
596 57399 65528 56 344650
597 57511 63330 132 368619
598 57600 58377 6 5764
599 57619 63520 6 18298
600 57628 58713 6 2084
601 57754 62100 42 42081
602 57771 60906 106 116211
603 58084 62814 30 120926
604 58113 59284 9 5235
605 58285 65819 86 347177
606 58286 61462 49 78222
607 58511 70900 106 859520
608 58658 61943 5 5248
609 59057 65966 6 12421
610 59267 61433 86 147308
611 59466 65712 10 16352
612 59587 60901 87 107822
613 59675 68380 25 86813
614 59742 60604 55 76655
615 59889 61206 16 6854
616 59962 62355 18 16329
617 59974 62015 40 57309
618 60378 66860 52 124534
619 60533 61743 41 58807
620 60599 62368 114 154684
621 60860 63720 4 2982
622 60951 64401 34 80312
623 61133 66244 12 26152
624 61151 71467 21 139653
625 61285 63819 134 68331
626 61596 62413 70 25075
627 61598 65361 9 10649
628 61701 67975 14 48071
629 61716 63573 23 68558
630 61954 63923 25 11696
631 62140 62191 65 5306
632 62316 71765 4 29576
633 62533 63613 18 13835
634 62631 66493 78 339413
635 62654 65977 41 105803
636 62815 63110 20 1749
637 62862 63157 26 4485
638 62917 63017 111 9445
639 63055 65554 107 83690
640 63145 64676 15 12688
641 63362 67483 49 89070
642 63376 66303 125 401793
643 63534 69032 11 88097
644 63636 64849 33 21803
645 64016 71436 5 7467
646 64043 64984 79 67394
647 64260 64988 38 15531
648 64269 64549 49 9490
649 64584 72574 12 9425
650 64754 65123 7 2048
651 64780 67730 40 49392
652 64877 65385 34 4240
653 64942 69007 69 143311
654 64977 68804 29 72775
655 65067 65872 142 100333
656 65069 71444 60 120778
657 65082 69674 42 101679
658 65102 66005 144 47812
659 65238 65598 10 4335
660 65241 67372 25 32928
661 65257 72308 105 185185
662 65474 66451 35 15640
663 65773 66848 13 4174
664 65866 74807 16 55995
665 65953 67572 95 34497
666 66074 68044 84 74613
667 66112 70311 114 86687
668 66140 70092 115 460674
669 66160 67405 104 91916
670 66206 75210 17 293509
671 66276 69213 118 109903
672 66281 67941 28 29541
673 66341 68405 60 49594
674 66345 73116 14 26729
675 66495 71217 54 132881
676 66552 67929 76 123326
677 66722 67413 30 9399
678 66901 70058 77 89421
679 67054 68158 78 94386
680 67058 70222 45 89529
681 67200 68312 92 59389
682 67233 73059 138 410667
683 67266 69226 18 24039
684 67305 68791 67 37612
685 67407 68679 127 90287
686 67429 67460 77 1490
687 67461 71811 41 80049
688 67576 76685 63 238926
689 67621 72818 122 127092
690 67651 70698 19 12033
691 67741 78813 107 672381
692 67788 72641 112 290734
693 67806 70246 127 301140
694 67810 72365 45 60836
695 67892 70202 22 17624
696 68214 72801 90 153815
697 68257 82177 65 155203
698 68475 71022 123 132963
699 68543 69457 70 22254
700 68805 72194 5 10045
701 68844 69291 109 19757
702 68962 69648 23 12662
703 69163 83453 30 163968
704 69172 72270 95 177847
705 69677 70533 93 37660
706 69730 71636 62 57746
707 69815 70073 21 1221
708 69885 74288 10 20872
709 69888 70762 74 70384
710 69973 71516 6 2350
711 70077 71247 64 106864
712 70096 79559 111 626089
713 70239 71153 50 30150
714 70298 78676 48 113617
715 70351 70494 113 6086
716 70476 73350 8 7197
717 70531 71369 53 12733
718 70572 70788 124 21699
719 70603 71424 64 14475
720 71034 73070 147 147305
721 71110 72085 11 9707
722 71125 72988 23 14323
723 71240 84383 51 166734
724 71730 73775 39 24316
725 71817 85615 27 65437
726 71962 73497 22 10872
727 71972 75569 28 53971
728 72099 73854 34 50262
729 72131 74968 120 152723
730 72217 86892 58 210957
731 72321 77715 135 444263
732 72373 73747 84 40637
733 72413 78499 58 126428
734 72425 74231 84 113422
735 72728 74486 30 23225
736 72779 74834 66 39472
737 72890 78863 9 17105
738 72905 74429 34 50472
739 73043 73233 49 5422
740 73175 74094 8 3194
741 73379 82516 57 123808
742 73435 75613 16 12903
743 73456 75239 4 2509
744 73572 81880 92 299663
745 73631 75958 14 22775
746 73649 73903 5 532
747 73776 77709 42 40232
748 73818 73858 127 2335
749 73819 75950 29 34346
750 73924 75003 21 12239
751 73959 81951 33 33063
752 74072 76421 36 66699
753 74098 76927 86 56814
754 74190 74197 85 490
755 74302 77181 99 87846
756 74584 77783 17 20244
757 75059 75353 133 10630
758 75072 83135 64 147680
759 75133 77378 9 9276
760 75243 79607 36 28398
761 75292 84424 20 122238
762 75313 81761 7 25738
763 75370 76367 134 41106
764 75373 81017 71 126123
765 75468 78691 117 119764
766 75618 76364 63 73621
767 75976 81552 27 31788
768 75984 76146 117 9105
769 76051 79026 62 142163
770 76295 77767 45 20215
771 76336 78464 119 55999
772 76385 76483 41 1743
773 76417 81018 79 384052
774 76568 77190 149 110946
775 76590 77265 13 2558
776 76611 78825 4 3452
777 76749 86374 121 256425
778 76872 82199 17 35488
779 76895 81500 143 218458
780 76956 77889 29 7411
781 77141 79622 61 84273
782 77268 77638 35 6544
783 77354 89693 18 51458
784 77358 84902 62 359901
785 77385 79765 18 11753
786 77561 83450 103 178403
787 77724 78347 20 10174
788 77954 79186 83 39416
789 77959 79105 9 8966
790 77963 80024 34 28332
791 78037 79815 62 101699
792 78167 80115 43 22090
793 78169 80320 124 75705
794 78242 81399 55 62210
795 78251 86489 61 235990
796 78348 81097 14 20272
797 78349 83843 36 136059
798 78406 79591 47 80346
799 78725 79134 140 28548
800 78746 79281 107 86509
801 78789 81014 139 294319
802 78995 85009 116 789933
803 79331 80996 116 231490
804 79384 79992 39 27976
805 79388 82879 12 8627
806 79424 79460 12 320
807 79525 79638 51 6279
808 79565 81573 31 64381
809 79732 85785 28 97653
810 79861 82123 108 122252
811 79870 85589 58 148274
812 80216 82925 26 35298
813 80365 80564 80 8491
814 80600 85445 64 378238
815 80630 81818 139 57280
816 80660 83126 116 103533
817 80684 84993 105 359880
818 80693 82417 30 46119
819 80740 84664 96 284033
820 80751 85027 35 44911
821 80812 81129 136 43719
822 80939 86677 7 10914
823 81244 81963 71 22049
824 81366 83703 37 26640
825 81534 82608 40 40589
826 81588 82186 142 44511
827 81692 82162 126 34134
828 81735 87372 142 372868
829 81748 84332 4 4049
830 81881 82374 13 6303
831 82124 90753 14 168173
832 82211 83287 7 2144
833 82298 84027 48 18279
834 82319 86414 50 122255
835 82335 86062 29 19591
836 82423 87827 97 164587
837 82438 94293 113 449316
838 82451 88627 49 34698
839 82495 85390 49 76907
840 82536 83000 34 18282
841 82615 82636 72 990
842 82754 83400 34 9481
843 82803 85299 32 27907
844 82844 86175 43 47210
845 83093 84922 72 37810
846 83140 90819 14 14525
847 83255 83815 19 6964
848 83341 83900 93 24684
849 83486 94255 4 10488
850 83509 85003 120 296531
851 83530 84695 36 40551
852 83570 84593 84 11683
853 83624 83992 10 2801
854 83665 91632 70 130037
855 83677 84429 29 7585
856 83711 89313 77 187102
857 83771 84151 11 3946
858 83933 88158 106 113330
859 84070 85403 81 38865
860 84138 91487 86 136148
861 84174 84395 140 12016
862 84182 85438 9 8658
863 84402 84871 51 20939
864 84521 87105 40 55479
865 84557 85210 58 27879
866 84652 90512 46 92152
867 84903 88792 16 18079
868 84956 90298 76 84845
869 85134 86679 29 38953
870 85177 86201 34 17292
871 85230 88422 7 9717
872 85377 85723 12 4158
873 85480 85532 44 1269
874 85499 87039 78 48590
875 85554 97819 28 125061
876 85555 86360 21 8487
877 85603 90806 42 56914
878 85658 85995 23 6298
879 85681 86091 94 17131
880 85772 89605 10 56410
881 86032 95195 30 62625
882 86298 87453 66 59558
883 86526 87302 37 12848
884 86611 87930 69 59400
885 86619 87010 28 10888
886 86708 88048 27 9558
887 86736 91604 147 447190
888 86818 88118 8 1626
889 86837 89703 94 195959
890 86859 87195 24 3747
891 86941 92172 21 58419
892 87020 89995 38 24161
893 87053 87082 39 2132
894 87320 95259 136 298118
895 87367 92826 21 91977
896 87518 89657 79 71105
897 87545 93101 69 82779
898 87637 87884 110 8022
899 87774 87828 48 2486
900 87789 94438 29 60523
901 88021 92472 115 118059
902 88194 95751 18 18859
903 88351 90958 44 27359
904 88416 90971 136 214898
905 88497 89824 71 47995
906 88629 94032 85 296418
907 88683 89233 27 10252
908 88738 92597 33 49130
909 88741 89982 18 14083
910 88880 91331 70 74669
911 88919 92234 53 99728
912 89326 96751 11 14805
913 89351 93921 29 32991
914 89370 94977 145 347036
915 89403 89939 60 10967
916 89550 90756 19 12710
917 89867 94212 26 33868
918 89876 89892 62 1036
919 89896 94365 12 62399
920 89910 90487 32 11250
921 89966 90320 7 1239
922 90022 90479 26 3688
923 90024 93231 134 168082
924 90148 98981 27 47815
925 90346 93168 52 41059
926 90466 93731 94 55044
927 90514 93147 49 29469
928 90738 95233 6 22007
929 90885 92737 32 42596
930 90933 97515 77 189613
931 90998 91236 99 11252
932 91044 93234 33 47382
933 91140 96950 49 104878
934 91404 95040 69 106280
935 91545 95100 74 113447
936 91554 95901 35 22101
937 91569 94039 55 50719
938 91714 94428 105 103797
939 91754 92112 14 2892
940 91785 98851 25 95700
941 91905 92969 27 6882
942 92008 95361 109 100804
943 92038 99138 9 12836
944 92126 96481 110 89495
945 92207 92732 45 11755
946 92364 95337 47 50774
947 92397 92566 56 6343
948 92408 95583 14 30390
949 92421 94470 8 7859
950 92454 99549 135 468595
951 92508 92698 62 3636
952 92580 92669 35 3067
953 92617 95320 129 62517
954 92706 94718 7 5615
955 92817 96067 15 31260
956 92953 93586 102 28101
957 92970 94452 131 70458
958 93019 93261 79 17307
959 93021 95890 109 70988
960 93073 95236 60 61718
961 93193 94857 24 16676
962 93304 95212 23 13291
963 93399 94318 135 57945
964 94024 95808 101 110296
965 94074 95036 43 13592
966 94087 94229 24 4604
967 94295 95931 138 90441
968 94333 99363 18 104575
969 94335 95408 45 21421
970 94385 97011 125 132039
971 94436 95617 8 7496
972 94569 96377 32 171007
973 94644 98587 48 127516
974 95121 96127 56 7231
975 95177 95623 97 31456
976 95283 95705 80 33004
977 95368 96825 43 16526
978 95534 95807 66 14699
979 95568 95749 124 9076
980 96009 96985 29 32021
981 96038 99309 8 8465
982 96051 96069 45 395
983 96364 98761 23 39334
984 96391 97181 16 3495
985 96424 97654 87 26607
986 96623 97382 28 9194
987 96896 97278 31 13947
988 96919 98065 35 6815
989 97094 98275 17 11099
990 97308 98674 21 8252
991 97479 99453 91 52768
992 97487 99851 56 45375
993 97726 98048 19 4622
994 97834 97938 96 9127
995 98163 99614 130 195737
996 98201 98591 41 22094
997 98631 99654 104 69699
998 98637 99833 24 9901
999 98689 98927 104 23862
