50 1000 0.087
..#####.....#####.................................
####.###.#...#..#.................................
##########.###..###...............................
.#########..##..##.##.............................
###########.########......................#.......
###.##..##.#######.#....##................#.#.....
.##################....###.............######.....
..####....###.#.#.#...####............######......
.###.#........#..#.#####.##.............#####.....
...##.##.....##..#...##.###..........#########.#..
.#######.....#...#######.###...........#########..
##########..........########...........###.##.##..
.########........##.###########........#.#.######.
....##.##....#....###########.#.........##..#.#.#.
...####......###...#.###..###.###.........###.....
####.##.....###....#..#####.###............#######
.#.........####.......##########...........#######
...........#.##......#.#.######.............######
..........#####......#############............####
........#######.....#.##.######..............#####
..........###.###...##########.#............######
..........#####.##......#..#####.............###.#
..........#.#######..........###...........######.
.......###...####.###.........................####
........#.##..#.####.........................###..
.......############...............................
........##########................................
.......#.#########..........#.....................
.......##########.#.........##....................
........###########.......####....................
.......##########.##.....###.#....................
.......#############.....#####.#..................
..##....##.##########..######.###.................
.###..#..#########.##...########..................
#####.##.#.#######.....###########................
########......####........#######.................
.###.##........####....#########.#................
####.#.........#.#........#########...............
..###..........#..........###.####................
..####.....................#######................
####.#........................#..#................
#####.............................................
.###..............................................
##.##.............................................
####..............................................
.##...............................................
.#................................................
..................................................
..................................................
..................................................
0 12 2109 79 124968
1 60 1123 15 2097
2 71 9239 5 22329
3 259 988 30 14268
4 465 1819 74 50628
5 517 4832 67 141352
6 602 610 129 526
7 659 5898 137 163285
8 663 2046 95 74722
9 696 906 9 3185
10 780 1508 27 19003
11 785 14689 53 63049
12 795 6155 76 188085
13 811 4785 124 381694
14 911 10912 51 226582
15 1095 2269 5 1914
16 1230 1524 27 2182
17 1539 1619 6 251
18 1796 2872 68 28132
19 1812 2454 9 8709
20 1975 6875 29 62689
21 2105 4160 96 142796
22 2304 9196 147 821470
23 2437 5609 18 27696
24 2448 8727 49 131811
25 2598 5912 50 57892
26 2670 2998 15 1075
27 2699 5471 27 36364
28 2929 8791 64 112824
29 2947 7858 77 156005
30 2983 5617 38 25971
31 3142 21212 23 140514
32 3365 9091 37 192916
33 3447 25381 90 1673495
34 3489 10003 9 55199
35 3522 8389 4 5031
36 3627 4101 14 4532
37 3718 4076 11 1729
38 3734 8094 18 13762
39 3773 6217 22 23124
40 3793 7657 15 20861
41 3856 7583 99 134685
42 3891 8121 116 209031
43 3892 5131 16 6711
44 3900 8622 144 159165
45 4059 12217 94 688939
46 4209 5311 108 56746
47 4316 6413 102 41348
48 4470 6328 93 69102
49 4504 7416 44 45947
50 5069 5170 43 2258
51 5275 16982 125 579909
52 5280 9540 31 62292
53 5324 5628 36 10301
54 5431 8963 66 115781
55 5669 11838 75 255809
56 5849 6241 115 37499
57 5882 11577 32 51563
58 5899 7339 52 64108
59 5924 10453 15 24825
60 6051 13175 43 53986
61 6065 6206 8 1716
62 6232 10358 109 151437
63 6233 9928 21 17762
64 6369 7468 70 65676
65 6398 9581 76 55739
66 6435 15437 6 10597
67 6483 8913 64 253676
68 6539 15429 17 68694
69 6545 11553 100 313415
70 6574 6614 19 959
71 6578 11292 98 177523
72 6644 7614 8 3936
73 6724 8255 45 77504
74 6733 14488 24 43528
75 6847 8713 6 3325
76 6865 8382 123 128965
77 6955 7313 147 43931
78 7071 18288 10 37669
79 7176 13158 7 20510
80 7323 19261 27 84483
81 7618 32630 74 1179853
82 7787 9952 97 90179
83 8022 14075 94 199424
84 8045 11147 71 96527
85 8088 11445 18 20561
86 8264 11851 126 70913
87 8357 19570 32 227113
88 8362 11466 12 9465
89 8394 11269 115 106269
90 8526 10951 6 6276
91 8616 14716 10 10032
92 8773 13806 140 466926
93 8850 11834 15 32656
94 8958 9220 91 15304
95 9120 12065 119 163636
96 9324 10190 84 100075
97 9328 14129 20 25332
98 9383 10099 41 8416
99 9515 20212 94 1142298
100 9655 10991 38 36407
101 9665 10278 58 9586
102 9757 10314 94 42010
103 9815 17810 36 105353
104 9875 11780 9 4941
105 10002 10561 135 85749
106 10039 10147 65 986
107 10042 12845 148 367775
108 10063 13959 6 13906
109 10069 11206 87 15219
110 10083 15543 104 446852
111 10110 18950 39 132218
112 10262 11425 128 115472
113 10268 14732 57 40466
114 10313 11845 103 176066
115 10339 16403 63 241905
116 10346 10664 84 15563
117 10529 12626 9 24827
118 10647 16440 10 9955
119 10696 12520 60 66225
120 10917 11224 104 9513
121 11058 12280 142 176572
122 11202 23964 61 128394
123 11255 13085 139 49173
124 11275 19099 9 45115
125 11410 18174 26 56787
126 11697 12182 27 5068
127 11707 14647 109 82521
128 11724 12806 98 34758
129 11738 12894 58 31096
130 11765 12922 31 12992
131 11798 13364 131 86399
132 11807 13249 37 14572
133 11828 13317 14 10943
134 11970 15533 6 12896
135 12040 18007 146 1146933
136 12145 16732 4 12268
137 12311 15684 124 219590
138 12342 12730 141 25737
139 12409 14222 131 81012
140 12413 17433 26 83058
141 12414 19795 46 122403
142 12593 14733 20 38163
143 12791 13565 54 13353
144 13006 13209 39 4602
145 13044 23409 42 241229
146 13045 13263 5 729
147 13055 14698 17 7962
148 13149 14424 73 16347
149 13154 15103 119 151929
150 13245 15024 24 7438
151 13371 17129 105 329999
152 13711 15562 9 2263
153 14046 16011 59 113491
154 14178 28065 61 512166
155 14232 18403 57 91283
156 14253 22674 6 20073
157 14269 16656 76 89863
158 14323 16052 147 96868
159 14335 33231 138 474726
160 14371 20744 19 37987
161 14443 20259 11 12494
162 14782 19018 30 51630
163 14806 15640 100 56036
164 14837 16080 58 64457
165 15046 18435 143 66762
166 15085 31568 74 717964
167 15088 17759 23 36282
168 15122 16606 101 60741
169 15136 18038 142 211487
170 15289 20113 15 19791
171 15322 30735 7 29995
172 15434 18519 59 139800
173 15527 18126 91 82686
174 15558 17140 5 7135
175 15567 18429 39 81080
176 15599 19149 58 23031
177 15708 18702 26 25144
178 15744 22135 125 174808
179 15853 17963 9 4441
180 15904 22656 65 265710
181 15910 24577 42 135707
182 16311 16707 4 588
183 16549 20774 141 407403
184 16644 17648 11 7690
185 16698 20327 61 128327
186 16700 23353 41 66640
187 16840 19825 75 105151
188 16855 18256 32 34239
189 17024 17828 19 9266
190 17029 17147 22 1177
191 17186 21238 148 573312
192 17244 19672 23 35670
193 17298 27072 9 29878
194 17709 23215 40 209119
195 18056 29357 56 163711
196 18208 19493 44 27330
197 18211 19696 37 33975
198 18336 21117 16 14292
199 18428 22106 32 65905
200 18458 27667 14 28923
201 18507 19009 35 11628
202 18531 18890 4 1396
203 18532 24508 4 3488
204 18574 20787 14 5343
205 18649 21729 14 7644
206 18679 22746 4 4605
207 18707 26691 87 474686
208 18743 28305 85 750698
209 18754 19553 81 40973
210 18892 28050 61 353081
211 18984 21453 114 159134
212 18994 22341 21 15903
213 19046 26635 17 95897
214 19069 24210 63 155912
215 19509 21014 12 7434
216 19567 23196 17 30054
217 19610 34426 26 155757
218 19632 22312 62 63947
219 19680 24684 143 360532
220 19853 33174 71 824401
221 20182 20850 12 2169
222 20273 24436 30 113652
223 20605 21888 116 127709
224 20660 36564 78 679646
225 20757 35548 25 109067
226 20806 22722 9 8821
227 20864 20983 7 146
228 20907 29877 117 369998
229 21115 24759 115 304613
230 21162 22256 126 72515
231 21163 21718 61 19985
232 21170 26957 28 63265
233 21297 21791 67 11388
234 21338 22034 94 84267
235 21387 23525 105 40733
236 21455 22471 21 4670
237 21587 23322 12 12411
238 21786 29339 49 89586
239 21804 26390 69 306233
240 21849 40966 49 1077218
241 21968 22897 71 42229
242 22024 38194 68 964587
243 22209 22917 115 55740
244 22253 24751 15 40910
245 22288 27074 76 159570
246 22405 25457 61 86820
247 22432 26564 20 39596
248 22442 23308 59 21211
249 22511 24535 84 29942
250 22629 26209 20 23779
251 22638 26967 18 26256
252 22693 28172 22 25838
253 22767 28149 16 26366
254 22783 23907 15 11732
255 22989 25455 10 12845
256 23007 27870 35 47412
257 23071 29995 84 232010
258 23176 28414 31 194914
259 23274 28784 71 113747
260 23286 29785 69 235583
261 23303 25661 66 190286
262 23369 32228 14 27169
263 23513 26455 19 23830
264 23729 27040 58 109863
265 24004 27442 7 4106
266 24047 24372 48 8024
267 24091 27835 43 45329
268 24183 25760 28 37428
269 24357 26507 27 21374
270 24468 24817 89 11667
271 24550 34332 67 512039
272 24644 29461 59 65433
273 24672 25395 98 63201
274 24717 24886 23 4875
275 24842 30380 20 10838
276 24927 25588 52 16004
277 24930 29882 87 198518
278 25094 29290 99 240876
279 25301 25673 111 36164
280 25324 28988 32 68804
281 25328 36880 5 13724
282 25668 26320 137 33505
283 25906 26199 105 15133
284 26020 27306 23 12797
285 26177 27283 7 7778
286 26281 27300 7 6204
287 26408 28635 38 15580
288 26563 28957 22 17293
289 26615 31418 6 24022
290 26617 30685 39 36068
291 26656 32064 127 210375
292 26660 31607 86 72920
293 26744 31437 18 14573
294 27025 48103 20 152289
295 27169 36623 5 31092
296 27208 28230 77 27947
297 27282 31042 17 46904
298 27459 31685 23 10698
299 27505 28558 31 12497
300 27907 35221 116 553504
301 27923 28941 14 2484
302 27982 33616 39 154641
303 28000 29335 59 23596
304 28019 30678 63 79282
305 28070 30980 5 7432
306 28207 29784 88 61268
307 28560 33800 113 121070
308 28646 33198 43 85336
309 28711 31515 14 27630
310 28733 29266 67 20883
311 28760 39610 84 613514
312 28770 30002 89 53055
313 28895 29825 89 92177
314 29238 30857 32 34153
315 29254 35230 12 33781
316 29308 32616 7 10551
317 29526 30940 13 8275
318 29549 32635 7 11499
319 29550 36306 118 121784
320 29681 30821 52 64673
321 29944 31243 28 18812
322 29974 36296 4 11658
323 30084 30319 8 1586
324 30164 30298 9 1386
325 30183 38094 88 398684
326 30215 31340 65 25858
327 30296 31895 102 39009
328 30299 31475 54 55383
329 30345 32280 10 6773
330 30723 30762 125 2788
331 30782 34138 136 361810
332 31022 31444 6 2446
333 31026 32733 91 52554
334 31136 34707 74 155915
335 31206 38403 94 267306
336 31359 35363 49 116675
337 31379 37801 5 8747
338 31946 33132 124 45093
339 32061 35700 90 334700
340 32078 37537 124 111321
341 32158 36376 48 44641
342 32333 33368 134 66264
343 32440 41194 25 54784
344 32648 33274 123 26811
345 32668 32874 35 2334
346 32722 35591 22 45661
347 32725 36226 44 36756
348 32820 33181 57 21073
349 33128 34985 78 101138
350 33349 36920 45 110834
351 33377 36595 4 3611
352 33478 36402 77 46569
353 33483 36294 119 74704
354 33516 39311 80 151244
355 33812 40774 9 11115
356 33845 35274 7 4575
357 33883 34486 11 1628
358 33936 39002 15 17174
359 33996 36616 92 117273
360 34182 39531 4 10755
361 34380 35726 61 75869
362 34451 41093 115 685823
363 34537 36809 67 121923
364 35090 38928 53 68345
365 35183 39700 11 14220
366 35267 36421 56 19242
367 35332 37921 37 10223
368 35334 36693 6 4632
369 35426 39091 86 71713
370 35727 37380 31 9608
371 35756 37907 100 180954
372 35770 36914 66 12705
373 35841 39167 12 24267
374 35917 36526 27 6202
375 35999 40591 132 304890
376 36304 36414 41 2511
377 36610 48726 58 336957
378 36747 37192 40 10712
379 36884 43242 35 83741
380 36896 42877 64 215515
381 36902 46381 147 223887
382 36921 38055 17 5719
383 37154 38282 56 73960
384 37218 39371 21 14802
385 37243 41114 34 93751
386 37265 37773 7 1726
387 37397 51465 16 90579
388 37455 38330 82 26594
389 37473 43910 12 19143
390 37486 48147 107 643969
391 37628 39965 16 13599
392 37845 39468 128 237364
393 37899 39387 122 83755
394 37911 42333 92 173510
395 37946 44406 47 79342
396 37950 39432 111 78480
397 37959 44022 137 128914
398 38107 41623 50 34362
399 38182 38816 98 18571
400 38352 45792 43 80934
401 38414 41728 86 208014
402 38440 42413 69 186225
403 38703 46155 36 241326
404 38764 39746 49 9650
405 38779 40539 26 26824
406 38834 50765 135 448311
407 38931 47068 120 1102504
408 38990 40961 141 54108
409 39222 39776 45 22003
410 39265 41557 6 4890
411 39707 41909 20 16784
412 39755 41755 5 9409
413 39864 42119 52 8995
414 40013 40908 135 78253
415 40155 40924 15 4327
416 40177 40369 43 5708
417 40383 45745 106 1089390
418 40392 50170 111 393455
419 40401 42253 9 7425
420 40470 41135 17 3099
421 40491 50979 25 109911
422 40518 41854 5 2212
423 40631 44524 38 99901
424 40682 41238 133 116621
425 40864 42838 26 27727
426 40879 43588 136 518661
427 41100 49882 135 176239
428 41122 41555 107 21338
429 41241 41354 88 13475
430 41258 41884 84 21576
431 41333 41598 7 606
432 41467 42218 6 3669
433 41709 46217 62 280234
434 42162 48288 33 68985
435 42204 44262 119 91861
436 42239 44535 53 103993
437 42321 46618 10 14580
438 42353 45242 68 102222
439 42390 43650 12 4846
440 42498 42933 21 2147
441 42762 46167 30 39057
442 43091 44363 57 48112
443 43104 45126 41 36070
444 43158 43932 6 2975
445 43200 44448 54 51213
446 43231 49253 121 125243
447 43378 56595 18 32163
448 43407 48456 70 97769
449 43906 50971 22 85902
450 43962 50398 5 7080
451 44031 51120 86 348082
452 44255 46222 7 5913
453 44503 53658 5 26673
454 44601 49980 6 6957
455 44707 54435 65 162634
456 44836 45216 62 25026
457 45006 52354 46 105819
458 45429 50160 15 15326
459 45495 51456 31 83490
460 45582 50399 20 138318
461 45649 52684 94 316692
462 45790 46056 59 18433
463 45864 47460 24 14346
464 45875 50647 25 36574
465 45932 46283 53 8227
466 46029 47255 8 2618
467 46254 46453 17 3623
468 46268 48443 35 75000
469 46318 47741 55 35959
470 46445 48999 72 44717
471 46580 47796 44 17000
472 46654 48846 9 9104
473 46708 48163 22 19669
474 46751 47531 95 54415
475 46800 51044 91 135630
476 47078 52856 32 54968
477 47116 49543 11 5869
478 47187 51204 98 391408
479 47239 48563 6 3620
480 47833 48637 9 2445
481 47852 54728 81 927497
482 47965 54962 113 357315
483 48239 56217 49 284913
484 48395 50889 18 29150
485 48696 52602 102 147483
486 48707 50900 7 8662
487 48763 54536 49 120941
488 48843 49529 17 13870
489 48858 49096 39 8804
490 48878 49651 11 4381
491 48887 50092 97 61449
492 48939 65118 134 754158
493 48995 49702 110 58799
494 49067 57183 24 180992
495 49076 49255 90 25259
496 49091 50076 144 148750
497 49152 49826 22 2944
498 49216 51020 8 11823
499 49313 52108 97 309203
500 49404 49509 4 216
501 49412 50250 14 8036
502 49756 56526 5 7079
503 49763 59565 48 89098
504 49778 50973 41 16064
505 49796 52238 70 82173
506 49889 54594 16 30859
507 50007 57622 63 115453
508 50100 50976 40 10041
509 50349 51372 31 25224
510 50537 51244 123 94891
511 50632 52774 69 73106
512 50735 51449 40 11375
513 50790 54017 63 94548
514 50870 51949 9 4038
515 51125 53140 97 96127
516 51276 51382 25 1904
517 51279 53174 6 3094
518 51396 54305 127 51967
519 51458 53851 112 104739
520 51473 58286 26 146883
521 51528 56675 66 145961
522 51669 56006 16 24105
523 51675 53680 59 64821
524 51729 60926 7 17722
525 51737 61006 118 283986
526 51743 53180 7 8664
527 51781 67663 23 118585
528 51836 58639 15 45422
529 51892 59725 74 496267
530 51993 52231 23 2713
531 52095 55999 18 30313
532 52135 60129 7 15227
533 52283 54079 42 12572
534 52703 55295 115 180416
535 52843 55971 5 10938
536 52870 57220 9 20713
537 52887 68447 122 482120
538 53026 54111 37 18931
539 53030 64451 41 645406
540 53038 53505 12 3441
541 53224 56001 65 55956
542 53540 61778 60 142696
543 53586 56314 47 83665
544 53648 53856 6 618
545 53661 55240 21 14288
546 53721 57923 65 206935
547 53874 55258 134 68744
548 53885 54246 51 17457
549 53910 56500 136 132914
550 53958 55681 31 25275
551 54131 55488 27 17356
552 54394 55358 27 6429
553 54488 59479 14 23980
554 54558 55801 139 55809
555 54634 59485 58 95638
556 54697 57423 106 149180
557 54833 56721 43 40680
558 54834 57650 6 2834
559 54845 56888 92 244574
560 54961 55391 17 2378
561 54994 66234 39 101137
562 55007 58394 49 107590
563 55090 55959 44 21873
564 55265 68834 82 176671
565 55509 62624 43 124939
566 55571 56207 29 4909
567 55821 58346 132 73433
568 55849 75016 88 669898
569 55895 55990 87 3365
570 56069 62939 8 21856
571 56122 57263 49 19029
572 56220 57523 31 40059
573 56266 58524 115 143112
574 56355 58419 125 88217
575 56493 57768 5 2078
576 56616 58833 82 162042
577 56736 58986 65 25420
578 56791 60050 94 363481
579 56808 59509 39 30358
580 56865 62582 131 278047
581 56910 66717 115 394269
582 57063 57321 69 13720
583 57068 60684 46 73257
584 57259 62347 52 203058
585 57335 69325 72 777459
586 57569 59100 147 53305
587 57577 66094 51 167566
588 57832 65400 82 951398
589 57921 57973 4 46
590 58056 65442 47 229554
591 58126 61999 20 56173
592 58307 60764 17 13912
593 58528 62164 19 14688
594 58575 59232 12 1375
595 58689 59894 12 9205
596 59028 59945 83 30693
597 59114 59541 113 48783
598 59127 61132 150 428362
599 59200 70251 38 156072
600 59448 64871 20 49085
601 59498 64556 37 144143
602 59706 61380 14 11593
603 59710 60871 127 104477
604 59715 81362 14 95702
605 59933 63520 81 171119
606 59957 64712 27 57038
607 60016 60136 54 6258
608 60029 64877 126 418332
609 60150 64352 41 88935
610 60171 62402 35 13316
611 60326 61627 57 38315
612 60362 70531 6 45249
613 60460 61555 6 1757
614 60520 65536 12 13346
615 60616 62102 22 30260
616 60620 65059 24 41334
617 60742 62085 106 31094
618 60812 62022 136 99604
619 60979 61706 90 32626
620 61154 62226 100 98171
621 61219 61259 110 8155
622 61390 80708 50 957596
623 61420 64091 70 79836
624 61698 63344 52 24829
625 61852 68382 6 8766
626 61881 63510 56 63838
627 62014 74275 100 274138
628 62158 62564 149 38860
629 62261 67777 33 39370
630 62380 63351 50 52800
631 62413 63606 30 20332
632 62597 69913 21 75962
633 62621 71701 42 71110
634 62751 67940 53 30074
635 62900 64832 4 4985
636 62917 67370 38 107116
637 62975 71635 25 39060
638 63060 63258 22 5747
639 63195 63334 24 4337
640 63234 66099 11 18644
641 63279 67324 31 49271
642 63281 63837 6 2342
643 63331 64966 37 16400
644 63427 64918 74 62702
645 63485 63518 144 2572
646 63544 68486 6 8425
647 63574 64179 115 72441
648 63686 64342 20 6879
649 63757 80455 21 567292
650 63929 67007 51 75179
651 63975 65143 143 240425
652 64339 64834 54 21632
653 64786 68978 10 14911
654 64822 67044 93 120103
655 64869 67194 76 71887
656 65036 65504 74 12717
657 65054 66890 8 2049
658 65119 66896 123 186231
659 65169 69018 6 17879
660 65231 73044 19 67249
661 65306 65458 21 3174
662 65383 66704 24 10233
663 65531 69014 132 109662
664 65547 68742 73 132287
665 65572 71266 99 202779
666 65642 70803 78 140994
667 65732 67733 55 35846
668 65741 71852 127 149986
669 65758 70121 43 32044
670 65778 65840 35 1599
671 65799 65993 9 1432
672 65807 67439 109 30916
673 65853 72264 18 62516
674 65879 81815 49 447626
675 65923 68395 44 25365
676 65949 67461 29 25475
677 66009 70310 44 43514
678 66119 66715 30 7347
679 66123 70674 17 49943
680 66283 71665 29 196341
681 66467 68061 136 131240
682 66522 66886 67 7153
683 66708 67681 31 21261
684 66724 71121 19 25677
685 66917 67570 134 41687
686 66979 70651 36 67955
687 67054 70618 96 110868
688 67103 69989 51 48040
689 67128 72513 106 100748
690 67133 68567 128 45805
691 67253 74516 17 69142
692 67385 73602 21 33455
693 67391 69149 77 83175
694 67399 68762 23 46558
695 67469 69140 112 175684
696 67491 73107 111 2214048
697 67534 67818 47 21317
698 67548 76890 34 146056
699 67725 69631 49 19749
700 67980 71074 17 25703
701 68181 69992 109 231653
702 68283 68840 144 89800
703 68504 72477 145 117493
704 68687 72712 19 14958
705 68746 72503 44 86315
706 69024 71461 14 5426
707 69418 74785 73 280265
708 69720 70489 96 21851
709 69763 72535 13 21169
710 69786 70871 25 19886
711 69847 73710 147 150054
712 69861 76580 19 58970
713 69906 71608 106 74680
714 69959 73270 58 72722
715 70005 71069 100 68552
716 70006 75988 8 7578
717 70043 74404 27 40820
718 70050 73880 6 9669
719 70106 71411 10 6395
720 70185 70463 31 4464
721 70199 71672 74 35430
722 70342 78120 110 761919
723 70459 77260 58 239179
724 70673 74264 45 20948
725 70816 71844 49 17234
726 70917 73124 19 24996
727 70966 75180 121 413439
728 71019 73609 71 72299
729 71044 75915 90 204166
730 71053 74248 5 7048
731 71161 76700 10 55225
732 71249 71638 14 5773
733 71253 74579 35 57054
734 71261 72118 46 7735
735 71308 71647 32 8135
736 71311 73054 7 5374
737 71513 84185 90 123502
738 71769 77324 6 5427
739 71819 72402 95 42791
740 71882 72554 12 2874
741 71927 82773 125 498399
742 72170 78170 6 14029
743 72473 72924 44 16776
744 72617 75033 133 365120
745 72706 81608 19 20153
746 72724 72843 82 11278
747 72747 73779 12 5147
748 72764 76557 116 95502
749 72862 73192 83 21507
750 73050 74687 11 5624
751 73064 74400 27 14444
752 73253 73869 28 9378
753 73279 74573 44 12791
754 73307 73367 60 2448
755 73432 75064 23 15872
756 73496 77421 33 115088
757 73505 75373 52 63885
758 73893 74661 19 4644
759 74244 74403 6 314
760 74420 74461 27 170
761 74460 80664 38 31383
762 74464 76123 116 237739
763 74557 80818 67 286329
764 74622 77077 28 22437
765 74791 78877 6 5599
766 74793 74931 77 4177
767 74991 75160 143 21040
768 74995 79240 78 222940
769 75009 77043 12 17934
770 75063 81898 43 282117
771 75069 77946 101 122678
772 75101 76264 5 4895
773 75351 81775 36 41277
774 75560 77317 46 81050
775 75715 81094 111 151720
776 75834 77235 8 3233
777 75977 78092 91 132848
778 76085 87270 66 485352
779 76281 76509 11 696
780 76283 90783 40 105184
781 76306 76686 30 4157
782 76329 77293 34 20985
783 76355 79496 5 4723
784 76378 78518 7 8284
785 76403 80002 7 18223
786 76767 88071 6 15091
787 76876 80811 16 39450
788 76886 78561 8 19891
789 77045 82577 34 53523
790 77069 80281 97 72880
791 77070 84425 16 32071
792 77144 78615 32 44113
793 77257 82274 75 137101
794 77316 77565 141 25998
795 77508 79674 26 18570
796 77522 79938 30 98876
797 77647 84292 10 22861
798 77679 77851 32 6041
799 77794 81483 94 54056
800 77920 78880 15 17488
801 78001 95999 73 242326
802 78040 81236 146 320386
803 78130 78361 149 24525
804 78186 93187 16 239042
805 78257 82526 18 67889
806 78363 82208 13 21637
807 78476 78768 149 26778
808 78498 78568 11 142
809 78636 89119 98 564949
810 78990 80076 34 17491
811 79123 92306 25 208125
812 79226 80966 24 15415
813 79292 79299 131 876
814 79431 83250 101 274317
815 79438 86007 73 160917
816 79471 98283 59 761705
817 79494 79600 89 2947
818 79605 83339 67 317166
819 79655 81156 82 27513
820 79699 85028 121 148063
821 79838 82724 71 96183
822 80069 83494 37 38386
823 80443 84066 16 25149
824 80746 84181 142 230021
825 80826 82475 11 9298
826 80846 84313 97 150575
827 80945 82279 45 29063
828 81004 84512 96 56483
829 81067 83259 11 8252
830 81199 82183 17 6877
831 81282 82900 111 40204
832 81667 82476 5 906
833 81801 82393 58 21543
834 81996 90051 64 333085
835 82014 82296 76 12838
836 82034 89049 32 20178
837 82064 84312 25 28315
838 82148 84781 14 32238
839 82495 83838 99 89589
840 82593 83829 131 83407
841 82646 84525 48 16551
842 82801 85253 63 56436
843 82822 83869 4 2585
844 82857 85051 72 71401
845 83001 83963 63 67378
846 83095 87321 61 64729
847 83135 90207 133 425258
848 83150 85897 25 40095
849 83248 87210 49 69558
850 83384 90692 109 328346
851 83454 83758 21 2570
852 83536 85175 13 20263
853 83572 88381 7 32195
854 83640 85739 50 15283
855 83676 86589 15 14724
856 83699 85317 51 19887
857 83752 84762 47 32246
858 83769 86621 44 49168
859 83792 85919 50 48416
860 83846 90862 10 41175
861 83871 85987 39 53490
862 83933 87417 43 46069
863 83947 96588 64 397749
864 84025 98413 104 454366
865 84095 97590 21 163687
866 84143 85320 106 78954
867 84155 86023 68 146826
868 84315 91881 53 107875
869 84505 88368 81 476737
870 84546 88826 37 118958
871 84601 84619 66 1122
872 84638 87170 4 4597
873 84714 88983 19 27233
874 84743 90256 20 45102
875 84912 87831 147 162868
876 85104 86948 6 5022
877 85164 85235 136 3943
878 85219 95531 22 73077
879 85244 89714 7 10777
880 85468 89035 105 256489
881 85523 85857 15 2908
882 85563 88421 21 13485
883 85608 85907 15 1918
884 85939 91347 96 286131
885 85989 86772 119 36906
886 86010 86447 6 2151
887 86033 87934 107 109651
888 86098 90016 92 220431
889 86138 95884 16 36246
890 86345 86968 76 23356
891 86357 91814 11 33783
892 86392 87019 89 24792
893 86415 87520 25 17553
894 86455 92349 5 5891
895 86809 89825 73 57365
896 86848 87935 104 276936
897 86910 87254 29 5911
898 86981 90859 5 6569
899 87041 89232 105 70611
900 87067 87597 14 16575
901 87233 92461 131 191387
902 87280 88188 5 1669
903 87381 93824 6 11908
904 87418 96001 23 106334
905 87591 96510 63 200853
906 87602 88731 45 26721
907 87907 90784 79 60309
908 87987 91827 126 83260
909 88134 93285 61 182149
910 88207 89438 25 11041
911 88273 93133 12 42269
912 88275 89320 71 100573
913 88280 90885 14 13557
914 88350 90468 95 129314
915 88617 96133 13 204620
916 88769 89755 69 33717
917 88847 98683 86 246909
918 88899 88980 90 9483
919 89255 96420 97 365950
920 89340 89772 114 20477
921 89455 94242 121 90431
922 89487 89874 52 12688
923 89520 89885 59 16129
924 89531 91372 83 49056
925 89689 92442 93 205197
926 89730 94845 101 140517
927 89974 99731 18 192884
928 90165 91131 105 28419
929 90247 90488 137 18176
930 90493 95705 17 23583
931 90703 94890 6 12066
932 90711 94424 12 20137
933 90741 91241 33 12008
934 90853 91200 103 37572
935 90892 92824 32 29606
936 91172 91627 34 5728
937 91199 91228 71 1227
938 91349 97025 84 102025
939 91518 92455 28 25720
940 91529 93179 92 275553
941 91535 93636 91 157627
942 91715 94359 13 21702
943 91765 93188 95 49719
944 91984 93259 37 20846
945 91997 93186 120 41270
946 92017 97624 74 313673
947 92165 92270 133 18963
948 92221 93206 34 16152
949 92396 93680 103 85007
950 92610 97447 92 217194
951 92712 95250 133 302428
952 92877 93586 30 5832
953 92878 93383 122 36325
954 92889 94869 138 118259
955 92942 97406 55 161596
956 92986 96347 85 225911
957 93155 95277 29 22235
958 93167 95015 108 102633
959 93278 99385 67 227689
960 93538 94770 10 2522
961 93739 94492 51 21125
962 93823 94380 19 11803
963 93912 99547 18 22097
964 93969 96317 36 23980
965 94121 95013 5 1804
966 94229 98609 50 67286
967 94267 96773 108 58906
968 94272 95197 22 4079
969 94527 94544 31 627
970 94644 99691 116 364641
971 94680 96943 147 64333
972 94748 96060 130 118860
973 94901 96369 53 85633
974 95152 99199 138 265572
975 95200 99594 148 216604
976 95470 99549 142 145120
977 95675 95717 11 270
978 95788 98186 18 26439
979 95959 97627 8 4133
980 96216 98134 49 21735
981 96263 98316 19 10806
982 96294 97817 9 12247
983 96320 98306 32 35514
984 96873 98410 118 47918
985 96891 99411 69 43536
986 96930 97739 105 109852
987 96960 99473 18 31238
988 97034 97322 147 32447
989 97116 98461 11 9979
990 97415 98340 5 1060
991 97595 98345 40 21495
992 97856 99046 36 20841
993 98403 99089 130 27450
994 98488 99893 40 13463
995 98650 98690 74 848
996 98691 99819 119 115273
997 98736 99426 14 6483
998 98784 99284 7 2801
999 98801 99833 49 12570
