50 1000 0.061
.......#####.#########............................
.......###############............................
.......################...........................
.........##...######.##...........................
..........##.#####...###..........................
............########..............................
...........###.#####..............................
............####.###..............................
.............#.#...##.............................
.............###..................................
...............#..................................
..................................................
..................................................
.............#....................................
............###...................................
............###.#.................................
........##########................................
....##.###########................................
...###..###########...............................
.....##.##.####.####..............................
....##########.####...............................
...##.#############...............................
...####.############..............................
....#############.................................
......#############...............................
....##.###############............................
..##################..............................
....##############................................
....####.######.#.................................
.###.##########.#.................................
.##################...............................
...##############.................................
#######.########.#................................
...##..##.########................................
....##..#.#########...............................
............#.##..................................
...........######.................................
............###...................................
............###...................................
..................................................
..................................................
..................................................
..................................................
..................................................
..................................................
..................................................
..................................................
..................................................
..................................................
..................................................
0 53 23267 32 247144
1 57 346 54 8922
2 80 9445 105 412280
3 189 1650 110 37651
4 226 10939 98 215998
5 329 9312 144 448469
6 398 21231 144 780984
7 451 1679 6 5052
8 643 3532 9 5230
9 655 21796 25 374626
10 682 1827 81 118459
11 704 10960 16 63136
12 744 2166 17 9575
13 1005 1953 132 115825
14 1014 4978 31 62646
15 1058 7662 19 65539
16 1077 1170 53 2754
17 1092 18216 131 600133
18 1160 8888 75 225647
19 1210 4336 119 103349
20 1270 5612 54 56022
21 1331 2588 30 16857
22 1361 13244 47 193970
23 1514 16311 90 756489
24 1527 5973 15 49000
25 1669 3248 4 2829
26 1683 28951 27 228708
27 1695 3055 40 11273
28 1809 7219 45 112074
29 1874 4261 75 37672
30 1898 6741 129 228986
31 1940 23115 5 36173
32 1973 7483 142 307725
33 2252 18501 76 618201
34 2307 2951 138 58858
35 2366 3339 38 10869
36 2744 5090 74 66492
37 2748 6631 77 74263
38 2846 3906 10 2096
39 2870 4834 118 146424
40 2883 18206 103 689033
41 2971 3848 84 30078
42 3385 9653 91 364612
43 3550 9835 52 230877
44 3552 13801 96 286268
45 3595 42164 33 468667
46 3600 25872 108 1879603
47 3606 20321 97 393756
48 3788 19002 36 116090
49 4009 27978 82 392991
50 4158 4530 17 4998
51 4368 12721 21 181875
52 4375 6133 100 46992
53 4378 22003 37 73592
54 4388 11260 10 36579
55 4417 12148 114 312029
56 4470 4518 39 488
57 4557 8294 64 113855
58 4570 9418 73 231854
59 4669 7535 25 47018
60 4743 14905 27 73192
61 4793 8857 40 38669
62 4810 11743 43 171891
63 4893 6334 122 31232
64 4904 11267 5 7373
65 4907 6010 108 66790
66 5027 5043 22 106
67 5028 12866 63 313587
68 5058 15135 28 178284
69 5610 14282 115 371319
70 5904 9277 121 146067
71 5905 11290 70 100956
72 5966 20561 28 124380
73 6048 17599 57 398242
74 6141 7749 57 167081
75 6312 7861 62 76564
76 6362 18007 61 311916
77 6375 14392 17 35871
78 6384 6632 40 2770
79 6473 36537 109 612811
80 6571 16522 82 634584
81 6642 15459 101 229671
82 6729 10346 27 25697
83 6736 10126 53 144714
84 7047 7834 77 43987
85 7101 10215 12 15297
86 7124 8943 16 10640
87 7166 18623 44 178855
88 7178 10338 60 69987
89 7949 13814 7 13674
90 7986 12641 29 78127
91 8217 42143 102 1614866
92 8262 12969 139 237634
93 8388 9136 58 23069
94 8409 12117 62 94143
95 8410 15131 30 130163
96 8432 9733 92 123752
97 8491 8975 41 18277
98 8556 9689 11 8676
99 8601 18631 38 100749
100 8666 29285 44 1038524
101 9122 9330 70 7098
102 9451 15243 146 1294194
103 9526 14201 81 88235
104 9600 14772 47 130865
105 9618 16588 83 355272
106 9719 10679 57 35652
107 9723 17442 25 168371
108 9784 17459 6 28169
109 9793 18099 49 126389
110 9913 38773 35 374428
111 9961 17333 56 132100
112 9987 32485 132 1723861
113 10182 10973 72 17196
114 10234 11685 13 29261
115 10437 34726 17 165766
116 10482 10617 5 393
117 10486 18594 127 497530
118 10502 18959 129 865785
119 10568 25598 27 257392
120 10624 13049 143 338294
121 10641 13125 67 46284
122 10727 15258 52 126926
123 10801 17205 48 152337
124 11045 16833 23 47135
125 11231 13340 70 37183
126 11326 17159 95 183328
127 11364 24022 21 93794
128 11520 12799 14 10310
129 11572 49068 44 355634
130 11678 15920 82 136158
131 12344 31081 82 310903
132 12380 22664 20 93206
133 12633 17028 10 26362
134 12673 28963 17 51351
135 12676 14727 52 60164
136 12733 26893 100 591209
137 12794 12872 66 5482
138 12876 17119 129 223774
139 13367 17156 42 62111
140 13383 13910 116 29560
141 13403 29094 29 62552
142 13412 17645 119 175162
143 13420 40757 124 2157896
144 13454 18115 15 43863
145 13644 28756 132 1479077
146 13653 15418 35 19226
147 13718 14538 97 35482
148 13834 20176 63 85893
149 13836 14959 11 10484
150 13984 19795 33 125839
151 13998 28268 65 294792
152 14003 16096 39 34819
153 14068 37273 11 92894
154 14074 26465 114 903547
155 14088 22692 36 137122
156 14210 20487 92 328655
157 14768 22584 23 41259
158 14777 20124 75 112778
159 14791 31802 94 675817
160 14943 46007 138 2801048
161 14953 16244 17 9473
162 14996 31157 10 136160
163 15004 15170 73 11034
164 15141 25682 88 516875
165 15233 19525 85 34804
166 15441 30366 10 32725
167 15603 27596 12 21972
168 15766 16180 145 69564
169 15831 23830 39 173224
170 15882 18587 46 155235
171 15914 22719 68 137683
172 15928 32993 64 380740
173 15992 24125 66 309067
174 16011 20633 121 190255
175 16062 29580 7 33571
176 16202 26986 24 130945
177 16248 18573 10 16457
178 16346 18225 10 28887
179 16375 22021 97 151821
180 16391 23944 53 366159
181 16444 16760 5 811
182 16526 18961 39 126810
183 16539 25665 31 113368
184 16617 18245 10 7159
185 16704 31188 38 281043
186 16830 26821 32 87234
187 16893 23465 51 176477
188 17069 19578 12 7076
189 17219 26093 118 410811
190 17328 28998 63 187432
191 17382 17955 79 25549
192 17555 26204 29 367818
193 17634 19571 10 11633
194 17638 27400 12 25852
195 17744 27785 4 24214
196 17886 40306 13 196187
197 17949 36279 6 36118
198 17952 24655 53 145590
199 17985 21039 61 116575
200 18022 38108 43 213719
201 18098 24856 33 90688
202 18121 34354 39 354359
203 18129 32048 110 442664
204 18148 25600 58 163323
205 18379 36427 35 73071
206 18444 22949 135 496638
207 18815 35547 24 126184
208 18896 63340 92 531244
209 19128 25280 41 112658
210 19357 27217 27 52252
211 19358 31752 15 61811
212 19434 23828 73 215592
213 19480 21491 23 6154
214 19621 27890 116 480533
215 19736 23979 86 414054
216 19744 21518 121 91101
217 19774 28441 20 134033
218 19938 21558 31 32530
219 20168 32614 31 233276
220 20337 31359 45 412457
221 20364 23804 28 50423
222 20746 21594 54 30102
223 20773 23581 51 23309
224 20908 26530 89 296619
225 20910 21629 8 3136
226 20926 35995 59 240250
227 20931 21730 30 13366
228 21040 33211 92 505942
229 21055 22142 30 24381
230 21235 33716 63 385743
231 21399 29302 6 36801
232 21484 23732 92 88603
233 21515 22017 128 37529
234 21639 37926 78 237790
235 21787 28702 89 298227
236 21842 31717 93 274112
237 21961 22022 7 579
238 22223 25492 55 49626
239 22236 28809 63 118013
240 22333 30277 65 129617
241 22358 23369 76 37145
242 22483 51489 50 182052
243 22639 31218 15 15081
244 22644 27757 8 8432
245 22716 33028 13 36083
246 22831 30540 20 98841
247 22959 33939 56 193208
248 23040 25912 139 71580
249 23102 27448 70 159413
250 23162 26447 17 12417
251 23174 23196 97 2342
252 23190 23770 59 6780
253 23205 27910 116 247476
254 23240 24499 85 126128
255 23393 41526 16 58043
256 23499 25330 14 7535
257 23767 27111 15 24536
258 23854 31655 26 107023
259 23880 29015 117 178175
260 23933 33392 29 97377
261 23949 38931 146 1011502
262 23951 39396 10 42370
263 23972 24072 47 6745
264 24035 24140 43 1536
265 24077 32830 71 482456
266 24094 60065 60 264021
267 24174 37858 25 60722
268 24191 42087 54 777302
269 24212 25066 50 36385
270 24362 28019 30 35696
271 24460 35392 24 77022
272 24524 36712 104 174702
273 24550 28977 18 27381
274 24557 27771 93 63370
275 24680 38192 48 607670
276 24810 29850 119 212102
277 24822 25702 58 20150
278 24943 39463 96 859682
279 25224 27384 67 126238
280 25272 25590 49 3918
281 25322 40194 7 22861
282 25543 43415 107 445262
283 25596 39407 124 415271
284 25625 42405 52 247085
285 25646 27242 46 24021
286 25896 34683 93 442529
287 25993 36513 64 284326
288 26052 33105 26 35630
289 26154 28345 74 108641
290 26244 30195 59 407918
291 26396 35184 140 267233
292 26410 34099 4 14725
293 26488 26571 23 2182
294 26759 33870 99 133576
295 26801 29023 5 2571
296 27120 41615 36 194640
297 27122 27381 33 1380
298 27170 27898 19 7063
299 27181 35137 96 371377
300 27321 28210 41 23688
301 27364 32881 8 17081
302 27529 27872 44 10044
303 27554 37883 96 923851
304 27741 37510 74 209910
305 27803 43277 95 292232
306 27829 31939 55 81763
307 27894 32413 109 455292
308 28074 42496 48 190724
309 28080 46791 11 60604
310 28120 28226 9 1023
311 28133 52400 69 667437
312 28300 28568 145 34911
313 28707 62980 12 149883
314 28782 32049 11 25739
315 28917 47507 7 70526
316 29070 32702 49 99525
317 29073 67647 109 2772590
318 29155 44641 91 719000
319 29192 38568 130 351752
320 29193 44285 124 197884
321 29358 33885 21 43614
322 29539 29547 16 104
323 29692 61929 81 1684364
324 30125 31993 9 10674
325 30241 33506 123 68092
326 30331 32429 19 21227
327 30474 57401 107 1514514
328 30514 48286 14 120881
329 30522 35532 140 166613
330 30535 64246 20 84475
331 30565 35981 131 416076
332 30566 39031 62 227858
333 30598 33406 12 30072
334 30628 45322 40 275175
335 30881 31099 5 1746
336 30888 34258 16 18768
337 30903 31207 11 1350
338 31025 39896 108 348009
339 31043 37658 55 105330
340 31198 31562 7 5304
341 31294 31489 13 993
342 31307 31338 62 2890
343 31362 37389 24 36589
344 31542 33738 19 9307
345 31692 41141 23 87239
346 31840 35501 104 252613
347 31911 73074 117 2756712
348 32140 39429 131 1614061
349 32336 32548 90 7508
350 32423 39523 21 56466
351 32593 45499 23 135776
352 32633 33427 12 9417
353 32636 49392 68 462683
354 32890 33923 99 85507
355 32918 37169 108 464185
356 33031 36857 21 40196
357 33074 48992 57 434253
358 33164 48731 92 452611
359 33245 41509 56 239320
360 33299 38811 47 94752
361 33303 37450 16 41242
362 33442 44172 16 60150
363 33457 39682 129 316069
364 33473 48282 38 170937
365 33493 43217 57 324385
366 33496 41595 52 211942
367 33497 34396 24 20063
368 33505 35274 72 23702
369 33697 34138 98 13429
370 33717 40243 32 69349
371 33780 35336 35 19868
372 34103 50333 45 376355
373 34139 34412 75 25896
374 34291 37901 98 161231
375 34315 57117 82 399134
376 34352 37491 21 31266
377 34374 67946 42 921252
378 34438 35659 10 6012
379 34442 44202 113 567007
380 34641 50055 66 208633
381 34654 69192 82 868631
382 34785 39678 66 160982
383 34802 37535 7 3468
384 34908 35244 77 8157
385 34966 46315 47 95852
386 34975 42158 52 67591
387 34996 41413 70 129894
388 34997 35233 15 2926
389 35113 35942 16 13098
390 35140 36331 85 77258
391 35151 73729 4 90273
392 35155 39972 4 8016
393 35220 39257 65 164709
394 35277 40113 28 66613
395 35333 46353 128 602923
396 35408 43156 68 91930
397 35420 43022 15 87461
398 35620 44766 63 187323
399 35749 37372 39 18315
400 35933 48520 14 78815
401 35950 40053 91 108521
402 35989 41667 29 38103
403 36092 53919 65 390978
404 36226 46302 79 275558
405 36252 44057 4 6909
406 36276 46822 34 239755
407 36277 50223 5 35094
408 36314 42026 9 13065
409 36344 55010 26 148312
410 36573 59755 132 883530
411 36678 39456 40 53551
412 36853 47076 47 81026
413 36876 43055 13 21203
414 36939 39903 35 80690
415 37081 42188 73 104939
416 37199 56382 79 678870
417 37250 41283 36 56488
418 37310 48143 140 277119
419 37348 39744 70 55601
420 37384 38804 125 108120
421 37490 37851 146 59997
422 37819 46086 43 152059
423 37889 41775 112 435570
424 37914 38649 4 1331
425 37928 41208 11 15167
426 38111 38355 38 4954
427 38276 71275 5 24981
428 38290 38482 11 1015
429 38350 49138 124 329731
430 38461 51436 18 184792
431 38582 47923 80 175638
432 38771 39897 6 2418
433 38946 39888 113 49672
434 39030 46275 119 162438
435 39093 41443 49 48041
436 39186 41106 16 7820
437 39210 42034 40 109143
438 39222 45792 20 43765
439 39420 57767 4 13620
440 39439 43208 71 141634
441 39546 43338 34 82315
442 39607 47326 82 248915
443 39709 59503 116 3600723
444 39719 44398 29 100083
445 39755 62406 144 981710
446 39807 48392 4 15218
447 39892 51995 41 113820
448 39983 40388 90 13755
449 40056 73166 6 131789
450 40195 49362 10 19458
451 40449 45122 49 88612
452 40539 47397 8 26208
453 40607 44165 101 108431
454 40886 41425 25 9642
455 41045 57760 87 310508
456 41093 41410 5 3197
457 41097 41215 10 863
458 41171 45379 57 106282
459 41209 42559 128 208581
460 41211 45383 9 21897
461 41231 43274 83 56665
462 41297 48384 15 35424
463 41327 44448 40 59146
464 41375 41946 31 12109
465 41397 46803 147 274623
466 41450 58673 106 652436
467 41660 46387 32 62054
468 41691 49732 76 286273
469 41754 52491 65 487356
470 41807 47179 142 207644
471 41888 48014 97 448836
472 41963 52283 46 204901
473 42093 53052 86 304231
474 42147 47447 63 183604
475 42285 46146 69 105476
476 42442 54145 144 795736
477 42571 44126 8 8316
478 42615 63035 35 712287
479 42646 51526 35 146659
480 42781 64019 92 881681
481 42924 43556 57 14487
482 43196 65030 5 16459
483 43240 47427 20 16743
484 43333 52140 145 331627
485 43389 54047 36 467637
486 43457 66001 89 413918
487 43698 64058 19 112988
488 43718 47122 131 66000
489 43883 50165 25 53023
490 44223 44370 55 2376
491 44336 48669 63 143840
492 44361 52856 105 501486
493 44500 56937 10 68482
494 44610 52565 123 281982
495 44618 50496 12 27557
496 44622 46121 11 9466
497 44939 45574 7 3058
498 44982 50162 37 118320
499 45137 59297 97 282145
500 45147 50247 125 261303
501 45156 51059 101 162601
502 45306 70039 10 29856
503 45337 59749 127 256220
504 45396 55216 25 77362
505 45427 61781 60 320577
506 45561 62551 46 304994
507 45656 46111 120 14817
508 45814 49400 123 116530
509 46056 61083 120 800102
510 46082 54035 15 21266
511 46089 49134 44 112257
512 46100 46348 125 11575
513 46109 47742 96 33699
514 46118 52145 17 86191
515 46281 47950 15 5511
516 46376 69172 38 346069
517 46478 46891 45 16199
518 46504 73127 40 780418
519 46505 51621 84 257632
520 46510 47996 117 43967
521 46581 50942 37 183611
522 46607 54975 45 385872
523 46871 71062 122 1058381
524 46914 49645 62 91022
525 46976 47894 19 20066
526 47014 48854 50 83952
527 47096 62633 41 256828
528 47136 48664 103 96769
529 47173 55682 118 139891
530 47204 68916 43 350598
531 47269 48633 23 20084
532 47303 55745 140 600124
533 47360 54316 117 594638
534 47479 59640 56 321626
535 47780 81630 42 586603
536 47928 75027 61 201032
537 47972 51099 11 13470
538 48087 48982 37 33609
539 48102 67805 42 101615
540 48458 53547 7 36036
541 48467 65552 124 2067709
542 48717 72932 19 733395
543 48858 49752 89 57479
544 49048 66939 133 466481
545 49086 59165 98 140159
546 49111 58718 126 361007
547 49161 57792 138 696155
548 49169 74519 41 616466
549 49266 50604 104 40989
550 49278 50166 55 26748
551 49340 68597 14 67391
552 49550 58090 4 22555
553 49773 57022 32 33260
554 49829 67458 91 257483
555 49925 57869 75 186487
556 50046 53600 122 159213
557 50070 61038 69 202385
558 50121 54964 33 187087
559 50319 50691 74 8299
560 50387 52573 26 14409
561 50410 51720 98 44285
562 50433 60398 7 13294
563 50500 51722 25 14967
564 50624 92280 143 2944817
565 50733 51215 81 40699
566 50894 59761 124 1185480
567 50918 68542 35 244880
568 50929 55485 141 316755
569 50997 53729 123 85113
570 51026 53732 10 13875
571 51051 55822 38 49817
572 51116 62441 20 95352
573 51166 56296 22 17134
574 51180 52584 89 81321
575 51207 69018 25 768662
576 51211 78562 18 110058
577 51272 54870 23 77359
578 51292 55732 76 60056
579 51440 53778 80 183842
580 51452 52319 7 5267
581 51473 52969 15 16061
582 51557 59838 31 161082
583 51623 55360 67 60332
584 51652 67292 39 175667
585 51730 67150 91 1175830
586 51845 57980 16 91376
587 51889 60835 46 133366
588 51950 55672 52 64209
589 51972 53765 64 62679
590 52046 70482 149 1669026
591 52154 65324 56 581236
592 52393 56639 72 68324
593 52398 52745 112 14529
594 52470 57182 30 59686
595 52680 56361 138 134294
596 52682 86418 130 1338141
597 52717 65703 107 1301477
598 52739 52943 67 4575
599 52833 54488 59 19251
600 52913 63175 32 161459
601 52965 55763 13 14217
602 53020 57037 149 352332
603 53216 66822 103 669158
604 53463 57606 67 107051
605 53529 91138 13 287413
606 53544 55857 20 41330
607 53670 78101 69 389349
608 53806 60152 45 239319
609 53851 59137 137 289020
610 53920 61886 97 400634
611 53986 64227 98 636591
612 54034 54101 4 1341
613 54043 62815 86 168878
614 54161 59290 68 128238
615 54222 56075 12 4887
616 54247 56526 42 107424
617 54262 57951 66 383065
618 54375 61402 8 40125
619 54419 68814 4 7948
620 54462 55134 15 8280
621 54704 55359 148 37877
622 54745 63067 15 47086
623 54763 59664 74 84417
624 54782 67809 130 309607
625 54809 84710 40 473115
626 55028 57330 44 45983
627 55047 59620 35 143930
628 55072 61419 103 404725
629 55151 56949 57 69118
630 55231 58811 144 316368
631 55304 55826 65 20455
632 55511 56844 65 35332
633 55512 74095 105 599793
634 55609 85640 37 811447
635 55718 57043 15 7966
636 55989 61301 40 36728
637 56110 69224 64 677176
638 56193 61092 31 64674
639 56201 59643 18 41597
640 56277 61547 60 633780
641 56412 57728 149 176400
642 56481 62468 10 21729
643 56530 63180 18 44833
644 56762 97154 93 2860779
645 56821 58106 82 34489
646 56903 67562 14 47164
647 56984 59469 12 22169
648 56985 64518 5 13506
649 57053 60089 73 109549
650 57110 70620 97 184770
651 57211 63090 8 47018
652 57226 68861 61 194990
653 57234 60819 47 88273
654 57262 75532 10 54859
655 57536 60985 44 95754
656 57548 63906 99 317423
657 57586 59199 54 34959
658 57798 66807 13 76058
659 57901 58065 145 21105
660 57931 58900 5 2907
661 58111 60165 40 35746
662 58204 60998 55 55428
663 58274 70540 18 229455
664 58340 76713 41 286875
665 58403 59029 26 8904
666 58439 68271 5 9977
667 58476 80970 12 58564
668 58686 58711 71 1124
669 58753 65986 24 127085
670 58776 89684 109 1914172
671 58864 74407 13 88305
672 59088 67482 4 11681
673 59130 61587 12 28586
674 59177 79524 58 165168
675 59231 67908 121 518937
676 59439 62070 128 200710
677 59511 78271 23 438516
678 59602 75900 90 294187
679 59622 62956 115 268273
680 59758 74460 41 313018
681 59822 71613 18 113324
682 59942 71494 64 375589
683 60047 79611 126 450177
684 60063 66000 26 87487
685 60351 63496 116 164703
686 60461 69670 26 122045
687 60723 65851 28 51776
688 60853 76058 31 284223
689 61131 73323 120 1192945
690 61135 81847 33 225412
691 61573 65693 63 76945
692 61669 62664 14 6435
693 61853 72476 32 88575
694 61982 74914 102 861324
695 62042 62549 5 2894
696 62291 65372 29 32897
697 62311 69862 75 437270
698 62493 62666 72 5904
699 62665 66640 11 43207
700 62837 68309 53 52453
701 62847 76979 125 469673
702 63161 64208 33 29779
703 63220 71212 33 169626
704 63428 66965 147 209685
705 63491 66351 104 49609
706 63507 64132 93 12273
707 63513 63827 7 1099
708 63743 64492 13 5505
709 63768 67018 128 90445
710 63900 66792 138 243724
711 63979 76145 119 330645
712 63991 72010 47 88208
713 64045 70403 20 50076
714 64077 77717 18 117110
715 64414 66538 125 170737
716 64426 67159 23 33949
717 64476 75134 11 49882
718 64490 79747 49 888282
719 64547 80600 36 242385
720 64604 87507 49 431271
721 64761 76981 65 183745
722 64809 80202 13 194205
723 64810 66183 5 2173
724 64886 65009 87 8467
725 64960 65457 25 8674
726 65008 71309 57 52020
727 65234 70645 6 15150
728 65238 69428 10 16218
729 65353 75248 121 336877
730 65362 73001 46 187673
731 65370 68011 43 24659
732 65395 71215 10 20340
733 65466 86688 52 1175026
734 65596 73749 126 102818
735 65632 70096 110 309293
736 65821 82021 19 87876
737 65876 68516 139 142331
738 66057 76325 134 736683
739 66073 75202 123 142798
740 66113 83674 135 2390391
741 66163 74810 127 657286
742 66406 67661 130 52603
743 66466 71460 9 16414
744 66780 71861 100 81894
745 66919 81246 117 346496
746 67043 70839 126 338834
747 67090 68158 64 25929
748 67101 73122 10 25534
749 67189 76558 129 437712
750 67216 92522 11 85787
751 67348 70605 63 46540
752 67461 67913 89 14551
753 67496 71147 33 47374
754 67514 71243 88 202726
755 67853 86006 58 424452
756 68107 75453 61 79746
757 68138 81644 47 179337
758 68149 90458 53 1254180
759 68206 78264 6 34310
760 68313 69198 42 17445
761 68430 77117 29 146714
762 68435 71631 90 102024
763 68607 71158 95 279974
764 68647 73045 75 179029
765 68685 77413 146 204855
766 68842 69225 41 11183
767 68848 87154 18 115330
768 68870 75601 39 64916
769 69025 73453 108 394214
770 69089 71707 46 75522
771 69130 88928 47 222269
772 69183 83269 6 44147
773 69250 95017 15 158206
774 69307 81859 6 77981
775 69347 69398 89 2484
776 69360 80270 53 173529
777 69514 73124 135 168383
778 69679 71202 55 43857
779 69853 71919 14 11486
780 70066 71968 136 42471
781 70252 71373 42 57200
782 70423 72792 70 199406
783 70623 74157 4 2930
784 70636 70738 99 7333
785 70780 71029 79 15209
786 70928 72128 40 7612
787 71006 74418 142 566302
788 71020 82207 12 43975
789 71038 77842 104 309824
790 71058 84122 108 671258
791 71186 83162 86 155985
792 71312 72570 22 12561
793 71331 79748 68 127488
794 71372 73479 29 29711
795 71472 81404 31 66660
796 71514 77898 31 84800
797 71558 78046 48 99936
798 71597 76009 5 14054
799 71836 89692 18 200352
800 71901 73730 143 114288
801 72127 78327 120 207297
802 72212 73578 84 43119
803 72301 86447 47 339616
804 72336 77716 20 56918
805 72371 74164 57 48145
806 72376 91915 41 406651
807 72392 73910 68 46974
808 72421 81550 75 301350
809 72422 84495 23 155136
810 72529 72973 51 19644
811 72860 76637 24 30300
812 72930 80436 92 139784
813 72979 88198 14 99747
814 73168 78559 101 286678
815 73199 81153 6 28376
816 73204 89634 60 380768
817 73315 80781 40 199434
818 73336 78916 8 28271
819 73553 74529 22 16069
820 73626 77446 8 11807
821 73675 98184 109 2741722
822 73835 95434 31 94188
823 73851 77024 8 5493
824 73917 89250 61 393964
825 74424 78607 101 235707
826 74443 83286 71 213835
827 74524 87941 5 32153
828 74542 96158 73 1699892
829 74585 83683 22 35437
830 74786 76125 30 69905
831 74879 79378 25 30134
832 75019 78500 48 204336
833 75028 75419 112 13692
834 75080 77394 36 40791
835 75098 77996 86 131921
836 75467 78459 106 231937
837 75475 84443 60 436041
838 75487 79835 17 29713
839 75524 86010 32 63068
840 75611 75694 136 6315
841 75643 80663 73 171575
842 75684 81905 103 167305
843 75725 77862 40 56591
844 75731 84314 144 508896
845 75889 79092 29 39341
846 75897 95761 26 115829
847 75923 79425 16 24245
848 75928 79826 5 8931
849 76247 81842 124 278035
850 76334 87327 43 109256
851 76530 97452 24 156151
852 76613 80702 42 97864
853 76851 82258 76 162260
854 76913 78374 117 116922
855 77017 79424 39 36031
856 77049 81092 17 25581
857 77269 81057 26 25086
858 77275 84875 46 352423
859 77503 93598 108 914506
860 77574 80148 19 43801
861 77867 80717 70 114431
862 78132 95102 18 164157
863 78199 78842 30 3099
864 78369 85039 6 43594
865 78373 80661 71 115351
866 78396 84692 47 175289
867 78420 84606 9 22094
868 78478 79544 35 32964
869 78631 79332 22 5435
870 78693 80060 22 20849
871 78761 95255 12 317950
872 78819 79172 47 10258
873 78967 79189 49 6122
874 79487 86305 7 22195
875 79636 85268 116 301629
876 79662 83727 55 148093
877 79779 83094 110 182669
878 79823 98212 131 1555663
879 79829 80747 82 42128
880 79928 88126 113 221826
881 79999 82777 10 18644
882 80107 83876 67 76515
883 80327 86112 27 80931
884 80408 91753 15 121256
885 80503 88753 46 234481
886 80644 82229 24 17383
887 80925 87927 6 20943
888 80957 84133 90 109259
889 81189 83363 133 109343
890 81230 83907 37 62970
891 81589 86314 88 133432
892 81677 91875 5 28933
893 81801 86751 52 128113
894 81892 84805 38 32127
895 81970 83011 12 10279
896 82004 82941 57 43057
897 82032 97390 139 640970
898 82089 85879 120 523011
899 82266 90188 20 101865
900 82306 85089 125 135500
901 82341 87864 30 26653
902 82431 85903 110 100394
903 82524 96657 9 56305
904 82567 84749 137 66745
905 82665 85680 116 145018
906 82751 90787 24 39145
907 82880 89438 14 58976
908 82890 83884 68 34710
909 82988 87115 33 45688
910 83024 83856 5 6450
911 83070 89284 43 103646
912 83280 91469 82 285913
913 83326 84673 20 12062
914 83356 90216 144 537958
915 83624 85872 12 12295
916 83874 84836 38 18229
917 83979 96173 66 250106
918 83985 85410 98 22004
919 84110 96721 11 40051
920 84511 85504 27 4754
921 84994 86959 28 54253
922 85171 87409 7 5868
923 85218 96415 104 588921
924 85239 99092 8 145889
925 85415 95382 20 40346
926 85491 88837 29 54545
927 85523 87527 39 31836
928 85634 95330 7 24648
929 85963 86515 6 2397
930 85984 86799 6 1446
931 86304 98965 135 678666
932 86306 86650 99 25655
933 86338 90106 46 91246
934 86367 98281 5 30244
935 86437 90809 68 115611
936 86440 95154 144 628794
937 86486 87184 19 10769
938 86554 94907 11 68248
939 86681 89041 6 3904
940 86740 89148 118 30421
941 86758 90025 53 36725
942 86771 93465 132 314330
943 87283 89717 18 23356
944 87598 88346 67 27130
945 87967 92754 80 219134
946 88128 99764 123 630704
947 88169 94947 6 21904
948 88190 90186 17 9750
949 88443 89455 101 101243
950 88617 96520 40 179994
951 88636 99731 111 526806
952 88680 89625 14 8810
953 88805 96925 8 14464
954 89079 99125 11 40495
955 89387 90643 5 5864
956 89673 99239 32 461186
957 89737 90667 142 90297
958 89952 93490 64 69612
959 89999 92625 101 106566
960 90008 96014 146 604927
961 90035 91311 120 46660
962 90151 92332 91 135636
963 90167 90762 19 1646
964 90191 96575 35 83040
965 90250 97591 125 730628
966 90255 92779 16 16790
967 90632 92939 98 225364
968 90664 97202 28 115126
969 91166 93799 107 102940
970 91244 92815 64 28761
971 91526 92521 16 21886
972 91639 94575 8 11673
973 92704 93538 136 18415
974 93226 96678 130 126644
975 93370 96366 93 128805
976 93411 94909 19 7072
977 93896 95813 31 54332
978 94154 96404 94 42783
979 94231 98399 119 139305
980 94374 99878 66 141507
981 94488 98626 111 105478
982 94532 94594 12 362
983 94657 98393 48 133163
984 94914 98942 8 11562
985 95028 99527 48 88915
986 95371 99898 79 143965
987 95374 98078 44 34424
988 95402 96544 108 27650
989 96510 98355 72 43536
990 96526 99150 7 3005
991 96565 97098 72 11388
992 96614 96768 140 4291
993 96692 96957 20 2308
994 96966 99740 35 45838
995 97230 98219 102 39155
996 97251 97959 132 90952
997 97657 99047 15 12334
998 98034 98613 57 26006
999 98570 99305 109 53237
