50 1000 0.063
...#..#.................#.........................
..##..#.................#........#..###...........
...##.#................#.........#..#.#...........
......##.#.......................#..#.#.......#...
....#..#.#.......##.............#.................
...###.........#.##..............#................
.....#............................................
.....#...........................#................
..###............................###..............
....##..............#............#................
...###..........#..##.......#....#..##.###....###.
...##.#.....................#........#.##....#.#.#
#.....#.###.....................#.#......#.#.##..#
.#....#....................######......#.#.##..###
.##......####...............##..#......#...#...#..
.#........#....##............##......##.##........
...............#.....#........###.....#.#.#.......
...........#...##..............##...##............
...........#.........##...........................
##.........#.........#...##.........##........###.
#........#.................................#......
.......###................................##.....#
..............................................#..#
..................##.........................##...
.........#......#.#.....####................##....
...#...#.##.....#..........#...........##...#....#
...#..##......#.##.................#.............#
...###...#.....##....#.##.......................##
.....#..............##...#........#.....##........
....##.###...........#............#...............
.............##..#...................#............
......#.......####..................##..........#.
#.......##......##..............................#.
##...##..........#.....................##.........
##....#....##....#........#.............#.##......
............#.....#.....................#.#.......
....#.............................................
...........#....................#...............##
...........###.................###...............#
#.........#......###.............#...............#
###.....###..#.....####....#..#.............#.....
..#..........#......#.........#.##.#........#.....
.....................####..........#..............
.....................###.#.........###............
.#..#.....#.........###.##....##.....#.###....##..
....##....##........#.........####...#..##......#.
..........##........###........####...............
#.............#......#..........###....##.......#.
.......#......#.......#.....##..................##
#..........##........##......#....................
0 22 94 110 16315
1 97 8346 9 19705
2 143 21082 37 232052
3 148 3361 131 597360
4 396 2634 7 8861
5 587 12780 70 705274
6 589 19619 59 112166
7 675 10817 149 512607
8 782 3408 19 38368
9 784 2317 132 77123
10 854 5853 41 66745
11 895 1374 61 7925
12 1083 16955 9 109848
13 1209 2545 50 11753
14 1241 10427 34 151265
15 1264 22540 47 353457
16 1308 3409 109 54710
17 1339 9389 106 113491
18 1371 2969 9 7735
19 1418 7707 31 64042
20 1626 5580 31 123428
21 1710 6999 22 110187
22 1720 8038 64 76225
23 1730 5304 110 127871
24 1743 8902 66 255509
25 1800 13056 117 609247
26 2034 3669 12 6067
27 2363 5450 9 8615
28 2382 12253 144 588540
29 2590 9929 74 141271
30 2594 13484 6 79510
31 2615 10449 137 1286809
32 2667 35251 85 229214
33 2680 5079 123 130009
34 2831 31818 148 1219395
35 2860 10092 37 61833
36 2995 25754 149 1897128
37 3062 8073 38 45433
38 3063 6188 95 213778
39 3065 16646 7 23491
40 3072 8151 26 22976
41 3334 6889 60 51973
42 3397 4194 37 35093
43 3502 5843 84 83572
44 3508 12782 38 436087
45 3692 18970 100 669921
46 4089 5267 39 59933
47 4134 8776 37 68672
48 4138 10711 117 778674
49 4308 5441 8 2111
50 4490 13450 80 292309
51 4603 19090 32 199433
52 4636 8996 25 48870
53 4638 9779 69 54038
54 4656 6449 89 24857
55 4686 17229 40 290302
56 4799 7831 48 53857
57 4920 19532 14 44773
58 4999 7725 30 21711
59 5020 66148 7 171552
60 5165 20676 78 635843
61 5209 8200 33 29924
62 5342 7716 5 4588
63 5400 9895 123 297048
64 5422 5619 102 9478
65 5460 12171 66 146543
66 5514 10934 7 7182
67 5669 8723 84 160175
68 5730 7931 138 138988
69 5736 6831 142 46710
70 5807 15915 20 61042
71 5821 9055 15 32438
72 5940 6033 94 7170
73 5946 8746 10 23107
74 6030 11420 28 34049
75 6264 9452 46 128188
76 6360 10972 61 150618
77 6397 17204 35 152951
78 6609 28742 115 1708596
79 6689 12874 30 100863
80 6730 21094 126 521404
81 6798 10523 106 467754
82 7100 14985 12 10100
83 7323 18109 133 620557
84 7351 12141 129 506085
85 7373 11511 16 41194
86 7455 27484 49 708962
87 7519 13210 27 25639
88 7570 8000 62 18427
89 7615 19651 56 680022
90 7634 21911 132 1094090
91 7654 33282 11 86267
92 7796 8420 117 58627
93 7916 9043 6 2903
94 8037 35347 149 1522666
95 8075 13782 24 64802
96 8145 15294 75 255720
97 8167 21420 8 31268
98 8454 9328 24 14814
99 8818 59341 24 414333
100 8890 13531 126 284712
101 8956 9693 128 42897
102 9184 18156 113 576567
103 9190 21619 7 30499
104 9232 10139 149 46237
105 9258 15302 18 34168
106 9303 39507 66 1063114
107 9307 20703 73 727821
108 9337 10864 27 18524
109 9422 23274 5 38692
110 9458 19996 19 77844
111 9500 27324 18 217706
112 9561 10014 42 23470
113 9566 26447 48 350582
114 9638 30477 13 64061
115 9770 14501 107 192101
116 9840 15937 60 135678
117 10124 14977 105 431622
118 10180 13667 65 72213
119 10240 11790 6 2536
120 10292 38399 9 121466
121 10327 12829 43 99240
122 10681 15908 17 19741
123 10782 10968 116 8013
124 10810 13913 7 26784
125 10888 16399 44 78980
126 11058 11892 8 1054
127 11243 18682 28 42251
128 11297 13860 24 29767
129 11330 14352 109 153656
130 11466 15993 64 188304
131 11658 12604 67 29804
132 11794 12645 17 14315
133 11918 21449 29 107847
134 12364 17650 84 139273
135 12370 18671 110 154309
136 12384 17940 38 70930
137 12609 14728 146 187192
138 12647 12693 120 6324
139 12678 14866 14 12270
140 12743 16301 10 23897
141 12823 20889 120 464241
142 12849 19851 14 65277
143 13043 24414 42 195843
144 13113 35380 144 2246287
145 13357 22175 112 246353
146 13382 14325 88 34419
147 13394 22927 127 447216
148 13407 15066 5 3820
149 13425 15378 34 20546
150 13536 26709 120 624426
151 13537 14445 10 7044
152 13563 18042 70 172428
153 13584 24331 39 142827
154 13633 17398 88 186658
155 13719 19810 11 9040
156 13776 17704 150 595979
157 14063 17512 81 202736
158 14086 28582 41 218801
159 14396 15699 10 6460
160 14525 18084 49 44963
161 14614 18950 62 115550
162 14681 26926 85 608669
163 14760 16428 37 23883
164 14787 26720 41 706993
165 14971 26887 17 78752
166 15055 31782 18 105964
167 15091 32263 64 815924
168 15381 23412 138 641124
169 15416 16953 114 79933
170 15449 26806 6 43157
171 15486 17849 59 86820
172 15512 21020 5 14785
173 15598 48258 51 886399
174 15789 17736 52 28837
175 15796 21673 74 124533
176 15825 15892 104 4854
177 15861 27431 99 392905
178 15938 22730 13 34548
179 16049 17744 121 64293
180 16148 25605 136 1049897
181 16326 41782 111 1957724
182 16390 23008 39 125927
183 16443 27340 19 59431
184 16717 22697 58 62631
185 16888 19698 5 4359
186 16890 21153 28 70258
187 16942 18689 23 36035
188 17034 17191 5 691
189 17081 17177 8 266
190 17288 28176 114 369920
191 17348 24184 70 136855
192 17433 29935 102 865419
193 17822 18541 132 42922
194 17837 28842 21 189717
195 17854 22088 56 99107
196 17864 18809 48 58154
197 17881 25471 51 214241
198 17917 22250 65 209046
199 18421 29104 63 428978
200 18433 29025 18 64399
201 18482 22534 61 151650
202 18611 38664 26 255185
203 18618 26819 24 145677
204 18620 27709 93 205312
205 18650 25430 8 22391
206 18705 19124 75 17660
207 18812 20665 140 95670
208 18952 19796 122 47380
209 19031 60787 62 601014
210 19259 47522 8 195740
211 19307 19398 98 1515
212 19332 19633 78 19365
213 19563 20938 34 20125
214 19638 27265 18 51917
215 19644 35206 27 102053
216 19734 31741 89 484167
217 19762 32670 42 205058
218 19763 20741 28 9741
219 19876 21553 15 18043
220 19879 25694 52 121727
221 19975 20586 122 51147
222 20146 23305 22 32556
223 20168 22156 37 40099
224 20172 21931 9 5459
225 20258 30563 65 263512
226 20344 39793 41 302141
227 20375 22579 69 53640
228 20499 36774 72 895694
229 20626 24391 37 63135
230 20794 23661 10 14609
231 20850 23080 9 5776
232 20877 22836 58 45730
233 20972 26620 87 274142
234 21084 21607 30 9074
235 21100 33956 18 127888
236 21132 22470 37 22385
237 21247 27166 19 68314
238 21270 27113 94 85786
239 21285 54911 26 230527
240 21569 41410 132 679771
241 21644 55212 30 180162
242 21849 26753 72 183945
243 21893 23226 14 5701
244 21942 48405 93 702858
245 21955 24061 148 74837
246 21969 24487 24 41105
247 22181 44407 86 492525
248 22291 43969 26 316237
249 22609 40344 90 160397
250 22633 24171 11 6357
251 22643 26412 57 146607
252 22883 24629 133 239114
253 22997 24664 45 39306
254 23128 29757 16 26956
255 23184 26577 117 264324
256 23475 42275 17 248508
257 23499 30490 26 114551
258 23559 26144 13 7928
259 23763 38846 46 358549
260 23817 32722 63 425912
261 23870 26679 92 115604
262 23942 25258 41 21709
263 23975 25802 78 90496
264 23983 24265 77 6137
265 24090 34078 90 357199
266 24125 45684 7 40327
267 24231 28483 49 355178
268 24315 31361 99 581886
269 24443 31777 79 113981
270 24459 25437 99 87013
271 24541 28317 25 36536
272 24546 27591 10 11914
273 24579 44519 20 203853
274 24759 25846 44 14845
275 24817 37832 8 89965
276 24864 38412 148 1051927
277 24872 24995 18 1435
278 24925 40898 104 606584
279 25047 28649 63 46544
280 25130 78221 113 1361843
281 25158 83666 4 57126
282 25194 38025 38 77080
283 25488 32870 6 28122
284 25632 28983 37 63462
285 25696 35523 21 124352
286 25837 33721 32 159184
287 26093 68928 30 1715260
288 26176 30220 19 29956
289 26256 28018 142 108436
290 26330 38235 89 356884
291 26382 41201 94 605298
292 26401 31764 109 409740
293 26416 34364 141 599953
294 26510 28042 149 79610
295 26659 30755 84 89938
296 26868 46602 10 42665
297 26955 31416 54 84960
298 27028 31524 12 15288
299 27033 34585 105 694995
300 27243 29011 10 5820
301 27250 41165 122 392641
302 27330 38515 49 518601
303 27381 29787 57 26362
304 27467 33603 96 395538
305 27528 34293 31 66944
306 27659 29713 20 20807
307 27744 31729 26 67447
308 28160 36623 78 548088
309 28436 33333 103 237612
310 28624 32043 72 121010
311 28697 30873 23 14362
312 28879 49828 19 209449
313 28887 37250 9 64048
314 29045 33369 85 130638
315 29250 31453 138 137388
316 29270 34549 29 16605
317 29286 39195 22 438283
318 29442 40170 122 256490
319 29446 33003 92 157435
320 29496 36849 31 153135
321 29564 32835 36 66386
322 29566 34079 122 256377
323 29598 37116 21 46206
324 29616 30286 98 30343
325 29694 32610 100 86227
326 29722 33830 34 171254
327 29723 44314 10 30409
328 29758 33246 11 17415
329 29876 58283 19 145767
330 30389 48639 5 45480
331 30397 32972 134 99131
332 30419 42590 135 931404
333 30504 36476 145 390359
334 30560 33148 34 16403
335 30678 36577 37 206807
336 30802 49927 14 55325
337 30847 46895 8 25625
338 30951 42477 22 23070
339 30981 55380 141 768261
340 30985 32521 49 31606
341 31052 41170 130 303841
342 31241 33899 61 73319
343 31378 45874 72 354778
344 31402 82461 45 1669633
345 31424 37526 71 283864
346 31550 42623 22 37517
347 31759 39066 39 218877
348 31773 36879 22 24195
349 31826 34542 59 178322
350 31908 33395 16 6619
351 31937 33109 10 7999
352 32064 49407 32 237202
353 32279 32313 13 190
354 32471 39961 122 146394
355 32524 49821 53 349983
356 32556 34326 91 94218
357 32598 41400 90 182871
358 32706 37118 85 252602
359 32752 34723 37 31111
360 32844 32984 44 5250
361 32939 40565 148 584552
362 33083 36089 11 11236
363 33114 46031 10 26048
364 33305 44297 120 795209
365 33842 35787 63 22606
366 33920 36644 4 8706
367 34000 35343 138 97572
368 34084 45327 43 206990
369 34230 40800 63 210188
370 34267 57719 118 546983
371 34358 34985 60 17414
372 34427 35689 130 82102
373 34449 45500 111 562765
374 34523 35308 48 10302
375 34526 37716 10 10991
376 34545 34756 46 6196
377 34725 59451 11 56095
378 34741 62599 16 227530
379 34854 38069 65 146481
380 34921 37332 149 142198
381 35080 40893 9 26644
382 35121 41160 72 164584
383 35170 48170 78 479318
384 35243 36664 63 18603
385 35439 41514 29 336963
386 35563 38267 103 146822
387 35610 38324 9 11834
388 35765 47894 62 231519
389 35864 50465 59 159842
390 35910 36104 72 9778
391 35918 54056 7 24987
392 35940 48893 14 43873
393 35993 38704 123 145344
394 36106 57706 57 244043
395 36290 37555 42 14797
396 36313 44474 49 333117
397 36468 55075 5 8872
398 36862 42821 128 331130
399 36893 55206 144 805738
400 37063 42702 33 105533
401 37131 55746 49 233273
402 37215 53508 10 118195
403 37220 49651 22 45623
404 37368 64304 6 37153
405 37432 41989 89 104398
406 37495 39656 29 34531
407 37496 46552 10 59682
408 37593 39861 117 35310
409 37750 43791 27 223268
410 37815 95883 32 778223
411 37841 39357 130 83625
412 37874 45802 86 791303
413 37928 38409 144 20182
414 38079 58151 147 2004355
415 38162 56454 149 1163152
416 38413 49572 137 1039501
417 38423 46477 44 320857
418 38477 50609 68 284749
419 38588 40291 16 6794
420 38629 40250 140 171772
421 38645 41118 6 4021
422 38726 40119 41 44843
423 38728 39218 57 12468
424 38853 39851 39 21382
425 38932 42580 87 99278
426 38984 46488 67 76934
427 39003 39439 13 1528
428 39073 77675 102 1876743
429 39390 45442 84 101238
430 39438 48885 7 20631
431 39504 50715 51 261421
432 39565 40765 63 23369
433 39701 46997 61 182781
434 39728 50853 45 175418
435 39747 42034 49 104238
436 39990 44652 5 4776
437 40016 51503 16 75425
438 40121 45004 102 96149
439 40248 94001 36 808428
440 40264 42682 87 55189
441 40322 51900 12 63078
442 40336 49692 119 166044
443 40393 48745 18 33862
444 40429 81434 143 1367807
445 40502 48874 99 225906
446 40536 56190 30 158669
447 40602 48046 37 111384
448 40657 41488 67 7063
449 40808 40818 25 327
450 40927 54356 7 27616
451 41081 49826 13 34935
452 41289 55392 24 117049
453 41341 63170 47 304581
454 41530 72706 46 727693
455 41547 55083 10 120662
456 41893 47674 8 11125
457 42227 88048 41 560828
458 42253 49038 130 125028
459 42301 56082 63 254336
460 42385 55620 65 423645
461 42567 49418 106 135998
462 42586 48669 118 235999
463 42684 58559 78 568313
464 42692 43304 99 21240
465 42851 43990 99 22765
466 42877 46428 7 4282
467 42971 60572 103 645495
468 43077 58655 18 89609
469 43128 51463 69 318648
470 43148 53529 6 18501
471 43176 47965 55 42457
472 43368 49477 37 173009
473 43430 54121 102 865762
474 43473 53307 118 438380
475 43560 49372 35 115618
476 43564 44423 8 4147
477 43636 44981 111 27816
478 43644 47452 85 87150
479 43833 60936 63 322602
480 43870 48096 6 21243
481 43881 48035 148 247383
482 43904 53101 51 142616
483 44021 46523 34 14045
484 44034 59077 14 42391
485 44049 59522 16 75789
486 44097 52579 108 328328
487 44117 47684 28 86048
488 44303 62741 59 274429
489 44520 50535 39 185636
490 44527 81195 67 1286950
491 44544 53203 61 347673
492 44552 51706 56 170035
493 44803 46129 122 93913
494 44838 46281 109 86096
495 44931 47634 8 8234
496 45025 53105 141 362664
497 45026 45199 47 8268
498 45168 52238 103 355499
499 45280 49558 41 96479
500 45305 53455 17 112852
501 45435 50162 73 59602
502 45438 48868 25 33446
503 45517 49286 92 153298
504 46143 52435 113 598642
505 46149 46872 110 44773
506 46162 59789 15 183092
507 46323 76559 19 124550
508 46329 46349 89 1818
509 46343 49625 63 69750
510 46498 46625 105 8010
511 46699 48239 56 26802
512 46731 78649 143 889305
513 46749 70443 95 725725
514 46816 55572 143 549166
515 46861 47485 62 45925
516 47031 54146 10 36110
517 47039 64575 23 122272
518 47111 66192 85 1642456
519 47150 66133 89 1143326
520 47152 53373 9 12228
521 47365 54505 5 24277
522 47533 51442 8 7943
523 47744 55612 75 397465
524 47750 58108 74 178654
525 47861 75640 36 394247
526 48056 52231 30 59855
527 48238 49448 12 5262
528 48263 54200 31 120162
529 48286 52307 106 93258
530 48308 56018 139 914108
531 48339 58224 27 17753
532 48438 56170 91 259341
533 48496 53984 138 969557
534 48513 51291 72 93832
535 48531 83176 88 1138270
536 48553 66875 4 133942
537 48585 53116 43 64097
538 48587 61490 20 422778
539 48665 51021 7 2440
540 48872 52694 126 347149
541 49140 49512 124 15332
542 49169 53624 21 35512
543 49366 86054 89 1756580
544 49398 60668 7 9018
545 49491 54601 8 9584
546 49722 60596 116 547452
547 49900 69808 62 180376
548 50021 50086 15 417
549 50025 50756 119 34394
550 50232 55424 7 7865
551 50287 54099 141 255088
552 50308 54005 47 163044
553 50532 51958 81 134367
554 50543 53496 71 44313
555 50654 58101 138 186799
556 50714 60974 8 37898
557 50771 51089 58 11183
558 50796 67857 56 321203
559 50807 55580 113 722236
560 50811 66645 46 97680
561 50870 94838 72 1208988
562 51063 59930 5 35374
563 51072 58186 149 191208
564 51247 63409 66 562451
565 51276 86252 89 3302302
566 51393 68101 63 646898
567 51432 56238 54 126324
568 51582 63198 87 637304
569 51862 56623 95 174096
570 52014 52572 44 14616
571 52212 55549 59 79461
572 52288 58331 11 27537
573 52409 59340 63 90776
574 52445 60228 46 122731
575 52656 53993 81 52929
576 52688 75753 76 966307
577 52763 53474 96 21440
578 52815 65842 17 113377
579 52877 53952 72 47316
580 52904 70956 8 29700
581 52906 64219 123 1243464
582 52910 65244 110 190598
583 52922 53761 66 62719
584 52977 55378 7 7735
585 52982 68635 78 1128349
586 53040 85895 75 309972
587 53094 54497 102 46210
588 53222 54338 37 23713
589 53238 55670 21 12111
590 53463 64058 120 849992
591 53557 89714 47 588463
592 53591 56558 45 57467
593 53686 64473 26 90083
594 53820 63960 130 572850
595 54129 64047 70 215463
596 54194 54466 15 3465
597 54413 57913 21 15412
598 54560 58669 15 18330
599 54588 58704 42 248700
600 54681 63084 105 481283
601 54684 55607 122 90503
602 54716 84940 56 953530
603 54822 66735 39 82853
604 54843 78286 92 311760
605 54866 55737 7 1497
606 54973 55255 16 3912
607 55010 55554 116 32917
608 55106 65047 109 505832
609 55196 56832 130 82793
610 55257 75741 10 37274
611 55325 66467 11 46575
612 55372 60364 74 64244
613 55506 72761 72 1344299
614 55684 72905 56 1007597
615 55744 60590 60 103852
616 55908 74206 56 300595
617 56110 63384 110 589808
618 56260 59058 47 42659
619 56304 85515 130 1520587
620 56310 57389 73 61456
621 56473 59990 28 25632
622 56561 58955 75 143996
623 56633 58990 26 30846
624 56887 57802 13 5430
625 57112 66842 67 261693
626 57206 58841 20 15436
627 57325 60068 116 148250
628 57365 60050 51 110239
629 57519 60858 119 165216
630 57536 60700 59 195442
631 57623 59073 67 48574
632 57670 97825 143 1931836
633 57689 59478 100 90151
634 57733 59880 145 163341
635 57754 64193 135 393336
636 57761 60641 111 142838
637 57794 59989 42 42098
638 57825 58072 97 13168
639 58025 58217 147 15828
640 58107 64566 29 25220
641 58181 68629 43 78851
642 58236 61512 137 280382
643 58264 63585 74 83721
644 58300 67823 56 373320
645 58566 58584 42 808
646 58575 73154 18 422436
647 58591 74715 69 348012
648 58609 60659 118 105849
649 59027 73190 17 103948
650 59071 63649 16 25148
651 59186 61819 27 73741
652 59389 59446 103 4055
653 59390 63276 147 122011
654 59495 68538 83 386675
655 59545 66016 33 191117
656 59556 63142 69 165835
657 59691 87960 25 670468
658 59724 61275 17 12751
659 59859 68440 38 222906
660 59896 74156 5 82851
661 59900 93021 44 937268
662 59906 66652 118 184300
663 59951 63266 7 8833
664 60119 60464 8 2249
665 60129 62858 29 22533
666 60206 62751 43 60006
667 60282 66889 94 195826
668 60316 70844 20 36318
669 60346 61134 133 47961
670 60544 63380 71 36979
671 60612 83370 122 1371722
672 60687 85042 100 739403
673 60720 97610 117 923221
674 60746 77296 17 110761
675 60979 75052 17 162734
676 61147 66283 93 106183
677 61306 68872 49 123926
678 61317 65267 121 292205
679 61362 64920 15 21294
680 61525 82941 142 1600173
681 61606 65227 84 447142
682 61610 61821 118 31926
683 61749 73638 22 114168
684 61946 70050 148 513053
685 61966 62289 33 11647
686 62195 71425 38 155537
687 62317 67877 16 40300
688 62395 69227 32 59470
689 62419 63068 9 2949
690 62543 78222 12 101323
691 62634 80913 8 136845
692 62691 78341 36 196100
693 62697 82440 58 541132
694 62699 65103 9 5126
695 62716 68449 56 156158
696 62972 66478 20 19344
697 63104 68144 48 165535
698 63123 65098 91 96750
699 63169 65725 18 5948
700 63349 70339 101 562681
701 63376 69795 45 67956
702 63387 68258 130 309208
703 63558 78814 134 1959406
704 63955 83227 7 31807
705 63971 69966 59 193344
706 64126 84706 121 459452
707 64183 66757 6 5373
708 64226 70478 14 42657
709 64251 92399 105 1837223
710 64319 64641 71 8103
711 64340 64759 27 2916
712 64541 78453 14 73344
713 64676 65162 142 16783
714 64871 68050 140 261116
715 64985 69375 7 9260
716 64994 66497 9 9347
717 65012 74444 26 207627
718 65077 65280 62 5421
719 65095 81912 99 109085
720 65136 70127 58 170190
721 65296 91985 76 741555
722 65433 78447 38 148532
723 65474 66814 146 180030
724 65570 67754 79 205445
725 65674 68384 102 149083
726 65793 72685 41 159400
727 65992 74315 5 26063
728 66233 95724 147 2470433
729 66235 75903 24 79825
730 66399 76711 83 388873
731 66411 80758 85 238396
732 66429 71865 30 50452
733 66556 67673 145 111417
734 66563 74460 117 211338
735 66617 74729 15 76486
736 66632 71867 73 146302
737 66677 75027 33 37109
738 66688 77754 22 26669
739 66782 67444 49 42293
740 66818 88811 35 259630
741 67019 78007 118 225400
742 67152 74542 46 225585
743 67159 72672 44 71647
744 67209 92138 88 628882
745 67249 78112 86 354741
746 67435 69117 35 17110
747 67467 75146 96 324523
748 67693 70366 70 119525
749 67899 74709 34 128499
750 68071 83806 37 342003
751 68160 73490 67 118193
752 68270 68409 13 898
753 68365 70416 24 24577
754 68438 68728 23 6359
755 68511 79534 57 192543
756 68865 70391 9 3837
757 68879 74512 31 35861
758 68974 73458 14 20637
759 69024 69895 104 49598
760 69054 89518 36 209600
761 69081 75996 9 25058
762 69112 85469 47 271978
763 69256 93490 11 166621
764 69262 71107 60 79280
765 69851 72028 49 22034
766 69863 86721 65 663740
767 69938 80865 30 77544
768 69941 74333 5 7889
769 70148 86908 97 603766
770 70262 73367 131 181063
771 70344 70590 114 16239
772 70455 72936 93 110455
773 70647 71849 53 28403
774 70805 78837 41 150836
775 70914 93660 79 902375
776 70941 93354 55 538290
777 70965 73625 134 330079
778 71314 74022 18 45719
779 71372 83810 82 819311
780 71405 83976 86 727394
781 71440 77131 99 164462
782 71526 91105 11 59333
783 71564 73501 120 109515
784 71639 73744 30 17304
785 71656 80762 31 126790
786 72067 77608 81 230956
787 72083 76070 4 4311
788 72199 77401 28 69108
789 72310 74768 107 136525
790 72311 77159 14 20804
791 72318 81141 94 119582
792 72378 86437 18 119156
793 72449 84511 53 360067
794 72579 76758 15 25575
795 72632 74996 122 208272
796 72784 76633 9 7741
797 73075 74414 18 9666
798 73157 74399 70 40731
799 73165 78482 120 555079
800 73238 77785 39 247550
801 73298 77716 44 112116
802 73334 77760 6 4613
803 73575 80965 15 79515
804 73621 80799 146 282650
805 73705 81042 4 20706
806 73747 76455 89 165972
807 73876 79957 5 7797
808 73879 81056 49 114462
809 73891 91094 95 284210
810 74084 81098 58 178550
811 74107 74717 14 5160
812 74154 94452 35 205646
813 74270 82111 31 53887
814 74326 81477 17 82231
815 74412 82850 46 99316
816 74473 81612 93 568734
817 74726 77800 92 105319
818 74788 90212 70 233310
819 74885 88903 21 355204
820 75018 89264 31 79391
821 75054 84254 8 14291
822 75113 75284 37 5197
823 75328 78444 55 47520
824 75614 82563 13 20057
825 75958 81694 71 160740
826 76013 84060 69 160494
827 76040 91988 99 321274
828 76108 76829 89 11026
829 76146 80622 99 437512
830 76158 82031 19 13343
831 76378 92983 80 296179
832 76391 80016 104 203070
833 76469 83634 9 43400
834 76625 81564 70 160250
835 76846 89043 65 272852
836 76885 83619 116 1138188
837 76887 79161 12 10296
838 77027 92808 32 148301
839 77174 81805 76 183426
840 77228 78669 116 123248
841 77318 83824 55 386976
842 77381 81880 31 59907
843 77463 99392 7 145461
844 77464 81106 5 22510
845 77543 83671 12 22763
846 77742 91300 4 40030
847 77858 80120 39 47278
848 77885 87712 32 68744
849 77889 89368 28 76992
850 77996 83815 32 40047
851 78046 80431 18 10416
852 78053 90231 73 227164
853 78078 89745 100 167952
854 78087 81150 104 91734
855 78184 79642 7 2886
856 78567 79876 21 13291
857 78813 84937 94 429774
858 78949 79968 85 23930
859 79206 87014 5 12603
860 79222 86457 70 142561
861 79487 89126 61 226067
862 79609 83873 26 114421
863 79621 80548 41 18817
864 79640 93006 25 76398
865 79813 90887 30 157115
866 79838 86298 4 26602
867 79920 82721 122 94546
868 80154 99838 38 1101378
869 80230 84022 17 33275
870 80349 93669 17 233960
871 80475 88441 23 30157
872 80522 82008 94 60287
873 80527 80820 23 7552
874 80717 95943 121 868297
875 80751 82117 87 68917
876 80882 85216 42 127184
877 80917 83207 76 161917
878 81088 81701 54 22769
879 81220 93396 69 212576
880 81463 83113 64 57369
881 81711 84542 85 115862
882 81850 84330 59 75682
883 81967 99112 58 261608
884 82000 83570 54 46775
885 82212 84033 53 65620
886 82224 88581 89 103861
887 82311 83451 139 155255
888 82427 85987 47 37249
889 82444 96745 9 84250
890 82466 93355 139 616037
891 82523 96387 142 1210824
892 82658 92031 10 52896
893 82862 96452 75 201351
894 82962 96204 100 341303
895 82971 90715 8 26981
896 83120 91831 14 35946
897 83141 88005 40 94416
898 83148 84887 99 161535
899 83231 86056 80 90685
900 83448 84920 6 5227
901 83528 88787 82 120416
902 83635 87795 29 51981
903 84041 89533 73 164835
904 84056 97906 15 49745
905 84120 89909 61 200516
906 84171 87422 132 84932
907 84328 88047 76 68516
908 84450 85726 123 144560
909 84534 96739 119 857240
910 84771 85391 20 8493
911 84889 85069 9 501
912 84909 89911 9 11172
913 85022 97754 65 221015
914 85064 90847 79 477154
915 85398 89376 38 106545
916 85491 87277 102 75143
917 85933 89177 7 7195
918 85944 88077 11 4720
919 85977 89728 65 109703
920 86068 90269 17 13249
921 86679 91048 120 285428
922 86826 88175 79 28735
923 86874 87536 16 4617
924 86893 92217 100 271887
925 86926 87451 78 16102
926 86942 91905 10 27738
927 87085 87100 16 62
928 87144 92995 81 353604
929 87442 90709 117 286793
930 87521 90559 66 61201
931 87524 88488 32 23693
932 87587 95251 141 531353
933 87702 91123 18 12872
934 87743 95403 67 304256
935 87966 91348 25 22177
936 88137 98342 77 224120
937 88562 90342 18 9547
938 88592 97874 114 273790
939 88685 92410 64 107475
940 88812 93179 21 54895
941 88919 97619 4 18628
942 89021 94046 24 49154
943 89109 93806 74 133799
944 89150 96489 49 99910
945 89167 99226 12 120743
946 89300 96536 141 583749
947 89664 93553 4 6075
948 90124 94471 6 6821
949 90222 90255 18 409
950 90276 94552 140 246275
951 90386 94709 87 88755
952 90440 92505 84 59073
953 90542 97838 133 899358
954 90597 92059 122 141764
955 90845 91288 39 6215
956 90873 91582 8 2272
957 91175 98944 53 310103
958 91354 95195 73 45623
959 91355 97017 134 461968
960 91379 96107 122 308390
961 91386 99236 58 101975
962 91415 98074 23 56706
963 91545 98328 87 361536
964 91715 92711 36 18679
965 91821 98985 74 254355
966 92395 95350 70 61428
967 92400 99604 66 274977
968 93014 93408 49 15230
969 93053 94618 48 56189
970 93104 93362 5 1414
971 93206 94182 68 40396
972 93322 95647 93 104086
973 93338 99368 96 191831
974 93370 95821 83 86979
975 93548 95285 38 22177
976 93676 95605 35 8216
977 93877 94183 8 2482
978 93879 95520 70 31731
979 94062 95692 53 47439
980 94091 98157 36 27549
981 94092 96147 85 201196
982 94602 95286 40 12093
983 94631 96015 106 152094
984 94777 98989 86 74906
985 94845 97428 138 77702
986 94883 97030 30 26093
987 94891 96374 51 18028
988 95300 96312 138 75818
989 95319 99137 120 307628
990 95633 99187 26 28983
991 95729 98951 26 78703
992 95817 97500 10 8596
993 96676 97408 48 9345
994 96679 97794 36 18187
995 96988 97145 68 7364
996 97117 98345 150 201788
997 97125 98897 27 11009
998 97622 98835 42 8092
999 97764 98734 32 3974
