50 1000 0.049
....#.............................................
..###.............................................
..#...............................................
..#............................................#..
..#..........................................#....
.................#................................
..................................................
.........#........................................
..................................................
.................#................................
..................................................
..................................................
......................#...........................
......................#.......#...................
##....................#...........................
#.....................................#...........
.........................#............##..........
.......................................##.........
..................................................
...#..............................................
..................................................
.............................#................#...
............#.................................#...
..................................................
.......................................#..........
.......................................#..........
..................................................
..................................................
.........................................#........
..................................#......#........
..................................#......#........
..................................................
..................................................
..................................................
..................................................
..................................................
..................................................
.............................#....................
..................................................
..................................####............
........#......................#..................
........#.........................................
..................................................
..................................................
..................................................
..................................................
.......................#....................#.....
...............##..........................##.....
.#.......................#........................
.........................###......................
0 254 3221 20 51340
1 303 7560 85 596761
2 368 1656 139 76685
3 595 2360 57 54799
4 679 1116 83 91645
5 841 7261 53 73432
6 1038 1069 86 744
7 1042 4075 16 11018
8 1099 1843 18 9597
9 1139 1864 6 1057
10 1144 2033 117 46197
11 1426 2454 39 11339
12 1500 8140 112 128740
13 1657 1917 46 4528
14 1729 3442 83 187712
15 1815 3117 140 155005
16 1934 5522 11 20165
17 2012 2500 118 15950
18 2155 3193 49 23558
19 2174 2309 11 373
20 2203 10027 108 214469
21 2219 5707 72 113195
22 2283 5313 86 108190
23 2362 2560 36 7433
24 2418 3406 52 14897
25 2501 4588 100 99131
26 2608 2688 103 8058
27 2750 5057 59 30519
28 2842 5400 150 136156
29 2914 5534 30 43254
30 2991 5289 117 160832
31 3061 7232 22 37240
32 3179 5155 117 42427
33 3351 6882 71 183912
34 3357 18715 62 393289
35 3391 4686 116 78606
36 3395 3960 63 10615
37 3555 10062 61 85248
38 3748 4253 113 51670
39 3772 5842 136 145672
40 3907 4070 63 4297
41 3939 9598 36 203245
42 3971 5779 8 6257
43 4167 4927 53 40034
44 4369 9082 108 384586
45 4473 4904 75 6450
46 4576 7655 85 142520
47 4607 8883 18 57323
48 4615 12734 106 498214
49 4779 10749 13 12362
50 4982 8260 135 270278
51 5090 8033 81 216775
52 5163 8466 7 8976
53 5198 7955 11 3808
54 5288 7399 7 7945
55 5411 8863 32 46606
56 5423 12667 17 178633
57 5631 6200 123 30396
58 5805 29160 94 2661096
59 5837 6778 34 4173
60 5941 12161 72 194231
61 6156 17014 71 239834
62 6280 8991 104 223343
63 6290 11148 77 181106
64 6308 7102 75 50814
65 6436 8456 63 24662
66 6607 13088 70 129121
67 6797 7775 48 12909
68 6962 23379 105 582468
69 7069 25127 7 22269
70 7178 8123 29 4999
71 7186 7319 31 2195
72 7266 11259 22 20562
73 7457 7740 30 7241
74 7494 13184 111 316400
75 7564 10186 46 54202
76 7647 25354 90 335351
77 7691 12407 8 7492
78 7702 8428 140 46292
79 7735 9642 73 71248
80 7779 9300 30 30015
81 7878 22587 7 78842
82 7898 8801 139 53220
83 7995 8306 101 35485
84 8022 13956 18 19082
85 8096 8314 41 5229
86 8232 13020 93 268442
87 8272 9738 52 16228
88 8285 8555 113 9933
89 8297 19240 15 108907
90 8419 10878 47 77304
91 8463 8674 19 6587
92 8552 10192 4 4364
93 8598 9972 131 113443
94 8794 10438 9 3663
95 8800 12655 114 204651
96 8879 9076 11 1865
97 8928 13391 14 36996
98 8949 13724 146 227421
99 9012 12908 16 19239
100 9051 15317 14 93731
101 9125 12414 72 62309
102 9256 10656 73 70474
103 9470 9549 6 311
104 9485 19809 117 258932
105 9588 14390 11 6935
106 9697 11237 19 28643
107 9911 11005 58 116106
108 10092 10831 18 4433
109 10096 13479 105 145557
110 10166 18823 48 235142
111 10302 14412 81 62570
112 10365 10470 108 5947
113 10395 34064 65 578536
114 10459 12490 38 27448
115 10566 20531 146 1984403
116 10569 13698 145 137132
117 10709 17930 62 554995
118 10886 15401 18 22209
119 10939 29651 112 2376691
120 11137 11779 66 21576
121 11194 13716 88 125058
122 11282 18365 64 157332
123 11386 12859 93 54508
124 11510 11783 29 3268
125 11550 14030 79 123776
126 11566 12471 4 545
127 11653 14228 108 57006
128 11659 12293 4 1874
129 11662 14851 5 4869
130 11722 18771 28 46625
131 11769 16999 113 420510
132 11863 13483 55 37682
133 11893 12389 68 14874
134 11934 20768 122 1291582
135 12273 18982 138 131253
136 12303 16568 54 34904
137 12365 14332 15 10400
138 12742 23114 17 129159
139 12789 14649 8 8747
140 12876 14049 53 35953
141 12897 20477 27 74774
142 13034 15237 63 84219
143 13069 14164 87 10945
144 13159 16483 137 94308
145 13237 17233 50 85581
146 13238 13430 33 1711
147 13308 18794 127 247288
148 13314 18958 99 262041
149 13407 24809 148 644112
150 13413 22946 31 209150
151 13499 13738 41 8697
152 13583 15055 148 60589
153 13641 16945 16 22450
154 13749 16258 119 100947
155 14221 14830 17 3468
156 14260 15395 77 49115
157 14428 19449 95 215597
158 14434 21948 132 412571
159 14658 15205 22 7310
160 14743 15363 5 1629
161 14805 20922 147 83023
162 14807 20917 35 103075
163 14934 16307 146 91616
164 14964 18401 57 71678
165 15228 41393 8 54247
166 15254 16577 103 72807
167 15343 30322 89 1005947
168 15435 17354 13 15674
169 15486 21889 119 314616
170 15602 18010 118 125421
171 15664 19817 29 41214
172 15825 16941 62 11462
173 15872 21218 8 14178
174 16007 16993 6 1796
175 16071 19435 100 114032
176 16075 19904 51 71455
177 16128 19313 72 62923
178 16241 24606 40 68673
179 16255 16382 44 2483
180 16276 21646 7 18545
181 16402 17353 30 23976
182 16404 24785 91 161624
183 16415 18042 125 205862
184 16501 22719 6 19918
185 16594 18130 14 14695
186 16724 16816 48 2180
187 16736 21501 128 182806
188 16877 19667 43 57942
189 16890 17262 100 25772
190 16947 23121 6 10247
191 16960 23968 102 165366
192 16982 18290 108 162470
193 17052 19125 104 108072
194 17062 21688 78 210446
195 17123 17989 17 9266
196 17165 20908 20 42485
197 17216 21065 109 129997
198 17258 17425 124 19187
199 17293 18987 41 13045
200 17309 20773 93 79157
201 17312 28032 101 392649
202 17408 30637 97 1090517
203 17460 17754 145 26008
204 17482 19575 24 25230
205 17530 28630 54 154905
206 17569 20799 129 88401
207 17668 22780 7 10904
208 17796 23961 46 80752
209 18035 23886 118 414642
210 18145 20787 39 98266
211 18197 22545 73 270292
212 18242 19025 128 67407
213 18337 25032 50 123001
214 18444 18792 148 40408
215 18466 22180 6 5197
216 18572 29777 65 266600
217 18753 24384 13 37039
218 18781 20069 54 17000
219 18960 25160 124 523486
220 19100 20901 60 43535
221 19103 22695 15 37499
222 19198 19396 21 3235
223 19331 21244 5 4054
224 19433 21251 116 39002
225 19516 21900 46 58148
226 19739 29544 70 771870
227 19748 20250 19 2612
228 19757 22359 37 37145
229 19790 24972 93 209518
230 20119 20345 14 1812
231 20125 24514 5 8312
232 20245 23716 39 77892
233 20388 22775 22 75374
234 20390 23080 62 120667
235 20609 23366 62 128089
236 20695 24907 86 226130
237 20753 21933 31 12598
238 20980 27320 5 7442
239 20993 34297 68 429560
240 21376 23892 106 64769
241 21409 27674 10 44518
242 21741 23086 96 46131
243 21749 23426 16 22035
244 21877 29809 82 271311
245 21883 25650 43 265420
246 21999 22529 60 12953
247 22039 22272 5 746
248 22079 26593 114 537290
249 22386 24680 8 7411
250 22451 23242 77 33466
251 22501 27362 30 83220
252 22956 25857 107 99769
253 22985 23277 7 1623
254 23596 24470 48 25789
255 23620 28849 41 42130
256 23685 25290 37 35771
257 23709 24244 83 21897
258 23722 24159 107 23324
259 24049 24758 75 17889
260 24233 31495 5 8338
261 24246 25798 150 61835
262 24260 27579 30 18859
263 24396 26128 59 89527
264 24487 25838 10 2239
265 24489 25296 96 60816
266 24682 31006 139 324672
267 24795 26547 91 108335
268 24931 28128 12 12676
269 24967 29035 115 763968
270 24995 28142 42 43260
271 25022 25611 27 7361
272 25052 27759 26 51127
273 25328 40933 16 109940
274 25490 26725 75 68129
275 25555 27540 110 78168
276 25632 27041 105 16850
277 25709 30305 84 337961
278 25714 26006 62 8896
279 25747 27815 36 33571
280 25875 33153 27 26604
281 25877 40058 135 557452
282 25942 27333 61 48917
283 26072 27817 135 41403
284 26092 28444 139 386031
285 26166 26479 7 1245
286 26283 29700 127 283515
287 26380 33270 34 35015
288 26427 27132 5 1581
289 26429 31545 62 64614
290 26486 37226 84 342915
291 26599 37952 67 131992
292 26648 27915 46 47813
293 26652 28530 25 28410
294 27035 29956 137 361539
295 27130 32218 79 154172
296 27414 29495 34 39264
297 27470 28534 50 34253
298 27580 29676 6 5186
299 27968 30173 28 27401
300 28074 32893 142 439262
301 28100 29780 139 444625
302 28124 28359 108 15366
303 28642 32208 9 12744
304 28834 38437 82 272398
305 28988 32693 96 342035
306 29043 29896 24 1582
307 29138 37433 149 403401
308 29284 29389 12 2263
309 29347 30464 71 50141
310 29439 32666 142 183315
311 29483 33512 54 80768
312 29563 32119 112 76771
313 29590 37386 43 127681
314 29866 32964 58 190161
315 30040 38574 88 344937
316 30070 32276 63 72845
317 30312 36211 123 180142
318 30319 39740 126 590480
319 30342 34974 56 320670
320 30343 34942 14 24020
321 30400 37886 19 37236
322 30523 33219 10 14774
323 30564 47020 102 594466
324 31047 42475 74 464155
325 31088 34873 48 92199
326 31163 31403 150 11841
327 31223 32361 67 32339
328 31314 33474 64 100653
329 31555 35032 116 128685
330 31579 32310 63 9344
331 31677 40303 24 73679
332 31699 32532 7 1690
333 31701 36685 27 17109
334 31722 38436 112 619891
335 32045 35875 143 217025
336 32088 33730 45 38216
337 32137 47491 112 927951
338 32147 35038 75 279867
339 32156 41520 24 88831
340 32191 41579 109 535837
341 32667 34643 67 57003
342 32674 34210 110 70688
343 32774 33103 17 2355
344 32785 34966 88 117857
345 33161 34852 86 86100
346 33182 37978 4 8076
347 33207 36997 34 44061
348 33303 33824 10 922
349 33487 34620 28 15817
350 33675 34380 79 63704
351 33834 44250 87 765935
352 33895 34270 68 5099
353 33945 35904 81 8809
354 33985 36197 42 14298
355 34281 38581 120 193570
356 34291 36105 111 59405
357 34537 52529 118 1152611
358 34581 36639 31 74270
359 34721 36343 5 6236
360 34883 39198 65 63222
361 35036 45710 13 12301
362 35085 36645 12 8391
363 35280 43934 83 196543
364 35382 38059 103 66518
365 35446 35625 11 839
366 35542 35579 25 1502
367 35633 44647 9 32098
368 35653 35754 76 4357
369 35735 45310 16 58180
370 35799 36819 72 45509
371 35967 47529 24 79686
372 35997 49468 79 317627
373 36326 46913 135 389816
374 36401 37516 108 101923
375 36431 42209 106 220563
376 36556 40226 130 124062
377 36668 36745 33 2744
378 36762 39709 38 50541
379 36786 37621 29 6847
380 36855 40842 77 148101
381 37023 38201 122 45702
382 37063 44321 10 7579
383 37110 41806 29 27939
384 37172 42642 23 30784
385 37204 38763 90 52965
386 37254 37334 122 7415
387 37271 59058 89 1542089
388 37394 37862 77 23458
389 37450 39338 17 3397
390 37492 40990 99 112648
391 37540 40563 36 41913
392 37694 45109 27 111158
393 37831 42044 72 46770
394 37876 41154 58 151036
395 38050 52456 12 41151
396 38118 38147 24 457
397 38291 43352 56 77959
398 38400 41691 70 59797
399 38477 44874 47 86889
400 38568 39646 26 9791
401 38611 39826 10 5310
402 38652 40787 66 39766
403 38741 41160 137 127714
404 38745 39135 6 890
405 38948 39807 50 57872
406 39018 41046 8 7674
407 39027 39390 19 2111
408 39044 40582 14 27360
409 39188 45138 85 83544
410 39255 40121 30 9856
411 39450 42961 82 521629
412 39765 44794 37 45600
413 39800 49888 64 101895
414 39867 48193 77 489802
415 39949 46253 19 116010
416 39966 39976 67 114
417 40027 41405 101 65310
418 40057 55104 37 186409
419 40193 50847 91 58625
420 40207 40641 76 27785
421 40249 40279 136 2871
422 40358 41097 76 12597
423 40377 41399 111 247560
424 40383 40885 38 6127
425 40497 45381 16 35027
426 40504 43018 47 23803
427 40545 40788 22 2049
428 40756 42590 102 78362
429 40765 42427 85 98414
430 40914 40969 54 4354
431 41020 43959 81 79966
432 41450 43918 61 288623
433 41498 42138 116 21657
434 41589 45818 83 161949
435 41599 42892 4 4600
436 41632 44437 102 152370
437 41787 43170 12 7512
438 42011 45369 93 292265
439 42148 56129 67 300287
440 42191 42278 16 898
441 42233 47249 54 71062
442 42510 51424 81 417029
443 42525 51623 99 187978
444 42782 43395 47 8701
445 42815 46412 89 152744
446 42943 43605 38 7700
447 43034 45020 97 83876
448 43080 43956 15 2361
449 43082 46047 12 12644
450 43270 44969 60 62290
451 43317 46132 134 200643
452 43335 44787 37 51977
453 43441 48471 25 69463
454 43706 48164 6 23136
455 43743 44829 9 5601
456 43818 46649 13 8238
457 44047 44566 7 1382
458 44137 44305 65 7760
459 44147 44926 135 50354
460 44241 48845 26 40895
461 44279 46637 27 45399
462 44418 45693 19 8661
463 44587 46242 6 6290
464 44852 56957 11 165395
465 45010 47955 9 10451
466 45169 49380 114 134242
467 45206 47169 58 89347
468 45550 47995 129 177117
469 45612 57060 129 765921
470 45652 55857 67 110854
471 45706 47699 93 124857
472 45716 53671 29 104565
473 46248 50794 5 16189
474 46425 46520 46 2840
475 46457 54759 5 21437
476 46550 48993 13 27297
477 46584 47154 95 64061
478 46663 55474 26 49571
479 46685 53686 7 34936
480 46768 47240 11 5161
481 46793 47471 17 12812
482 46844 48517 8 4629
483 46853 50031 115 397655
484 46877 48696 52 38334
485 47049 48882 97 37608
486 47065 54464 61 306500
487 47213 49709 15 45719
488 47216 47400 50 7536
489 47470 56808 57 248108
490 47562 51749 89 809426
491 47626 50515 129 192574
492 47658 48899 60 48278
493 47799 48435 55 21673
494 48135 55087 46 292236
495 48200 49727 33 15551
496 48228 64883 16 25522
497 48290 52943 50 301873
498 48540 50337 16 15049
499 48548 63537 11 83725
500 48705 49351 85 15902
501 48784 50279 5 4173
502 48788 50631 16 28620
503 48799 51946 131 83822
504 48995 49745 127 29074
505 49011 52828 83 177645
506 49250 49563 120 11689
507 49318 49809 39 5308
508 49362 56557 135 391570
509 49383 54523 20 96497
510 49411 49854 142 21442
511 49470 54296 79 213551
512 49670 54558 29 48650
513 49770 52660 6 17241
514 49807 50085 44 4696
515 49883 57205 10 41110
516 49966 53848 4 5916
517 49967 55910 8 15963
518 50037 51778 111 11860
519 50130 54702 142 202857
520 50349 51720 43 20121
521 50461 51643 79 37765
522 50596 51853 82 39931
523 50662 51658 91 22318
524 50685 53687 27 16344
525 50840 56117 51 116050
526 50937 52477 43 29985
527 50949 51380 137 30702
528 51031 51757 117 94024
529 51066 58156 134 335779
530 51234 52408 18 8228
531 51301 53333 19 17728
532 51407 54512 144 286289
533 51620 51713 17 844
534 51665 56823 54 56887
535 51684 53237 104 51980
536 51796 55491 47 120000
537 51801 66477 23 68902
538 51837 67139 10 57369
539 52235 61038 118 758895
540 52313 58250 105 118237
541 52459 64671 90 216586
542 52599 54818 74 56279
543 52670 61768 11 70893
544 52704 56313 10 13222
545 52808 53247 45 10304
546 52861 53404 13 1655
547 52922 53918 49 22288
548 52946 55116 110 48723
549 52962 54607 78 36325
550 53110 56792 108 343023
551 53213 59671 68 42725
552 53325 53606 53 5787
553 53437 55524 7 7729
554 53619 54809 62 32962
555 53678 53897 57 2582
556 53771 54115 73 10404
557 53778 58819 43 70034
558 53799 55815 10 5440
559 53802 56302 11 7213
560 53942 54838 60 17598
561 53979 54345 49 6089
562 54065 67490 146 883582
563 54387 57424 89 290682
564 54555 55178 38 8387
565 54622 58522 33 29405
566 54685 55669 6 2040
567 54712 56254 113 95680
568 54735 55047 137 30827
569 54775 59486 15 10071
570 54926 55419 26 11192
571 54993 57592 115 274323
572 55036 63273 17 39559
573 55141 57342 119 130431
574 55192 57487 32 17076
575 55395 71273 131 1477084
576 55541 63184 47 211268
577 55542 69828 22 79973
578 55614 55747 9 630
579 55761 60931 88 228284
580 55800 60031 125 200462
581 55840 62118 12 39707
582 55996 58441 73 159438
583 55998 59122 7 8468
584 56014 58836 8 4443
585 56067 59728 62 54447
586 56114 58242 104 86299
587 56190 56835 37 11272
588 56208 61326 59 215830
589 56308 62529 11 35123
590 56345 56709 121 21171
591 56363 57661 40 36967
592 56383 71367 82 822340
593 56572 69972 4 29304
594 56615 62936 18 45462
595 56664 57123 69 16789
596 56672 61732 44 80882
597 56833 61748 145 251779
598 56990 58491 94 147328
599 56994 58883 118 111274
600 57075 59211 142 87247
601 57102 72042 99 669611
602 57180 61680 147 310693
603 57351 62089 122 418231
604 57356 58295 95 31314
605 57439 58680 74 20065
606 57574 62709 108 105198
607 57786 58512 149 48381
608 57826 61609 75 102358
609 57861 62072 70 179241
610 57910 59927 129 98536
611 57922 58120 77 7781
612 58110 60004 4 7699
613 58401 58475 7 379
614 58426 64081 8 15107
615 58568 60267 95 46047
616 58569 60651 5 4731
617 58594 66991 29 184594
618 58596 59220 37 12688
619 58645 63827 128 233900
620 58675 63258 147 437511
621 58816 61303 37 74210
622 58904 60015 13 8947
623 59063 71212 9 36044
624 59235 59969 107 51152
625 59269 63086 121 161273
626 59485 63216 94 200769
627 59716 61378 19 11958
628 59791 59965 149 46279
629 60090 61931 102 44657
630 60408 61189 15 5718
631 60411 60991 8 4410
632 60484 72943 104 608110
633 60504 62004 26 11123
634 60552 62670 49 128192
635 60565 77998 6 31309
636 60583 64937 62 162082
637 60637 63197 111 195784
638 60666 63211 27 40169
639 60696 66421 75 146419
640 60881 65345 122 571793
641 60949 61193 49 6078
642 60951 62480 8 4087
643 61024 67383 58 175563
644 61078 78206 17 82905
645 61595 63324 20 35914
646 61661 63984 74 86892
647 61667 70702 12 50986
648 61720 64026 77 69390
649 61839 64129 77 140140
650 61905 62122 9 3510
651 61937 62664 6 1649
652 62037 62448 23 5976
653 62040 64028 15 18260
654 62041 64454 15 24022
655 62087 65022 55 60117
656 62098 62306 67 16877
657 62157 64109 28 19609
658 62339 74573 12 46458
659 62538 64700 123 379230
660 62604 71170 63 127580
661 62779 63727 56 27985
662 62820 63608 108 35514
663 62981 63875 21 10647
664 63001 70210 4 8703
665 63075 65144 137 105750
666 63133 66979 13 18297
667 63281 68945 19 36162
668 63432 64699 39 16512
669 63483 68807 48 49448
670 63529 65265 136 95482
671 63578 65536 9 11066
672 63639 81038 64 237930
673 63695 73415 58 135020
674 64112 69196 86 246109
675 64181 67603 93 291080
676 64379 68852 27 71719
677 64463 66332 126 123148
678 64588 67162 16 16334
679 64642 66875 41 105946
680 64653 69639 33 76546
681 64663 65366 12 3738
682 64695 67317 64 87628
683 64885 65104 7 1278
684 64955 70207 149 389638
685 65055 84841 13 55377
686 65134 65542 122 30544
687 65393 68620 11 10481
688 65487 65981 7 1945
689 65578 66828 38 15652
690 65764 72539 6 9751
691 65859 69703 66 58290
692 65935 71971 104 284544
693 66000 71754 17 55019
694 66043 66327 81 8242
695 66091 71872 149 543301
696 66216 66269 35 1577
697 66227 66536 36 12390
698 66251 75844 6 20885
699 66285 68436 13 11726
700 66426 77522 78 617475
701 66496 67758 40 23824
702 66616 66901 26 3289
703 66620 66696 95 7266
704 66642 68577 106 291129
705 66735 69291 7 12986
706 66745 69079 134 162683
707 66761 69357 56 85353
708 66968 73339 10 38469
709 67030 69430 42 25850
710 67067 77667 73 215449
711 67258 69206 80 51216
712 67333 72706 142 393240
713 67409 67869 21 7897
714 67438 71059 136 256247
715 67475 69557 103 22243
716 67561 88032 100 963407
717 67568 68723 107 58014
718 67617 75393 120 777627
719 67761 78621 53 136607
720 67763 70283 95 95325
721 67984 68113 31 2150
722 68013 68116 47 2588
723 68129 76640 89 1091642
724 68213 69759 52 44994
725 68331 70031 16 11525
726 68484 70484 20 24995
727 68542 69827 65 54906
728 68762 72797 86 180799
729 68806 70880 142 199798
730 68829 69787 20 8128
731 68854 71752 40 159944
732 68861 71710 21 28212
733 68961 73100 66 169384
734 69055 70291 33 12138
735 69134 78584 87 275214
736 69252 71145 66 91757
737 69259 70280 23 16932
738 69311 71405 113 164504
739 69393 70132 103 19504
740 69694 74426 119 143954
741 69777 72129 7 8208
742 69814 77204 125 220473
743 69901 72020 140 105475
744 69912 70122 73 9150
745 70035 71029 38 23404
746 70103 77202 135 434527
747 70385 74939 123 625035
748 70402 71893 33 29244
749 70489 73632 73 114295
750 70626 71483 131 113099
751 70714 79291 39 116977
752 70855 73903 35 35734
753 70972 73027 76 89060
754 71072 71615 56 28571
755 71089 77879 61 111120
756 71257 71537 57 9723
757 71347 73254 16 12285
758 71410 77125 22 72860
759 71418 72561 139 187802
760 71421 74037 68 142043
761 71565 76255 41 177910
762 71768 72352 130 55709
763 71818 72623 146 25792
764 71879 83754 146 673377
765 72067 76573 44 117882
766 72212 72840 86 16083
767 72362 75487 70 89525
768 72609 72814 60 3279
769 72677 73088 37 7452
770 72725 77343 108 196463
771 72769 73343 54 27212
772 73093 75133 5 1714
773 73130 77016 86 93846
774 73221 79517 93 216440
775 73407 81058 28 132578
776 73475 84381 65 135623
777 73708 79943 55 348084
778 73813 79799 85 480293
779 73881 79120 17 54601
780 73958 79721 101 229241
781 74155 82419 61 165263
782 74318 88567 15 109955
783 74342 75579 16 7742
784 74528 75329 20 7110
785 74670 79263 33 40901
786 74700 77231 103 370598
787 74710 79001 106 357400
788 74847 75588 8 4006
789 74870 75537 114 14646
790 74960 77655 113 96118
791 75005 83440 29 162180
792 75103 75472 146 38353
793 75192 84500 35 353736
794 75260 77785 30 9143
795 75407 76526 4 1690
796 75452 90616 14 103725
797 75477 75570 56 5328
798 75482 78917 84 114279
799 75522 80847 102 507652
800 75584 81040 29 158437
801 75603 77365 131 32163
802 75765 75885 39 3883
803 75882 75950 121 6297
804 76018 77299 6 2487
805 76182 88958 14 20381
806 76189 84994 99 865475
807 76250 79366 108 131378
808 76346 80921 50 110475
809 76505 77602 47 39521
810 76648 89454 22 126022
811 76696 80987 69 325654
812 76977 78617 54 104325
813 77211 81039 15 34680
814 77636 78452 22 8463
815 77820 78065 121 10223
816 77956 78527 23 5971
817 77977 83566 5 10232
818 78240 88468 46 282530
819 78282 80249 142 161426
820 78318 80315 12 9568
821 78328 80282 47 54399
822 78361 79052 16 6672
823 78515 79691 56 15799
824 78730 78853 69 9503
825 78802 79617 148 41140
826 78805 79820 4 1433
827 79021 79668 42 21769
828 79028 79508 69 20767
829 79108 79329 16 511
830 79167 81281 121 203450
831 79228 88612 14 136231
832 79325 80157 30 13730
833 79406 90161 67 662406
834 79570 99453 102 959072
835 79592 83773 40 191490
836 79669 89775 76 246252
837 79769 93133 5 29417
838 79851 92364 26 138979
839 79984 90626 129 347474
840 79999 84101 11 14074
841 80066 92835 142 1681861
842 80230 88209 59 226798
843 80246 80462 97 27703
844 80387 83549 6 6400
845 80534 81232 42 24680
846 80663 81929 98 39581
847 80682 82260 20 3612
848 81068 81710 49 16797
849 81139 86079 50 228168
850 81151 82054 109 108733
851 81196 84074 9 10686
852 81373 88418 67 382808
853 81583 90794 132 191020
854 81748 84949 7 19605
855 81982 81998 109 383
856 82018 85862 29 61588
857 82104 82851 14 4462
858 82109 86957 102 163878
859 82121 87918 66 328862
860 82381 82850 54 9323
861 82446 84995 27 46688
862 82482 83905 17 24208
863 82553 82797 62 10454
864 82582 89161 62 241154
865 82750 85040 20 18231
866 82757 93208 57 342270
867 82823 89981 8 55124
868 82828 84532 10 5688
869 82889 83646 88 41607
870 83055 86514 9 14175
871 83062 92729 13 18928
872 83125 84044 110 25155
873 83268 84817 88 44455
874 83286 85505 16 22608
875 83385 84247 45 7602
876 83390 87225 65 227093
877 83405 83930 60 23845
878 83528 89217 4 9447
879 83542 86420 97 77923
880 83585 88350 13 56085
881 84096 86069 61 48004
882 84103 89060 74 185743
883 84133 89263 9 35267
884 84216 93053 9 74784
885 84524 89015 15 29959
886 84609 86276 25 6477
887 85118 95934 81 387647
888 85120 92836 34 61958
889 85193 90234 8 26653
890 85463 88007 82 240186
891 85480 96268 123 170174
892 85514 87416 20 22800
893 85595 88549 7 30060
894 85804 87267 82 89145
895 85892 91226 20 56574
896 85915 86273 84 7558
897 86432 90389 134 153562
898 86534 89950 15 12461
899 86608 92067 112 205021
900 86733 89685 86 97003
901 86793 89669 77 52780
902 86912 99773 8 29198
903 86939 87345 97 38072
904 87198 91913 125 230402
905 87350 93739 71 237457
906 87377 87952 134 18588
907 87423 89855 53 52438
908 87445 89515 90 194485
909 87453 94812 75 217948
910 87527 92584 7 15590
911 87614 97272 103 780402
912 87760 90369 115 122433
913 87846 90554 32 31082
914 87898 93313 77 303072
915 88129 92779 25 42060
916 88139 94056 12 23174
917 88241 95229 104 831139
918 88308 92107 12 12083
919 88337 88672 147 18465
920 88581 90632 100 165529
921 88665 89026 96 31132
922 88685 93034 25 32221
923 88699 89592 96 35218
924 88732 90179 24 45017
925 88761 88900 8 1645
926 88786 93601 76 303252
927 88980 89254 24 2915
928 89040 90472 7 3298
929 89074 96165 100 600887
930 89088 98050 9 62533
931 89237 90662 16 19794
932 89240 92360 115 129241
933 89260 91055 7 6359
934 89535 97249 5 16016
935 89587 96226 106 410570
936 89595 92653 48 49048
937 89736 92945 142 137109
938 89756 95680 44 201040
939 89882 93486 10 16232
940 89894 92844 83 172945
941 90021 92864 8 7293
942 90055 90482 20 3804
943 90459 91523 135 61065
944 90728 98306 107 623961
945 90746 90792 4 46
946 90758 96216 75 308689
947 91140 98019 35 84181
948 91307 91605 22 4191
949 91375 91686 41 5285
950 91423 95753 93 136775
951 91560 93371 124 117866
952 91624 98508 133 446016
953 91656 93440 54 26728
954 91660 95078 127 299004
955 91756 95524 109 159048
956 91757 94490 10 32549
957 91938 93002 124 55019
958 92203 93111 5 1923
959 92306 93037 140 40839
960 92372 98561 119 517287
961 92404 94574 79 30698
962 92569 96046 133 165897
963 92646 94196 94 94481
964 92721 93426 18 13350
965 92858 94868 65 81278
966 92917 93168 14 3290
967 93167 95528 8 9036
968 93485 94543 19 9587
969 93525 99127 102 105483
970 93595 95637 64 19390
971 93596 95085 30 24909
972 93604 97300 15 26926
973 93626 98146 14 11828
974 93668 99048 7 10991
975 93677 99531 19 77414
976 94225 98787 12 51617
977 94315 98161 10 35062
978 94354 95052 33 5336
979 94384 95576 34 46220
980 94583 94830 134 18240
981 94970 98977 7 4997
982 94975 97549 33 31163
983 95077 95283 76 10689
984 95084 96875 64 65925
985 95232 96671 34 44612
986 95276 96197 103 98458
987 95583 96368 65 4559
988 95681 96666 84 30803
989 95960 96160 84 9209
990 96023 97562 13 4095
991 96116 98662 5 8140
992 96537 97355 8 7790
993 96800 97131 37 7698
994 96943 98209 5 5198
995 97280 98342 94 80631
996 97396 98127 117 107850
997 97555 97584 143 4253
998 97687 98466 49 11003
999 97810 98456 100 29572
