50 1000 0.042
....#.............................................
....#.................................##.###......
.#....................................#........#..
.#...............................#.............#..
.....................##..........##...............
..................................#...............
.....#.####.#.....................................
.###...##..............####.......................
...#....#.......##.......#...........#............
..........#.....#......#.............#............
..........#.......................................
.........##..####.........##......................
.............#..#......#......................#...
.............#...........#......#.............#...
.........................#..#...#.................
..................................................
..........................##......................
..........................#.....#.......##........
....................................##...#........
.................##.................#.#..#........
........................##..........#.............
.....#........##........#........#................
..............#.........##........................
.....#.......................#......#.............
....##...................##.......................
.......#......................##..................
................##................................
.........................#.##.....................
...######............###.#..#.#...................
#................................###..............
.#.#................#.............#...............
..................#...............#...............
..................#..#............................
..................................................
................#.....................#...........
..............#.......................#...........
....#..##....##.............#..........#..........
....##.#.....##.................................#.
......................###.........................
...##...................##................##......
...##.........................#.......#...........
....#.................................#...........
.....#............................##.#.......#.#..
....##..............................###........#..
...##.............................................
..##..............................................
...#.....................#................#.......
...#.........#...##.....#................#....##..
...........##...........#...................##.##.
...............................................##.
0 155 19864 28 144132
1 188 5527 79 87201
2 244 16034 68 960379
3 464 6467 117 257815
4 580 1591 18 5195
5 591 1273 140 54861
6 708 3098 55 117267
7 713 7812 20 85401
8 837 4867 27 54516
9 905 10733 44 182353
10 923 12007 4 17489
11 1106 3712 99 64000
12 1221 2400 77 21402
13 1247 2448 8 2351
14 1361 8126 95 411486
15 1468 10706 85 712902
16 1813 10080 139 266111
17 1904 25454 8 25729
18 2003 7183 30 81501
19 2009 3536 80 41696
20 2170 5052 123 173655
21 2201 7992 9 25702
22 2213 9862 7 56702
23 2243 5615 41 92682
24 2271 16887 104 673170
25 2433 17272 87 696143
26 2466 4866 20 17605
27 2582 7037 141 474765
28 2640 16755 96 985851
29 2744 23398 33 177035
30 2842 3177 44 7588
31 2894 6612 9 14193
32 3092 5062 78 48599
33 3131 13825 100 1414924
34 3138 5423 39 78537
35 3319 4063 28 10432
36 3751 27029 130 560960
37 4008 4618 15 8990
38 4072 24116 86 738786
39 4105 16497 84 629124
40 4226 30704 12 116449
41 4281 23443 26 100904
42 4323 5661 50 39856
43 4385 15650 68 672178
44 4386 5989 148 148125
45 4397 5619 108 83897
46 4459 6480 49 32676
47 4562 7778 55 66362
48 4629 10536 78 269337
49 4700 5728 16 23140
50 4731 5126 49 6950
51 4777 6573 19 15981
52 4840 11009 44 149160
53 4910 7784 58 118683
54 4938 6454 39 50230
55 4957 7971 76 324768
56 5068 14364 104 518178
57 5161 8011 86 276084
58 5231 8950 95 279023
59 5358 9920 112 339356
60 5511 10115 9 15116
61 5562 6323 22 8345
62 5657 8804 22 13135
63 5711 6740 97 74968
64 5763 8206 30 34016
65 6126 9592 23 31151
66 6236 19083 101 251642
67 6286 26468 14 77253
68 6316 11007 58 287842
69 6344 7550 118 73898
70 6386 19721 121 142775
71 6496 18126 36 220350
72 6514 7526 75 36867
73 6598 12885 112 256516
74 6633 8296 94 70095
75 6642 16263 13 46496
76 6711 11136 130 280714
77 7163 14548 23 98594
78 7230 12344 123 408963
79 7261 9393 18 56518
80 7276 16642 92 371046
81 7605 10518 71 32803
82 7677 19771 76 738165
83 7723 9913 7 12295
84 7976 8970 37 21014
85 8016 11218 29 63605
86 8067 12840 62 240233
87 8509 29110 60 805728
88 8664 19305 99 236796
89 8992 19271 21 124033
90 9007 15838 127 470218
91 9014 11545 48 51746
92 9026 17619 96 190086
93 9041 13282 143 374329
94 9173 17944 89 314923
95 9199 11005 133 137396
96 9377 35428 21 85442
97 9435 10404 25 51032
98 9686 11479 109 257001
99 9849 30187 5 31025
100 9991 15725 11 13673
101 10207 11087 62 45809
102 10254 10918 46 29327
103 10474 12758 128 176971
104 10540 16492 25 66284
105 10653 10680 70 1793
106 10781 17863 11 10506
107 10813 19209 67 200161
108 10857 17415 120 87619
109 10923 13828 25 57020
110 10929 17060 51 196756
111 11073 11697 27 15272
112 11078 17332 30 72414
113 11272 18605 131 442636
114 11499 19354 22 82045
115 11668 22884 87 673398
116 11730 27032 5 42102
117 11747 12809 8 4729
118 11835 22500 20 119660
119 11841 13432 47 35042
120 11847 15685 34 41933
121 11879 12846 117 42309
122 11925 22032 9 21872
123 12032 31457 92 498602
124 12091 18307 87 249722
125 12169 23602 122 466488
126 12286 12453 25 2480
127 12338 14521 88 98148
128 12390 17977 131 129553
129 12651 24974 80 375899
130 12719 15883 86 75325
131 12811 22306 12 13485
132 12853 15749 145 568798
133 12866 13850 9 3545
134 12906 25100 71 257497
135 13173 14648 31 54374
136 13181 65969 138 3029165
137 13291 14285 11 7015
138 13452 23242 17 64825
139 13777 15107 56 45558
140 13853 26316 86 940540
141 13908 24725 18 84264
142 13988 14059 46 4570
143 14187 20485 12 101901
144 14335 22427 8 14681
145 14341 36286 55 637610
146 14464 32546 69 736477
147 14472 35500 40 180685
148 14682 20133 109 524558
149 14716 18743 10 8045
150 14788 20977 12 50128
151 14789 17984 17 25903
152 15036 17520 36 25255
153 15078 21690 59 105878
154 15092 24159 103 319608
155 15133 22120 78 161604
156 15197 15373 63 12245
157 15410 32113 42 61185
158 15423 17660 113 293101
159 15517 21443 4 11507
160 15776 16889 65 40465
161 15795 22971 124 681442
162 15967 31129 9 50682
163 15988 16678 89 32883
164 16061 21455 111 475945
165 16098 19345 146 234610
166 16112 16559 5 505
167 16331 16410 99 2064
168 16401 18617 42 32656
169 16514 34134 10 18424
170 16537 27008 17 89286
171 16633 21499 22 55424
172 16692 23127 78 283283
173 16708 16885 17 2399
174 16761 24968 6 13674
175 16798 22070 25 30356
176 16832 19971 30 36221
177 16841 18705 92 192418
178 16891 49825 117 516258
179 16955 18507 93 71879
180 16999 18719 72 13037
181 17004 23452 116 240940
182 17022 20877 27 56122
183 17067 20402 77 171924
184 17148 31299 8 22298
185 17169 22094 31 114183
186 17173 17603 42 8232
187 17242 20853 59 178894
188 17405 22730 54 164146
189 17577 20160 20 44000
190 17584 20340 11 9521
191 17737 20192 139 116022
192 17953 19592 9 9340
193 17961 26549 51 512534
194 18076 24516 129 277838
195 18107 23366 60 45443
196 18152 34138 82 201838
197 18346 18634 133 20740
198 18399 20521 54 113505
199 18412 19012 136 33510
200 18486 18969 47 12252
201 18561 22432 10 15070
202 18722 21793 19 29023
203 18723 19809 118 60157
204 18833 28193 54 130989
205 18982 19834 55 27116
206 19006 30465 74 644367
207 19359 29599 38 185425
208 19396 22287 76 78276
209 19414 20483 150 117033
210 19603 21786 6 4391
211 19751 44342 109 1346868
212 19884 23329 63 144116
213 19890 27640 144 286382
214 20142 29363 95 515247
215 20159 30434 13 64272
216 20477 24088 119 239441
217 20509 26990 16 54518
218 20552 29491 69 191319
219 20602 27908 106 340625
220 20721 21460 47 20380
221 21214 38658 28 146987
222 21389 22938 16 7583
223 21408 47668 124 860487
224 21530 35000 13 32866
225 21531 26311 95 130198
226 21544 29924 85 799712
227 21599 27946 62 102072
228 21764 23241 40 61095
229 21884 28564 7 10175
230 21930 23892 13 6868
231 22127 30219 34 93867
232 22159 24453 9 56221
233 22228 22257 19 492
234 22367 28727 113 288621
235 22493 27542 150 1001172
236 22629 26101 81 177259
237 22649 32024 48 328475
238 22670 46688 64 802596
239 23171 24209 61 40338
240 23256 38506 6 60318
241 23308 24491 26 38596
242 23450 25235 105 71101
243 23532 29597 33 124277
244 23535 26897 26 73104
245 23567 30015 125 207872
246 23660 24444 142 35460
247 23665 29533 26 51785
248 23712 38641 16 91176
249 23717 29309 145 432478
250 23725 24881 126 72985
251 23768 44324 52 987691
252 23926 37226 69 171609
253 24035 26046 8 13584
254 24073 31125 7 12337
255 24122 24718 133 37378
256 24382 30325 88 372830
257 24387 33365 106 383314
258 24467 40883 14 96571
259 24591 34646 10 29695
260 24619 25367 19 3346
261 24697 25425 21 2192
262 24747 26918 32 60269
263 24752 37217 7 85781
264 24767 27856 78 78715
265 24793 37000 14 58764
266 24908 31405 144 307307
267 24937 44694 96 490102
268 25032 32684 142 566262
269 25177 26045 44 13541
270 25203 26110 58 53944
271 25259 32632 9 16710
272 25328 25344 117 2076
273 25373 26051 132 40359
274 25449 32086 88 204954
275 25500 28690 106 79955
276 25602 26343 11 5676
277 25740 27732 19 29646
278 26068 34078 33 195795
279 26174 34192 79 184668
280 26266 37872 5 27260
281 26303 31274 57 64550
282 26738 35821 16 41199
283 26783 26786 18 81
284 26890 31884 133 469986
285 27019 29207 62 37772
286 27217 27381 15 1707
287 27257 27633 123 38996
288 27297 31058 24 62170
289 27345 29122 61 86079
290 27366 29360 132 133165
291 27412 31967 61 39963
292 27507 27952 88 12190
293 27601 28451 111 95480
294 27603 33186 100 200166
295 27652 27868 30 4520
296 27764 29155 134 56023
297 27912 28536 7 939
298 27967 30735 51 45688
299 28152 39439 58 149788
300 28264 31462 82 68744
301 28391 38911 58 256876
302 28463 29270 75 52105
303 28907 94797 52 1852799
304 28937 39499 30 142166
305 29165 34992 5 15077
306 29304 31073 97 66634
307 29319 54478 17 130298
308 29759 29765 134 1113
309 29780 31919 145 97797
310 30152 33722 147 73498
311 30422 33428 5 18142
312 30502 30990 110 41549
313 30543 31048 95 92217
314 30568 40143 27 98480
315 30671 36697 39 187750
316 30845 40971 134 729501
317 30956 32427 34 73205
318 31000 42110 59 302832
319 31355 34181 56 93509
320 31367 32351 21 9321
321 31403 31896 94 9984
322 31406 43181 6 26703
323 31431 33666 6 6488
324 31447 35880 61 135341
325 31511 40016 9 14106
326 31615 33545 18 13210
327 31909 34346 22 26406
328 31968 33931 18 24096
329 32038 34679 56 149718
330 32087 35990 76 82420
331 32112 33232 33 16056
332 32295 35929 49 44389
333 32310 36125 24 25436
334 32378 33360 31 5179
335 32471 34135 148 82283
336 32490 34067 112 68368
337 32772 57777 105 1341917
338 32815 48310 106 1153240
339 32827 58781 50 934055
340 32871 33174 38 2739
341 32920 42668 11 26480
342 32941 34257 47 39428
343 32984 33279 52 12948
344 33010 33052 127 3850
345 33089 47935 68 261622
346 33183 42298 5 6750
347 33383 34644 71 27003
348 33455 33797 127 31687
349 33475 36786 16 18493
350 33522 33702 9 543
351 33619 34199 15 2879
352 33675 48889 120 404530
353 33775 36660 58 74551
354 33845 39940 13 27026
355 33852 34742 23 8766
356 34077 34304 101 8055
357 34091 35998 55 50896
358 34285 35283 18 10359
359 34295 36518 36 17372
360 34369 72852 33 650845
361 34509 38099 12 12928
362 34610 37684 102 142059
363 34696 37056 4 2637
364 34983 45388 17 52103
365 35123 41922 9 34096
366 35206 36071 82 50541
367 35233 46928 121 120540
368 35239 37639 21 78997
369 35316 39127 67 133513
370 35343 41404 13 63317
371 35364 39605 35 108148
372 35368 36064 7 2186
373 35369 40619 108 115282
374 35609 36946 23 9038
375 35778 43796 12 49505
376 35820 36859 142 60623
377 35850 38149 16 25303
378 35991 46523 25 193560
379 36015 37523 40 32986
380 36092 39160 53 81599
381 36129 40340 65 169147
382 36242 46865 137 806835
383 36296 38604 51 64339
384 36333 41593 4 4834
385 36335 41769 103 197936
386 36345 49603 32 191805
387 36505 39340 110 215144
388 37387 44772 52 154790
389 37550 50453 18 37673
390 37586 38745 139 60791
391 37661 51357 13 30632
392 37849 42197 5 20603
393 37889 41635 117 131714
394 37932 38297 8 830
395 38055 46494 114 306502
396 38239 59751 9 49780
397 38266 40216 93 33139
398 38437 40041 128 181364
399 38465 48268 48 283299
400 38625 50021 47 447464
401 38767 42847 23 53637
402 38786 44247 47 91762
403 38833 55119 39 488451
404 38837 49425 43 164689
405 38856 39808 41 40456
406 38878 45266 79 269307
407 38901 48362 92 150018
408 38917 39904 6 2067
409 39214 42087 75 88966
410 39235 46782 20 61602
411 39288 46402 6 17622
412 39294 39480 62 8098
413 39319 39803 23 6590
414 39376 39487 110 4741
415 39404 52529 9 27066
416 39415 53154 26 95869
417 39419 40194 108 48235
418 39432 41038 54 41001
419 39602 43076 52 107520
420 39635 40028 25 10264
421 39645 44121 75 232611
422 39749 42637 126 116608
423 39934 45650 89 297870
424 39995 45529 79 102573
425 40039 42001 65 20445
426 40061 42589 9 5000
427 40153 46017 120 201597
428 40188 45212 21 146718
429 40472 41847 149 260680
430 40566 52405 40 163551
431 40669 47643 17 61950
432 40712 40918 33 7029
433 40730 54671 23 183893
434 40749 47070 77 105184
435 40777 44988 30 43218
436 40779 51965 137 1400999
437 40826 52804 12 109851
438 41098 42286 93 29999
439 41145 53808 81 425407
440 41250 42519 30 38084
441 41289 44884 34 47493
442 41311 47555 20 58484
443 41321 43494 32 33980
444 41710 51265 40 94076
445 41811 46984 25 36313
446 41827 78695 25 238973
447 41999 44110 24 51233
448 42008 42216 28 4085
449 42031 44996 50 29825
450 42084 45407 145 143386
451 42106 50244 9 59733
452 42461 52602 103 513592
453 42487 42819 41 19564
454 42636 46807 85 142024
455 42849 63280 5 32841
456 42886 78513 63 670534
457 43263 44721 28 14649
458 43678 52522 112 838987
459 43808 43931 46 5240
460 43857 51938 70 104677
461 43868 43944 142 9647
462 43923 48484 50 101432
463 44025 50160 82 107533
464 44140 46596 75 94756
465 44248 44676 17 4620
466 44290 49604 124 258029
467 44320 48051 7 5766
468 44373 55217 14 118063
469 44498 53166 98 123600
470 44507 46604 111 102923
471 44514 45726 130 71086
472 44526 45967 22 21264
473 44599 45506 123 56883
474 44659 45555 140 49763
475 44810 47539 115 127348
476 44878 48016 136 180911
477 44935 48547 16 36130
478 44979 47626 98 43320
479 45032 50183 15 22206
480 45152 50236 96 190137
481 45180 47817 12 13329
482 45352 46222 7 1306
483 45418 49343 147 258737
484 45482 50895 16 36176
485 45569 50359 8 10313
486 45583 52618 5 12559
487 45660 51662 46 106120
488 45838 69370 67 1745029
489 45910 46601 68 29966
490 45923 48258 73 45172
491 45934 62479 14 70974
492 45944 46252 101 27872
493 46097 47082 55 23020
494 46325 53533 148 958732
495 46414 46622 121 17992
496 46425 49093 130 477993
497 46469 48365 127 283639
498 46531 49294 68 72242
499 46540 60171 35 175613
500 46677 51898 44 96120
501 46704 48926 67 40346
502 46892 63638 103 196566
503 46947 48451 9 3908
504 47147 49059 87 20256
505 47241 53656 8 37658
506 47249 50498 31 13738
507 47346 50201 102 122310
508 47410 47964 30 8446
509 47638 49318 16 6063
510 47729 50345 95 91886
511 47754 50115 148 93844
512 47796 47941 104 19870
513 47881 66949 85 848915
514 48120 56280 132 368604
515 48159 50455 7 14221
516 48177 59695 123 829504
517 48289 69853 64 1029329
518 48293 51544 102 353068
519 48309 61417 63 1006756
520 48318 50438 65 34441
521 48469 53349 66 220970
522 48577 49551 144 62599
523 48804 55075 79 154974
524 48909 49561 102 23074
525 49043 53195 57 79302
526 49116 52589 103 174427
527 49160 67076 54 284022
528 49185 80965 37 483513
529 49232 49994 134 110874
530 49307 50922 43 25149
531 49475 51950 93 160503
532 49483 49654 71 6321
533 49678 50088 132 59029
534 49845 51458 7 4917
535 49903 53757 16 34152
536 49907 55842 92 318085
537 50146 57374 8 34654
538 50186 55679 110 334458
539 50382 56802 30 58848
540 50404 50908 108 18747
541 50476 67183 123 1197996
542 50493 55891 67 189345
543 50519 74812 7 84414
544 50665 62167 38 149650
545 50819 50915 77 6143
546 50840 54020 37 88424
547 50941 51322 83 14006
548 51102 80075 67 1063971
549 51339 56699 85 197157
550 51354 51865 60 22518
551 51371 87114 124 735453
552 51376 62484 52 236917
553 51468 70495 39 306861
554 51555 58202 120 346675
555 51733 61451 85 619481
556 51892 53425 37 21054
557 51936 52677 20 13753
558 51976 52050 135 10776
559 51991 52136 94 13268
560 52090 52267 25 1861
561 52115 61968 113 901048
562 52226 57652 9 14829
563 52439 53335 11 7810
564 52526 64781 148 175571
565 52629 53782 4 3589
566 52865 53756 70 50968
567 52929 56801 98 191186
568 53079 54242 121 24367
569 53230 57511 75 370047
570 53246 54178 95 47106
571 53258 60947 125 438563
572 53302 58136 29 28467
573 53373 58165 113 622176
574 53447 56768 70 134366
575 53536 56837 79 385517
576 53591 57042 11 19072
577 53767 61023 136 352372
578 53773 64786 42 134801
579 53774 61348 106 380042
580 53806 66256 14 33981
581 53987 54581 35 36853
582 53989 57205 147 217989
583 54036 63824 16 54707
584 54147 66415 74 307590
585 54264 57009 44 60333
586 54304 64052 107 180430
587 54390 61863 120 711076
588 54515 54711 66 18985
589 54559 72600 23 159603
590 54631 56774 35 15824
591 54988 69338 9 58217
592 55073 57683 32 24684
593 55146 57592 64 43187
594 55292 55723 141 47074
595 55297 59620 17 16081
596 55475 74527 9 43083
597 55520 59000 15 37418
598 55557 71892 60 1155814
599 55761 57034 10 12017
600 55854 63449 116 193842
601 55874 57199 73 24778
602 55885 65279 16 58562
603 55982 71398 86 510739
604 56160 57587 66 86230
605 56224 71058 34 255265
606 56441 56522 62 2655
607 56557 58179 114 69615
608 56639 60102 40 75504
609 56852 73957 14 56757
610 56896 60305 45 191569
611 56952 59928 137 314784
612 57089 59592 12 15574
613 57112 67926 125 1921900
614 57276 67648 5 38748
615 57284 83120 5 50042
616 57617 63224 71 108892
617 57657 66700 28 235395
618 57786 61836 28 59586
619 58101 65763 10 43459
620 58291 67428 18 46077
621 58372 62309 25 38003
622 58499 64314 90 215006
623 58510 62102 130 202610
624 58520 60086 145 204590
625 58530 71273 80 846164
626 58538 59065 86 14163
627 58957 59705 65 4704
628 59083 59484 78 21184
629 59385 62825 144 257888
630 59531 62498 147 203300
631 59834 60844 40 10126
632 59841 60621 85 61493
633 59891 61533 105 94959
634 59926 63525 98 167884
635 60016 60553 50 9992
636 60319 79466 124 810587
637 60365 61440 42 11834
638 60399 75451 57 874353
639 60450 65918 108 314748
640 60459 63870 135 188434
641 60638 64167 24 37525
642 60893 69114 49 118973
643 60933 66879 16 97294
644 61469 65626 42 76471
645 61471 68553 40 117468
646 61611 63915 25 16115
647 61729 63650 27 41277
648 61733 66544 9 69373
649 61919 65314 92 73722
650 61939 71092 94 272724
651 61941 71466 128 663356
652 61972 70115 100 142379
653 62182 70450 87 774248
654 62212 62795 4 757
655 62356 71468 148 585974
656 62373 63725 116 70341
657 62383 77123 25 305648
658 62456 70512 94 166945
659 62523 79741 75 371166
660 62766 63683 21 6234
661 63004 63884 69 68695
662 63040 64528 136 75314
663 63047 67334 62 157397
664 63112 66869 8 10467
665 63133 64109 5 1687
666 63520 67277 51 217170
667 63555 64117 15 3387
668 63736 65748 95 134970
669 63761 67027 146 229776
670 64094 68503 10 5579
671 64096 65979 83 88579
672 64107 70539 66 123582
673 64152 64584 4 307
674 64170 65862 67 15150
675 64239 70715 55 164152
676 64325 80693 56 297733
677 64395 72226 74 216330
678 64430 67948 100 71549
679 64494 68781 41 36394
680 64506 64965 117 39334
681 64533 64744 25 4184
682 64543 71975 7 73797
683 64564 68476 88 213346
684 64574 84518 103 474981
685 64671 68677 36 174355
686 65070 66773 121 91101
687 65090 66774 27 9874
688 65161 71151 46 106522
689 65401 65520 83 18210
690 65471 67806 30 29126
691 65657 66577 12 3542
692 65709 90225 74 377083
693 65775 66692 27 18682
694 65785 73863 14 17622
695 65833 70500 12 5395
696 65838 74804 11 56401
697 65902 70742 120 287908
698 66212 68880 22 36730
699 66297 67046 41 7601
700 66372 67630 4 3480
701 66431 77468 95 1147152
702 66457 71762 32 39312
703 66473 87119 107 1215196
704 66478 70491 104 183298
705 66492 67090 93 46246
706 66659 68441 68 47083
707 66682 67565 5 6006
708 66728 70433 24 17862
709 66731 69380 96 209635
710 66748 79579 119 378756
711 66767 68425 61 24395
712 67089 87577 74 510855
713 67238 72828 27 72911
714 67260 71335 24 28211
715 67293 75691 24 73394
716 67412 83819 21 131283
717 67443 70470 7 28990
718 67478 69408 10 9118
719 67690 75156 87 211327
720 67725 77512 60 343983
721 67812 72687 137 656450
722 67982 76197 72 249414
723 68054 69253 23 37257
724 68273 78015 34 285173
725 68392 70265 11 8764
726 68436 70391 127 65366
727 68518 82172 4 17475
728 68634 69220 49 10169
729 68641 84740 143 1069698
730 68753 71187 22 28773
731 68913 73124 43 39793
732 68968 77138 45 228866
733 68976 78387 111 340022
734 69137 71131 75 84924
735 69173 82459 132 888518
736 69304 70284 86 10894
737 69462 78905 72 176921
738 69479 85367 64 409078
739 69590 69639 130 4290
740 69668 70267 31 21733
741 69750 75560 113 191835
742 69806 74472 96 930478
743 69822 75116 78 220939
744 69823 76119 34 130085
745 70076 70154 55 3333
746 70082 73608 41 152019
747 70266 95116 11 140578
748 70481 79899 25 147391
749 70818 80949 118 250841
750 70946 75755 68 234605
751 71225 74492 104 210492
752 71544 73301 127 207812
753 71586 88864 22 102722
754 71696 73405 148 123735
755 71727 73773 7 6017
756 71763 77700 37 135703
757 71880 97735 35 101070
758 71888 72692 79 10680
759 71956 72446 5 313
760 72105 80035 47 114794
761 72160 76122 35 71271
762 72325 72638 37 4025
763 72376 78494 30 38805
764 72402 76798 126 330203
765 72468 75363 134 261566
766 72474 76362 106 179459
767 72500 73696 10 2918
768 72855 78756 7 19765
769 72917 78775 80 151555
770 72930 73711 141 36896
771 72937 73815 65 91351
772 72995 89892 9 85042
773 72997 79689 37 65013
774 73144 74459 102 61893
775 73154 78699 61 195416
776 73228 79998 62 97322
777 73302 82059 31 153984
778 73355 90917 5 34620
779 73523 77219 9 10011
780 73534 75075 15 3785
781 73535 74037 60 21608
782 73548 82630 71 175889
783 73658 75084 16 4767
784 73775 76218 118 118249
785 73801 78331 9 11532
786 74023 74550 16 6269
787 74038 75736 66 22695
788 74250 79885 8 13708
789 74279 78234 111 258498
790 74332 75061 23 6514
791 74376 76991 63 327411
792 74465 98324 24 345535
793 74499 81787 15 24964
794 74565 85057 144 577459
795 74596 77326 34 20186
796 74720 75860 41 45323
797 74731 84472 118 595106
798 74769 76497 81 51041
799 75035 75370 103 17123
800 75043 76724 9 3642
801 75085 81811 30 206996
802 75256 78266 134 432754
803 75331 91806 130 1029337
804 75420 76364 104 34520
805 75421 94210 13 60967
806 75429 86066 44 104518
807 75435 88757 53 417564
808 75537 98515 28 112014
809 75565 80033 10 25152
810 75744 80590 20 82873
811 76058 88350 13 21391
812 76263 78532 120 65774
813 76404 92456 23 173291
814 76619 77918 10 6782
815 76658 77923 79 72472
816 76684 83761 83 170492
817 76738 83155 59 258836
818 77464 78170 145 77612
819 77469 87190 12 50292
820 77510 86635 23 158393
821 77590 79224 53 48939
822 77605 83220 26 41299
823 77855 78429 27 3350
824 77893 92144 51 189137
825 77931 79803 25 41209
826 77971 80434 144 97866
827 78021 84808 62 51451
828 78055 82666 89 282495
829 78076 81595 61 137288
830 78245 79912 16 15100
831 78288 91177 109 1933222
832 78305 87294 11 28265
833 78538 78969 22 6485
834 78585 82587 28 87627
835 78622 92087 34 125072
836 78697 85268 49 209361
837 78801 83752 40 193642
838 78829 88507 19 67987
839 79027 83589 7 9187
840 79058 86796 108 203798
841 79062 80135 26 18079
842 79074 83167 50 77832
843 79341 86808 60 64375
844 79350 87264 11 132079
845 79356 82304 69 73236
846 79362 99647 17 81642
847 79367 88852 7 12924
848 79449 88627 134 224112
849 79537 80886 67 87354
850 79625 82106 90 100011
851 79785 82265 69 61210
852 79797 86322 33 81519
853 79799 80734 13 2726
854 79842 94522 15 168226
855 80114 91320 81 262625
856 80124 82227 26 89840
857 80311 83617 94 178525
858 80410 81679 24 8996
859 80415 98142 113 572744
860 80462 80769 123 39286
861 80492 85508 56 69851
862 80606 80778 77 13419
863 80827 86181 115 149669
864 81184 81447 34 6680
865 81213 87133 53 54908
866 81254 81999 123 97500
867 81372 97871 85 375354
868 81536 85303 146 75577
869 81619 85249 19 40715
870 81712 88781 110 621529
871 81738 92371 63 932162
872 81854 99053 26 192079
873 82029 82561 83 52172
874 82034 87728 143 318009
875 82101 91321 82 206862
876 82240 94314 59 159646
877 82328 84088 10 27472
878 82373 86782 9 17419
879 82399 84920 7 4678
880 82432 86279 84 130270
881 82512 89970 48 148202
882 82591 85058 42 66484
883 82610 86485 110 114022
884 82724 86233 7 14262
885 82778 87885 52 398186
886 82825 87660 33 32748
887 83031 86886 39 51114
888 83061 83770 27 13657
889 83104 89597 25 57654
890 83224 83730 46 54507
891 83329 93593 88 85990
892 83349 86299 53 70767
893 83371 88517 6 21820
894 83406 97511 103 407520
895 83485 85223 119 160437
896 83646 87780 9 10379
897 83670 90329 5 7756
898 83681 87808 78 198115
899 84029 87048 45 51120
900 84167 87176 97 62355
901 84487 95808 36 63237
902 84525 85700 124 150852
903 84666 91055 6 17426
904 84876 89542 19 37195
905 85014 88508 19 14296
906 85198 89177 31 85090
907 85221 94876 31 106755
908 85407 94658 48 426048
909 85456 97653 23 93232
910 85572 94799 53 152606
911 85636 99959 120 477898
912 85646 86057 10 1928
913 85782 88537 5 4218
914 85838 97211 15 95786
915 85901 95700 61 204703
916 85909 85929 59 2904
917 86207 89002 144 186778
918 86310 87705 27 67872
919 86427 87855 52 23449
920 86552 90425 42 36662
921 86727 97484 36 307384
922 86793 90576 64 167136
923 86803 94056 8 37688
924 86964 98152 34 125889
925 87183 89332 8 11933
926 87280 88403 7 2444
927 87449 89285 89 76632
928 87538 91525 77 135460
929 87555 96628 4 17259
930 87591 88172 96 29680
931 87600 97992 18 30605
932 87731 87983 138 13942
933 87772 93899 80 350171
934 88101 97613 87 193212
935 88159 91100 136 460187
936 88244 92658 18 73086
937 88731 98070 14 49018
938 88769 94930 7 23453
939 88831 92127 60 139476
940 88862 89126 101 17016
941 89147 98973 28 438076
942 89163 89479 47 4219
943 89328 97275 47 192657
944 89423 91883 94 172954
945 89429 90869 92 44713
946 89496 95502 86 468190
947 89514 96726 5 10095
948 89576 92361 7 18781
949 89664 92248 29 46302
950 89677 93111 73 95865
951 89776 90674 127 19983
952 89783 92323 57 40188
953 89827 94725 46 80442
954 89844 91453 83 76961
955 90084 93576 6 22278
956 90167 92433 28 29141
957 90247 96589 49 115728
958 90549 95900 22 82609
959 90758 92827 88 41143
960 90868 93073 42 46334
961 91126 98107 27 178001
962 91413 91776 91 52911
963 91784 97789 117 113691
964 91968 97445 33 98685
965 91985 95565 46 62198
966 92155 94599 11 7659
967 92199 97018 62 424909
968 92465 94962 5 7559
969 92558 96421 107 142874
970 92805 94168 11 5252
971 92873 93069 12 1778
972 92995 94099 39 16598
973 93485 98156 78 160443
974 93915 94507 38 31190
975 93963 98855 145 444865
976 94057 96773 16 19092
977 94143 98270 25 32992
978 94148 96861 72 25828
979 94215 96225 50 48779
980 94333 95095 88 8321
981 94497 94657 25 2561
982 94758 97676 12 30815
983 94886 98341 125 251581
984 94952 97012 103 104031
985 95153 96257 87 48572
986 95424 97067 52 19252
987 95559 99493 9 10207
988 95884 98955 5 8273
989 96091 99841 146 177432
990 96204 97574 25 7773
991 96264 98950 8 5224
992 96269 97968 69 47414
993 96324 99291 74 51436
994 96617 98352 7 5943
995 97144 98247 23 26019
996 97354 97779 97 39576
997 97434 99237 29 8590
998 98206 98625 29 4602
999 98631 98680 116 3128
