50 1000 0.076
.....###..#.............#.#........#...........#..
..........................#.......................
.........#.........#....#....#....................
..#.#.#...#..##.........#.......#....#..#.........
..#.#...........#................................#
..#.............##...........#.........#...#......
...................#...........#..................
.............#..........##.#.....#................
..........##.................##..............###..
...#.........................................#...#
.#..........##...#..........#.#..#..........#.#..#
.#..........##.......#............................
................................................#.
..........#..#......................##............
...#..................#...........#.........#.....
...#..............#......#..#.#...##.......##.....
#...............#........#....#.........#.....#...
..#.......#...........#...........#.....#.........
..##......#.....##............#..........#........
................#..................#..........#...
..#.............#..................#.#............
....#..........#....#................#..#.....#...
...........................#.........#.........#.#
......................#..........#.....#.#.....###
.............#..........................#.........
........#.....#.......#...#.......................
........##.......................#..............##
#........#...........#..........................#.
.......#.#....#..#.....#...###..##.....#........#.
........#.................#...........#......#....
.................#.....#..#..............#....#...
..##..#...........#......................#...#.#..
...##....................................#.#.....#
............#..............#........#....#........
...##...#......#.#................................
..#..#........#...#...##......##...............###
...........................###.....#..............
..........#........#.....##..................#.##.
.#.......###.#....#......#..........##.#..........
..................#..##......#....................
...#.#....#...................#...................
.....................#........#...................
....................##..................#.......#.
.....#......................#...................#.
...##......#......................................
#..........##...#............#....................
..#.......#......#...........#.#....#.............
....#...#.....#...................................
..#..#...#..#..........#........................##
...................#...........................##.
0 82 10797 83 456687
1 119 4174 97 226584
2 148 5188 13 15943
3 196 5700 107 167185
4 507 12566 6 85998
5 550 7685 145 523310
6 622 6563 15 43361
7 689 5631 5 10943
8 753 1942 13 11827
9 775 7161 11 44526
10 850 4553 67 102154
11 918 4769 133 138407
12 1004 3767 83 104788
13 1260 26443 38 194558
14 1370 8178 91 301354
15 1378 3949 14 30658
16 1422 6772 51 58097
17 1498 9882 76 446629
18 1646 6526 90 317575
19 1791 11669 49 202676
20 1887 22811 12 73170
21 2106 8582 22 19201
22 2151 9191 63 368963
23 2204 2990 4 2279
24 2260 14344 7 36813
25 2398 16778 80 738840
26 2507 4613 33 25973
27 2509 10543 77 257627
28 2520 7129 22 52471
29 2709 10498 115 236008
30 2786 6289 142 132483
31 2829 6401 5 7122
32 2849 5619 5 7579
33 3026 6527 17 26645
34 3049 3302 61 13874
35 3089 7555 35 45535
36 3104 6870 148 308810
37 3109 8498 26 85982
38 3260 7263 9 26477
39 3266 9957 5 15427
40 3345 3988 23 15102
41 3519 3653 30 4371
42 3527 6914 67 53139
43 3549 9087 103 117296
44 3563 3580 6 106
45 3595 4324 39 9705
46 3697 14461 14 12002
47 3708 3818 139 12138
48 3711 14039 7 34331
49 3758 3861 100 7261
50 3892 6166 41 33586
51 3935 11540 82 134941
52 3957 13792 84 558620
53 3990 7944 41 61119
54 3993 4200 91 6140
55 4029 5867 97 160711
56 4091 8731 148 357330
57 4101 10271 117 512463
58 4262 4287 146 9251
59 4520 8030 24 36511
60 4545 5996 124 253689
61 4623 6129 76 44913
62 4634 6200 28 12682
63 4677 8313 30 31508
64 4719 15228 87 175822
65 4817 10147 41 19651
66 4955 11101 146 258773
67 4966 7630 95 126396
68 5014 13033 34 204911
69 5022 8421 15 10056
70 5247 5790 73 10090
71 5249 15478 10 38947
72 5338 15347 150 421931
73 5383 18231 52 191596
74 5450 7003 29 85830
75 5553 11235 6 6758
76 5757 17233 4 18852
77 5777 13306 27 123431
78 5833 6670 4 1230
79 5857 11882 14 17422
80 6041 6738 132 24966
81 6203 14612 134 176594
82 6287 7090 83 32895
83 6319 10144 77 172935
84 6553 12579 8 45119
85 6569 16149 72 211042
86 6664 9822 47 77579
87 7041 9598 20 27358
88 7084 8109 64 34225
89 7143 13052 111 187167
90 7349 7361 12 125
91 7418 8554 17 7299
92 7522 7574 135 3657
93 7766 10760 81 95140
94 7996 9896 8 5420
95 8117 13385 14 20764
96 8248 23607 31 259048
97 8448 11805 126 425495
98 8463 21723 15 222706
99 8780 10659 110 90717
100 8833 9359 133 82833
101 8850 10032 11 7595
102 9181 9688 16 2470
103 9311 12580 10 15043
104 9440 11195 107 92579
105 9636 12046 121 207828
106 9655 10463 48 85166
107 10005 16107 115 685061
108 10587 12338 128 219205
109 10651 17142 18 169615
110 10668 12431 141 180106
111 10851 11378 41 20635
112 10854 11591 51 12173
113 10884 12150 66 57428
114 11045 19640 100 76787
115 11409 18814 84 231674
116 11425 16734 8 7244
117 11460 13905 34 48557
118 11614 16668 115 205007
119 11617 14805 84 79732
120 11623 22678 18 268443
121 11771 15289 4 4607
122 11780 16441 42 120513
123 11899 14143 18 21930
124 11912 11954 90 981
125 11920 12890 56 15452
126 11958 16332 33 78765
127 12063 16796 127 560013
128 12161 12920 118 37063
129 12258 24058 21 120110
130 12416 14045 63 70791
131 12419 25402 20 124775
132 12446 12879 53 14975
133 12463 20051 11 63761
134 12612 18654 113 173208
135 12904 12994 80 3045
136 12941 18583 41 88474
137 13057 19867 41 116875
138 13062 16804 137 254435
139 13161 25248 39 114394
140 13202 15167 81 58933
141 13247 17099 52 105232
142 13579 15438 31 31276
143 13642 13777 102 18816
144 13764 15098 24 20157
145 13796 18986 102 274877
146 13802 14515 67 34183
147 13874 16439 9 6477
148 14032 15291 11 14109
149 14072 38205 144 1169965
150 14112 15409 6 1772
151 14132 15876 13 10023
152 14184 15795 51 42879
153 14204 20610 10 33789
154 14317 24483 142 1174532
155 14474 14774 145 7147
156 14480 26273 62 194859
157 14567 15321 57 23928
158 14655 17752 114 225470
159 14754 20076 4 12724
160 14843 17211 6 4038
161 14978 18596 117 71021
162 15064 17463 70 148491
163 15163 18170 100 98835
164 15211 20801 8 16715
165 15324 15884 34 12674
166 15436 15684 142 14003
167 15488 16793 105 61650
168 15560 30526 8 21985
169 15661 32512 47 121512
170 15819 21932 53 45468
171 15885 21317 5 2717
172 15976 31305 10 53777
173 15999 18304 75 44323
174 16150 31211 51 341816
175 16151 30094 115 560059
176 16253 25714 6 22671
177 16325 17935 17 8489
178 16346 26263 69 186065
179 16366 17841 80 137334
180 16503 18466 19 16156
181 16571 17471 18 4917
182 16626 19057 8 27285
183 16771 18651 4 3981
184 16842 19435 9 10048
185 16922 18027 72 47319
186 16974 18690 27 20751
187 16987 21521 42 84889
188 17095 26268 116 686648
189 17103 17983 45 40233
190 17357 18455 80 37265
191 17452 20438 52 96084
192 17539 17624 21 2074
193 17654 18543 146 47637
194 17669 19739 142 198885
195 17722 23287 19 47984
196 17785 20105 97 96445
197 17826 24469 93 201798
198 17925 29062 14 166910
199 17995 40706 138 1067513
200 18091 31152 24 125587
201 18233 22331 106 199525
202 18520 19097 16 2982
203 18692 24685 119 116970
204 18693 25159 63 104565
205 19115 22612 128 92301
206 19138 23541 35 100473
207 19183 20439 13 21972
208 19309 25190 12 20424
209 19335 23336 57 76537
210 19458 25057 19 19461
211 19494 23774 72 276599
212 19667 28976 15 101654
213 19854 23010 23 23341
214 19920 26501 79 159588
215 20117 26502 37 141190
216 20181 33490 112 290619
217 20444 26897 37 68891
218 20454 20473 5 146
219 20477 23895 128 242004
220 20498 21539 142 101908
221 20568 22851 41 26465
222 20585 29104 18 36301
223 20616 22644 18 8849
224 20906 26141 55 215048
225 20954 25443 116 110294
226 21061 30240 145 634853
227 21085 31172 55 117627
228 21118 22697 15 16980
229 21234 28162 61 202843
230 21298 30612 49 101860
231 21328 37094 139 1008514
232 21658 35430 61 606448
233 21692 22034 83 10538
234 22009 24289 104 73217
235 22399 24604 146 133973
236 22493 25565 9 30720
237 22497 23650 52 49886
238 22701 23868 9 3451
239 22861 23033 33 2518
240 22878 24337 116 30990
241 23479 24230 89 53934
242 23533 27587 107 113652
243 23584 32461 89 256127
244 23706 29519 11 39156
245 23825 25421 10 8550
246 23884 29252 79 69041
247 24406 32802 20 79131
248 24433 42264 31 277019
249 24476 24867 8 628
250 24506 28110 35 56606
251 24593 25379 27 6875
252 24727 34403 16 145130
253 24910 29558 53 121575
254 25016 27884 74 130481
255 25322 29904 126 195036
256 25389 27664 6 6824
257 25579 26993 37 32620
258 25647 25858 80 20274
259 25765 26001 131 45070
260 25806 29285 149 225395
261 25924 29642 85 147136
262 25945 34896 57 562626
263 25975 27101 80 29828
264 26091 34726 53 257848
265 26214 49103 36 317343
266 26452 40360 12 70720
267 26557 27684 19 21327
268 26763 42751 18 335413
269 26811 34025 18 47476
270 26837 30920 48 116086
271 26958 29851 36 32559
272 26962 30357 111 170607
273 27153 44003 17 139731
274 27193 30944 96 147520
275 27214 32576 115 159940
276 27303 48784 93 430148
277 27327 28242 55 26259
278 27353 28142 24 11154
279 27418 28737 24 13845
280 27451 42388 82 528956
281 27594 40662 5 16316
282 28056 31493 26 22084
283 28236 29830 97 253191
284 28563 32165 58 47336
285 28675 30425 126 142476
286 28760 29531 10 4675
287 29058 34110 5 13265
288 29301 29460 46 3265
289 29535 30646 7 4803
290 29550 32896 15 5053
291 29716 30666 97 106990
292 29734 37852 18 60226
293 29816 31555 26 49815
294 29836 31212 82 119613
295 29933 30011 103 10735
296 29999 30847 53 34787
297 30133 34663 122 201885
298 30299 37894 5 33088
299 30604 34492 30 33698
300 30704 32915 127 102670
301 30800 31759 80 14364
302 30811 32735 147 213648
303 30902 35123 102 225113
304 31040 32270 143 57298
305 31092 47475 62 180254
306 31332 34740 141 96165
307 31394 34971 54 80064
308 31420 35190 103 304672
309 31470 35627 37 72765
310 31513 33046 123 238731
311 31528 35215 7 21292
312 31540 34447 35 136557
313 31691 36015 48 38483
314 31750 36575 42 69227
315 31827 37289 23 19234
316 32067 36227 37 55625
317 32151 35925 113 195722
318 32240 40072 60 147485
319 32297 32383 50 8749
320 32544 33140 47 10510
321 32660 43055 70 508363
322 32695 34578 105 251520
323 32697 36927 14 15306
324 32701 33043 85 5370
325 32719 37743 15 12488
326 32738 32890 59 15485
327 32757 33746 19 4040
328 32807 37700 6 23529
329 32972 34104 6 1773
330 33061 37419 149 250452
331 33111 39261 40 136742
332 33212 44583 41 176451
333 33243 37847 36 181950
334 33267 40773 99 311085
335 33315 36816 61 75993
336 33405 39316 6 14947
337 33599 33725 112 12125
338 33764 36840 68 54745
339 33785 39094 4 2997
340 33912 37280 92 196914
341 34027 36444 143 329785
342 34047 52325 30 168107
343 34058 35694 45 27097
344 34076 37365 104 131104
345 34256 51887 109 511240
346 34273 38980 96 174044
347 34454 34903 40 9320
348 34560 35900 90 83217
349 34640 37891 70 33717
350 34737 35720 145 37449
351 34739 44804 48 302771
352 34921 39308 92 65007
353 34964 35664 65 17396
354 35057 36525 149 79594
355 35218 36909 93 265313
356 35244 35570 141 12130
357 35265 39624 142 225375
358 35339 36186 10 1312
359 35379 38277 39 47619
360 35541 37976 41 66641
361 35553 38279 25 41171
362 35575 36306 150 59667
363 35652 37536 58 26919
364 35728 38215 21 28887
365 35882 44175 81 208827
366 35923 36981 118 48280
367 35961 49420 63 373035
368 35993 36072 135 5775
369 36126 41999 75 209730
370 36135 37149 49 12640
371 36233 36937 18 3681
372 36340 42100 9 41906
373 36379 40051 74 67569
374 36432 43203 135 512696
375 36454 36671 30 3126
376 36489 38495 81 60340
377 36532 44992 62 227247
378 36576 39434 54 65981
379 36641 37109 5 2164
380 36979 40055 12 28222
381 37506 38358 67 29224
382 37566 44188 149 441007
383 37607 38090 67 10378
384 37654 40909 52 81391
385 37669 42705 106 278424
386 37697 40887 6 6545
387 37760 38435 39 16269
388 37829 38104 78 14272
389 37861 44726 44 125544
390 37911 40809 23 80736
391 37942 37994 6 100
392 38010 38539 91 25880
393 38112 45601 51 375205
394 38209 38864 75 22045
395 38243 39333 106 20923
396 38253 39978 54 78739
397 38364 40645 32 23490
398 38411 42404 28 81012
399 38433 40008 12 22379
400 38480 39734 65 45911
401 38583 38903 119 17160
402 38613 40190 29 6580
403 38653 42704 22 34002
404 39190 39781 8 2771
405 39444 43526 72 96526
406 39595 44532 5 9294
407 39748 42992 59 140300
408 39904 42901 5 9474
409 39906 41237 103 119072
410 40152 40820 35 10805
411 40163 53188 95 681451
412 40174 64637 88 712740
413 40306 58553 8 49731
414 40584 52573 76 314282
415 40701 48901 90 680206
416 40703 48476 38 70839
417 40708 42174 42 20528
418 40959 49288 133 287178
419 41058 43892 117 118767
420 41415 43176 42 94941
421 41429 42055 11 3781
422 41454 41550 6 320
423 41473 57566 123 679978
424 41518 64677 4 64084
425 42207 42281 14 746
426 42359 47454 21 49516
427 42530 45839 8 4838
428 42628 48686 60 304823
429 42777 44093 130 88099
430 42799 48720 4 8072
431 42824 45520 116 96391
432 43030 48416 28 96309
433 43066 46085 113 99287
434 43152 69421 8 83031
435 43223 44815 41 21570
436 43235 47720 37 71762
437 43357 46856 35 47048
438 43398 46564 133 112996
439 43407 43724 4 382
440 43546 47641 13 18272
441 43617 53119 75 213627
442 43627 45400 105 53350
443 43641 53974 128 545692
444 43712 46948 75 105956
445 43817 45062 14 9799
446 43909 58017 35 112639
447 44009 57359 21 221043
448 44201 44454 13 1044
449 44322 45371 53 12268
450 44385 46979 121 146775
451 44387 49898 71 86098
452 44704 45734 35 10507
453 44828 47610 23 22186
454 44931 47377 108 227998
455 45112 53734 19 61854
456 45265 52291 6 47343
457 45361 46059 41 23201
458 45413 54173 130 565460
459 45454 47004 98 111465
460 45463 46537 7 5456
461 45715 53518 57 141076
462 45743 46239 14 9574
463 45767 55157 42 161265
464 45953 54213 85 406713
465 46092 56988 30 252580
466 46106 46438 89 14221
467 46217 51328 105 109641
468 46405 55894 106 293642
469 46470 47178 30 17653
470 46481 49374 57 49516
471 46490 49930 129 216681
472 46590 47411 122 39919
473 46674 47152 146 40180
474 46754 55543 44 172300
475 46826 47329 5 877
476 46888 49743 49 44802
477 47242 47570 121 34868
478 47245 50094 13 28916
479 47418 61206 40 202917
480 47616 48182 22 4771
481 47704 49515 89 131577
482 47776 49956 112 72795
483 47942 55488 96 314271
484 48017 52772 13 33641
485 48145 61152 31 99107
486 48178 54875 113 285468
487 48208 49115 55 39958
488 48240 53447 82 191522
489 48299 54171 67 187050
490 48558 48811 122 16822
491 48716 51626 14 47585
492 48787 49207 121 50921
493 48881 49665 106 24635
494 48929 59154 14 88345
495 49055 52877 9 19337
496 49120 56661 8 44663
497 49254 52459 30 28016
498 49316 55319 22 63787
499 49449 52804 14 22535
500 49544 50563 7 3650
501 49579 49679 51 2753
502 49896 50851 58 43233
503 50047 51605 10 6595
504 50137 52481 53 57179
505 50155 56639 143 225951
506 50174 53280 89 160389
507 50207 72534 86 376139
508 50311 51782 106 133346
509 50328 50606 7 1741
510 50427 52985 80 201188
511 50445 51244 22 10540
512 50502 59200 94 241043
513 50773 62420 61 260558
514 50818 65223 67 390701
515 50913 60266 53 106011
516 51057 52223 73 60832
517 51102 59395 67 258126
518 51120 60493 96 243296
519 51174 59813 52 83683
520 51196 54733 14 20450
521 51264 53113 9 14846
522 51490 56346 118 355526
523 51654 55463 105 178189
524 51707 51988 5 650
525 51745 54322 10 13133
526 51889 56118 137 562928
527 51900 58543 33 49120
528 52064 59216 86 169117
529 52182 60970 12 69042
530 52210 53519 8 7453
531 52212 57835 127 227729
532 52269 54572 10 5490
533 52320 60518 64 358837
534 52347 55850 82 275232
535 52351 53929 35 20643
536 52414 56522 102 143256
537 52715 55905 6 6024
538 52743 56306 58 170790
539 52766 54956 127 60143
540 52777 57476 120 166081
541 52840 62879 150 407253
542 52899 60812 7 12696
543 52942 58221 148 208201
544 52943 63699 13 24700
545 52986 55621 47 28426
546 53162 54541 122 141310
547 53242 55989 50 46363
548 53243 54640 6 705
549 53422 54778 16 12027
550 53460 54027 23 6166
551 53493 53998 22 7104
552 53619 57298 30 31611
553 53737 56253 26 53607
554 53744 56259 65 103327
555 53871 56926 78 56186
556 53875 57648 29 47348
557 53926 54491 109 41942
558 53935 66158 53 272688
559 54351 60659 21 79163
560 54420 55500 24 9117
561 54422 54981 48 40814
562 54430 58376 24 33808
563 54480 56398 9 16363
564 54514 55906 33 18712
565 54596 57994 48 59413
566 54744 63532 123 346867
567 54843 57364 92 86838
568 54939 55059 138 6684
569 54991 60549 97 280950
570 55124 56954 71 114802
571 55402 57126 134 38106
572 55473 55754 132 28780
573 55568 58397 26 23745
574 55738 57338 22 16365
575 55750 57069 4 1009
576 55874 56980 104 62705
577 56077 72355 10 105719
578 56390 59592 72 71311
579 56508 57429 88 41805
580 56603 63555 22 108675
581 56662 57565 37 34970
582 56671 58181 118 129774
583 56740 56798 31 705
584 56758 57563 63 30164
585 56783 66512 64 266672
586 56866 61648 34 41939
587 56967 61891 20 59136
588 57032 57578 4 1972
589 57049 58236 79 39291
590 57145 58641 56 30680
591 57233 57740 75 38955
592 57314 59194 126 67423
593 57361 59852 28 23961
594 57430 63837 17 74934
595 57437 59936 5 14230
596 57526 62942 63 44722
597 57552 58624 66 36638
598 57792 62481 26 86588
599 57904 59574 24 9810
600 57918 61745 65 228405
601 58024 67970 16 70844
602 58089 66742 149 366946
603 58182 60960 138 203085
604 58267 59737 47 26146
605 58438 64639 42 154671
606 58480 59128 136 64591
607 58508 62058 5 13360
608 58522 65398 113 693754
609 58650 60257 104 154687
610 58727 58869 108 11072
611 58793 68324 146 444680
612 59108 65803 17 57070
613 59212 60523 97 23723
614 59241 74080 43 352395
615 59273 62441 37 42050
616 59285 62871 85 132252
617 59354 60870 113 62552
618 59377 61467 18 25123
619 59464 66929 10 44949
620 59552 64173 114 159090
621 59824 60913 23 11474
622 59867 59999 53 6660
623 60246 60974 47 31542
624 60377 64414 5 6595
625 60448 64403 19 21572
626 60504 75011 121 695944
627 60816 61544 103 68856
628 61010 67912 22 41910
629 61018 70863 48 224942
630 61129 61852 61 33331
631 61142 68630 37 139105
632 61255 61317 101 4497
633 61433 65541 40 72638
634 61528 63124 41 28268
635 61601 63421 10 8849
636 61657 79558 106 657350
637 61670 68925 10 59872
638 61753 65291 6 14031
639 61941 68550 22 44593
640 61996 68207 10 14869
641 62107 64889 141 272328
642 62247 67158 20 25416
643 62422 65175 8 23574
644 62708 66487 146 110150
645 62807 73483 13 83262
646 62966 63016 25 438
647 62988 63937 117 34533
648 63049 63498 110 48563
649 63159 65338 19 28406
650 63173 73394 35 223515
651 63391 67908 145 268957
652 63426 64344 138 57008
653 63540 77174 12 24129
654 63916 73833 7 29662
655 63957 67941 52 83086
656 64030 67280 18 11293
657 64355 78657 17 76326
658 64419 65153 43 9144
659 64428 71996 17 37925
660 64451 72127 48 129455
661 64462 65807 34 77006
662 64472 66308 45 47234
663 64498 66013 78 55482
664 64537 74532 45 32655
665 64756 79610 22 101794
666 64775 67367 18 22798
667 64776 67762 91 291313
668 64808 77734 114 713800
669 64902 69250 115 231768
670 64943 69351 103 146371
671 64993 70892 6 42120
672 65135 75857 22 46043
673 65140 65534 31 8346
674 65439 78796 29 122279
675 65866 70334 21 32066
676 65894 66349 36 3769
677 65918 65993 86 5932
678 65996 70897 15 16941
679 66008 76832 95 448984
680 66163 69983 26 44410
681 66279 75343 10 17400
682 66347 70888 49 87967
683 66481 72050 135 139291
684 66541 70097 66 230187
685 66759 70900 133 330592
686 66816 77969 72 176992
687 66999 68453 40 54449
688 67262 68329 148 59766
689 67370 67875 119 44610
690 67386 67542 54 11086
691 67401 68111 56 21747
692 67686 85680 33 143786
693 67755 68688 54 16609
694 67863 72993 76 94552
695 67927 79544 102 383367
696 67958 70262 137 89754
697 68022 72243 16 36424
698 68134 93627 64 236517
699 68138 75965 87 249215
700 68163 70083 137 151474
701 68226 69744 17 11603
702 68376 69851 82 100795
703 68475 69732 38 31371
704 68481 83317 41 262421
705 68825 78310 134 1637103
706 68942 71388 57 35541
707 69051 73899 20 31657
708 69119 71487 26 43922
709 69145 70014 114 58688
710 69170 81387 103 668935
711 69266 73562 111 63252
712 69284 73017 63 80515
713 69419 73905 11 5189
714 69459 79116 135 219342
715 69462 69772 100 27617
716 69475 74643 53 157440
717 69512 73393 128 61165
718 69531 74168 10 5726
719 69745 71931 97 25810
720 69750 79765 14 49152
721 69756 76265 52 80210
722 69776 71555 19 10590
723 69792 74470 92 203011
724 69835 79494 5 8328
725 70234 83590 35 458210
726 70237 70687 110 20648
727 70256 80600 41 164449
728 70386 85361 106 524412
729 70407 70698 83 8638
730 70477 89190 54 530433
731 70548 73841 17 26509
732 70569 72975 38 31526
733 70632 81135 29 106241
734 70680 70887 111 9543
735 70842 74678 23 38444
736 70859 77378 37 136902
737 70882 78815 59 119002
738 70956 72394 66 27900
739 70957 80628 23 338682
740 70993 74503 25 23839
741 71102 77600 89 236863
742 71152 75786 18 34628
743 71564 74686 20 11998
744 71735 72844 5 3908
745 71876 72154 91 8051
746 71956 76615 16 61707
747 71980 72627 89 116067
748 72002 80582 102 669426
749 72129 76952 94 124278
750 72181 77544 116 281898
751 72288 77355 14 4606
752 72301 80014 27 132159
753 72663 72851 24 1765
754 72670 83565 38 110929
755 72921 74561 65 126095
756 73145 73299 82 19314
757 73156 85197 37 156178
758 73157 79101 55 201224
759 73229 82171 37 134907
760 73251 75833 9 13612
761 73375 74563 57 38890
762 73514 76183 32 36947
763 73666 80766 53 136701
764 73785 82903 133 969767
765 73897 77948 89 123574
766 73946 75673 5 6709
767 74064 78365 145 158197
768 74217 78003 8 13869
769 74490 79499 55 231716
770 74519 77337 7 19506
771 74521 75418 43 18406
772 74734 77508 55 52433
773 74926 81995 16 87837
774 74992 76663 98 53826
775 75061 76307 28 10491
776 75072 78362 134 307538
777 75208 78776 128 398466
778 75242 80128 48 41670
779 75410 77658 96 98758
780 75487 83948 46 297806
781 75650 77321 84 54892
782 75788 79967 100 82262
783 75819 79612 117 102559
784 75963 80193 10 13185
785 76021 88313 24 116311
786 76084 79388 97 220894
787 76298 80828 51 190312
788 76337 81214 22 39993
789 76560 78533 39 19641
790 76632 81137 57 39146
791 76673 89907 65 338821
792 76869 79789 4 6691
793 76995 83921 107 775596
794 77010 81527 21 42371
795 77055 79121 17 16665
796 77105 80723 28 90285
797 77162 86187 8 52430
798 77221 77333 63 3292
799 77304 77937 8 1952
800 77382 85234 142 284986
801 77385 78412 11 4423
802 77404 82906 72 150010
803 77409 89003 41 298332
804 77524 77979 4 378
805 77579 84371 23 93810
806 77652 80461 126 284991
807 77667 85006 98 182537
808 77825 83071 146 409476
809 78019 88517 16 58664
810 78103 82237 6 8611
811 78113 87374 41 551031
812 78311 78468 31 4339
813 78324 81586 81 160517
814 78445 97413 29 478959
815 78548 85317 89 128322
816 78698 81292 74 48590
817 78728 80866 28 8104
818 78733 88109 19 26160
819 78745 79675 51 11966
820 78757 88475 93 170512
821 78790 81164 82 90938
822 78832 80043 111 21823
823 78861 79334 39 7086
824 78950 86970 14 14756
825 78951 80018 82 19677
826 79174 81583 8 14085
827 79220 85627 124 487916
828 79243 91176 25 152582
829 79287 83898 87 140690
830 79332 83120 86 78882
831 79344 79634 7 947
832 79539 82743 19 10322
833 79549 80594 76 68830
834 79571 89120 7 40934
835 79597 84920 112 166456
836 79815 91351 77 252276
837 79837 81788 61 70218
838 79906 81152 53 30546
839 79920 84137 143 123238
840 79968 88860 26 74324
841 80132 82574 7 2846
842 80288 81038 139 48113
843 80414 92338 79 708289
844 80588 90041 112 387203
845 80786 81649 93 49591
846 80914 81369 95 21719
847 80957 85772 8 31068
848 81074 82323 146 156328
849 81104 89925 19 143676
850 81197 87844 46 118316
851 81204 83580 19 42075
852 81378 86701 20 39717
853 81406 82109 55 16046
854 81465 84988 93 75492
855 81616 95242 89 1156239
856 81754 90635 7 14943
857 81829 92254 73 209162
858 81924 83186 29 17330
859 81981 93251 109 439229
860 82136 82725 11 5830
861 82259 85961 66 263390
862 82355 92408 18 55607
863 82543 90524 104 350676
864 82826 85695 48 32904
865 82859 86413 104 309624
866 82891 87196 89 106568
867 82977 83572 71 68917
868 83091 86934 131 138498
869 83324 93119 23 199641
870 83385 86065 6 20350
871 83394 85936 58 38352
872 83420 85778 75 71292
873 83439 83688 113 14570
874 83448 85986 71 49455
875 83530 85016 76 82783
876 83628 91967 15 30181
877 83704 86656 133 183921
878 83967 85196 26 9752
879 84052 86145 62 94794
880 84109 88062 62 87354
881 84148 88867 103 229992
882 84362 87146 59 114508
883 84514 95300 15 102465
884 84532 98222 42 81249
885 84738 88464 18 19588
886 84758 86482 81 39642
887 84780 91619 7 24482
888 84786 84969 42 1125
889 84844 95614 8 69532
890 84978 94524 134 326788
891 85032 90033 14 15840
892 85175 93515 64 324367
893 85466 88444 12 10479
894 85737 86836 137 70431
895 85760 92131 30 95686
896 85979 86434 47 16445
897 86078 91029 10 7808
898 86193 86441 129 16850
899 86249 93629 8 31374
900 86448 87414 6 2316
901 86490 89006 135 230392
902 86595 89186 4 4932
903 86648 88624 138 118155
904 86682 87707 8 4116
905 86690 92276 78 170381
906 86904 93077 136 671498
907 86920 91643 11 23927
908 87322 87659 140 25861
909 87382 92698 105 432229
910 87645 93539 135 767062
911 87702 92646 139 146182
912 87862 90399 43 31042
913 87934 88033 65 3533
914 88124 92451 85 137261
915 88190 89617 99 59454
916 88596 89577 118 28401
917 88626 89849 11 8983
918 88700 97345 33 94679
919 88732 89318 10 1788
920 88822 89839 50 9280
921 88835 91398 106 269974
922 88861 89480 43 21735
923 88919 91384 142 182917
924 89046 97783 28 102005
925 89104 96281 82 221290
926 89134 95483 7 21586
927 89213 92595 51 64683
928 89263 98003 142 1309639
929 89438 93771 17 19172
930 89498 94368 42 144570
931 89543 95120 22 57272
932 89842 98983 103 229813
933 89993 91705 130 99464
934 90035 95608 62 79572
935 90202 90528 7 1266
936 90217 94659 63 178511
937 90247 91850 57 52835
938 90424 93257 88 158663
939 90565 97831 18 28523
940 90996 95470 72 179215
941 91028 97630 137 752713
942 91054 91271 18 3199
943 91079 98183 146 159633
944 91103 94831 82 90501
945 91168 98742 148 295255
946 91192 98812 14 27411
947 91204 91493 89 11405
948 91267 96233 19 31011
949 91279 99411 93 281816
950 91522 91920 43 16136
951 91596 94548 125 349264
952 91623 99424 37 72121
953 91657 93482 47 18985
954 91662 94076 44 39494
955 91701 96783 47 335563
956 91709 94626 76 96271
957 91780 93906 54 39921
958 91785 97131 34 73980
959 91902 97447 70 146563
960 91983 92296 97 9931
961 92109 93595 68 19954
962 92121 94393 48 29707
963 92149 92784 51 5363
964 92164 96324 18 75861
965 92204 98005 115 130769
966 92380 96200 4 13771
967 92400 95977 20 17707
968 92896 95140 125 72503
969 93004 97688 86 74120
970 93015 94991 92 155525
971 93149 97189 21 21147
972 93281 94392 4 1635
973 93475 93590 5 302
974 93514 94189 16 2927
975 93604 97668 25 26916
976 93793 96232 54 40792
977 94107 95756 122 68706
978 94640 96040 145 78050
979 95004 96464 18 14589
980 95009 96500 112 78266
981 95398 96532 103 37602
982 95425 98921 103 99604
983 95946 98334 34 31203
984 95992 99416 33 33003
985 96094 96488 10 1680
986 96107 97915 69 119331
987 96209 98537 84 634725
988 96521 96984 42 17907
989 97036 98830 109 77284
990 97454 97720 66 4892
991 97466 98331 66 35254
992 97716 99412 33 13268
993 98035 98089 9 449
994 98327 99052 43 29349
995 98425 98491 34 1197
996 98584 99951 110 80447
997 98718 98884 80 5730
998 99039 99768 41 18091
999 99168 99470 47 4239
