50 1000 0.063
......................#......................#.###
....................#####.#..................#####
....................##.######............###...###
..................###########...........#####.####
.....................########........#############
.......................#####.........######.#.####
.....#..............#####.##............###..#####
....######..........#####.........#....###......##
....##.####.........#######.......####.#.#......##
.....######........#.####...#.#..##########...####
.....#####.......######.....###.....####.###......
......#######......#####...####..#.#.###.#........
......#.##..##.....##.##...###...#.#.####.........
.....#####...#...........######.#########.........
.....#..#.................###############.........
........##...............################.........
..........................#####.#########.........
.........................######.#########.........
.........................######.####.#............
...........................##.#.#######...........
...........................#############..........
..........................###.#########..##.......
...#.............................###########......
...#.###....................#.....##..##...#......
..###.####..................#..##...####..........
.#######.......#..........####.##....##...........
..#######...#..#.#..........######................
..########.#######.........######.................
########.#.#.#####.......##########...............
############.####...#.....#######.................
.#.#########..##########.########.................
...######################.#######.................
...##.##.#...######.#.#.############..............
....#.##....########.###..#######.................
....#.#.......###..###....######..................
......#........#####.##..#######..................
............#####.#.##.......#....................
..............#......##.....####..................
....##........#.....##......##....................
.....##.....................#.....................
.#..###...........................................
.#...####.........................................
##..######........................................
#.#.####..........................................
#######..#........................................
###########.......................................
.#########........................................
.###.#####........................................
...#.####.........................................
...######.........................................
0 40 3731 74 116971
1 69 4843 145 400557
2 475 9326 98 204478
3 638 4382 49 91272
4 712 12129 72 146014
5 862 2607 141 121318
6 1048 2867 12 32433
7 1061 1695 30 5089
8 1269 6050 126 331961
9 1317 5350 74 132604
10 1421 5637 8 37214
11 1460 4795 85 56008
12 1584 6752 5 13103
13 1852 3944 83 48021
14 1878 10300 32 92562
15 1999 2293 69 10631
16 2109 2811 55 21038
17 2179 5408 72 177266
18 2248 10572 97 441569
19 2304 2842 6 3479
20 2308 9863 105 1022350
21 2367 23248 142 772686
22 2707 3596 38 35880
23 2730 2956 50 2757
24 2841 3131 104 16043
25 2872 6775 68 109130
26 2929 19851 73 698874
27 3231 22217 116 372281
28 3243 6047 48 72146
29 3474 5181 136 56753
30 3647 11607 97 152847
31 3885 5346 6 6519
32 3986 9663 112 129516
33 4043 14556 51 221606
34 4418 6274 19 20494
35 4426 9911 114 475813
36 4687 6369 100 88741
37 4946 5485 11 2584
38 4981 9627 128 466200
39 4991 6675 10 20403
40 5059 5203 96 5220
41 5201 5660 98 21585
42 5421 6327 12 9947
43 5547 11899 73 145315
44 5622 5936 137 37040
45 5805 10050 22 58974
46 5814 9556 6 23825
47 5830 5852 58 718
48 5899 10037 94 90789
49 6533 6887 47 21878
50 6562 8326 130 27628
51 6567 6801 14 1042
52 6729 11177 11 30259
53 6929 13991 127 419775
54 6988 8604 51 26614
55 7018 7216 118 13645
56 7049 8705 47 64804
57 7082 7628 114 39333
58 7092 7155 8 569
59 7241 10248 8 3709
60 7281 12788 10 20968
61 7284 7543 68 16318
62 7746 11565 20 13406
63 7913 24914 80 835807
64 7963 9122 37 5593
65 7967 13554 70 182973
66 8081 9759 71 83506
67 8102 10561 117 65211
68 8130 13547 132 214273
69 8221 12029 16 72396
70 8226 13670 7 5694
71 8309 8866 105 20524
72 8336 12589 11 15264
73 8404 9507 72 42105
74 8642 10381 11 8784
75 8859 10601 123 51904
76 9008 9634 9 2913
77 9014 9717 92 11935
78 9091 9124 94 1663
79 9103 9971 51 31043
80 9159 11971 125 74760
81 9302 9909 5 2232
82 9380 12495 142 138195
83 9494 16910 29 112841
84 9525 12479 110 66514
85 9706 17220 23 115241
86 9804 13784 119 100595
87 9824 11007 20 15220
88 9915 18236 145 258810
89 9969 10742 7 10636
90 10138 10152 6 50
91 10153 21734 38 175040
92 10171 13293 8 11055
93 10201 10481 24 7778
94 10414 11558 150 89711
95 10457 13310 131 93971
96 10868 15193 132 394379
97 10880 13481 102 145370
98 10899 12427 35 19343
99 10907 12767 62 37110
100 11089 11542 17 3166
101 11294 14164 78 177862
102 11369 16171 39 188711
103 11387 11883 87 5004
104 11462 13485 50 23397
105 11474 15331 52 89606
106 11572 11979 82 43547
107 11590 18070 95 759756
108 11694 15428 78 269826
109 11720 12773 29 17211
110 11746 12121 51 7136
111 11862 16166 69 99573
112 11935 12391 79 22894
113 11999 20450 126 486912
114 12075 15520 36 26784
115 12152 12718 88 33536
116 12233 14638 15 9985
117 12555 17109 117 253652
118 12649 14168 18 9715
119 12820 14632 14 12256
120 12873 13179 35 14853
121 12880 17466 42 92442
122 12900 17838 122 128881
123 13076 13291 127 11990
124 13298 15289 119 278130
125 13340 20175 19 18031
126 13355 14930 134 95177
127 13370 14256 112 48097
128 13699 13738 24 284
129 13702 16315 26 31950
130 13711 23922 8 23274
131 13749 15649 137 172019
132 13774 14969 25 24847
133 13800 15050 125 75092
134 13820 14065 52 12908
135 13821 14236 35 5104
136 13831 15003 103 68903
137 13887 16096 7 4184
138 13951 14283 15 1883
139 13962 17204 58 88406
140 14068 15034 7 2289
141 14161 20909 69 407105
142 14201 18454 33 81492
143 14302 15844 61 21048
144 14334 18356 67 85165
145 14462 14793 101 38758
146 14622 16711 115 104372
147 14626 16417 137 83692
148 14681 22831 101 247101
149 14748 15328 92 22373
150 14829 17269 10 12037
151 14901 26999 111 462398
152 14919 16591 11 6338
153 14966 15577 6 728
154 14990 16712 26 19759
155 15143 18073 118 40026
156 15325 18461 11 8603
157 15380 21782 13 24285
158 15525 20110 83 328085
159 15639 17234 118 136382
160 15719 20402 73 225102
161 15826 19743 52 76706
162 15883 18013 69 56111
163 15958 17066 32 17649
164 16052 16736 91 16605
165 16338 17037 44 24417
166 16430 17111 115 64486
167 16442 18551 80 112700
168 16501 23543 132 1068575
169 16557 19751 51 51463
170 16594 18263 6 5451
171 16604 20000 101 38826
172 16622 18171 21 18537
173 16724 18357 4 4702
174 16836 17369 30 7649
175 17070 17400 34 9936
176 17555 19785 108 43601
177 17834 20161 9 15964
178 17918 22591 114 97537
179 17924 24718 40 79829
180 18037 31043 67 136159
181 18050 18108 22 718
182 18072 18099 50 1404
183 18176 31965 140 369991
184 18204 18494 113 32509
185 18250 26002 12 43577
186 18344 19867 148 283358
187 18397 20353 44 13846
188 18435 19292 143 108882
189 18511 28308 83 247247
190 18520 22843 88 67988
191 18548 31770 108 901705
192 18553 19094 80 13729
193 18576 19790 26 18207
194 18640 18797 13 1183
195 18657 28669 113 307291
196 18714 19035 5 846
197 18842 22882 66 45757
198 18895 19465 128 64545
199 18947 19729 62 25294
200 19045 20568 48 19385
201 19071 20339 136 91317
202 19121 28645 84 205297
203 19183 24853 53 110534
204 19359 21600 36 31330
205 19374 19499 72 11532
206 19619 21172 18 20849
207 19677 23513 20 28533
208 19703 20315 60 35531
209 19759 21061 37 17821
210 19815 20681 28 32963
211 19892 23539 11 22678
212 19956 30711 112 598855
213 20046 20972 62 22065
214 20102 20913 115 58243
215 20107 21163 79 23854
216 20144 24491 95 282707
217 20170 25212 112 275973
218 20281 26729 17 23935
219 20292 23839 118 187750
220 20375 29490 67 419739
221 20616 21772 70 52617
222 20618 25702 38 96561
223 20722 30068 63 105421
224 20867 22482 43 25480
225 21035 21348 93 16787
226 21339 24989 44 76475
227 21355 23622 8 5763
228 21525 23516 7 5463
229 21552 23145 91 78407
230 21792 21907 128 6988
231 21860 22541 28 11965
232 21905 25315 44 73648
233 21932 24972 149 136986
234 22304 23339 110 87722
235 22660 23841 147 65161
236 22706 24792 58 47105
237 23026 31528 34 84845
238 23059 25452 17 17717
239 23223 25199 32 25523
240 23314 28557 136 252539
241 23432 27633 7 28316
242 23472 25782 6 2825
243 23506 25064 26 7193
244 23956 25831 144 134330
245 24048 28396 42 123456
246 24232 29883 8 59428
247 24256 25096 17 10480
248 24349 31319 20 43114
249 24541 30280 57 99655
250 24746 29141 7 21610
251 24775 25896 128 127797
252 24941 30163 25 100667
253 24953 25019 49 1628
254 24960 27072 45 31406
255 25090 25857 24 14554
256 25213 28968 35 59820
257 25254 29397 57 87223
258 25261 26887 8 6747
259 25287 33645 94 231125
260 25321 25514 15 2146
261 25339 27435 98 98812
262 25436 26700 4 2126
263 25583 29049 123 305283
264 25695 27191 28 32463
265 25836 30479 7 27206
266 25962 27834 34 47367
267 26053 30774 83 247631
268 26056 27698 25 7850
269 26110 27659 8 5237
270 26264 31724 71 44675
271 26301 27073 7 2918
272 26362 29458 5 5032
273 26482 30678 5 8802
274 26543 26622 50 4019
275 26549 27199 121 64012
276 26564 30633 61 57287
277 26633 29986 29 65065
278 26663 32430 9 31703
279 26675 30818 18 24743
280 26726 28637 101 123313
281 26821 32972 7 8630
282 26859 38234 13 31055
283 26880 29225 64 92363
284 26945 36160 31 99377
285 27064 29484 50 27900
286 27195 30478 11 20626
287 27313 28390 75 51347
288 27407 29867 12 6177
289 27514 31574 34 56859
290 27551 28180 29 9258
291 27709 36229 84 295119
292 27814 32204 50 98169
293 27849 28442 88 79489
294 27998 29877 112 99309
295 28110 35805 142 284250
296 28194 30134 12 9147
297 28312 39038 140 616643
298 28318 30166 79 93647
299 28362 28545 5 780
300 28492 35464 11 26107
301 28504 29475 36 20401
302 28633 29329 39 14573
303 28741 28821 66 3100
304 29248 29591 38 20496
305 29267 31620 66 123449
306 29272 32301 10 13993
307 29281 33874 23 40459
308 29313 32639 32 29593
309 29380 30594 48 20125
310 29522 33593 117 103911
311 29619 29765 56 5205
312 29662 36307 86 204115
313 29819 31250 146 195046
314 29820 33691 25 13568
315 30050 33503 42 32252
316 30096 32514 60 21512
317 30164 30451 24 4579
318 30230 34092 17 45120
319 30320 32010 76 57570
320 30368 31546 9 2066
321 30454 30933 100 31929
322 30467 35543 28 78242
323 30513 38395 10 47526
324 30537 32964 7 16144
325 30724 31511 122 26203
326 30858 35149 104 214507
327 31055 41234 37 235069
328 31109 35586 15 33005
329 31114 36755 134 331483
330 31213 34750 72 169148
331 31228 37129 131 329821
332 31243 31865 18 7615
333 31247 31747 18 9762
334 31281 32282 137 41747
335 31336 33201 53 23026
336 31504 34578 77 276740
337 31554 37790 27 66211
338 31577 32595 117 110187
339 31609 34804 54 52125
340 31661 33495 21 28156
341 31671 32360 85 30689
342 31729 32413 47 30847
343 31786 32421 27 8521
344 31895 35574 11 20254
345 32059 33670 21 14656
346 32172 32259 42 2112
347 32188 35269 49 255371
348 32271 35264 5 3660
349 32369 35782 4 3867
350 32435 36445 24 26066
351 32557 33820 22 18315
352 32561 35844 70 184386
353 32634 33544 89 52289
354 32642 33789 17 12124
355 32779 34687 92 21722
356 32944 33119 136 27612
357 32958 35758 7 5626
358 32970 33885 142 18403
359 33086 35822 94 216921
360 33118 34271 60 41887
361 33196 35724 128 110930
362 33364 37443 91 65139
363 33411 33486 10 425
364 33538 36313 29 28833
365 33540 35501 68 51625
366 33722 36872 17 11660
367 33773 34178 131 48702
368 34024 35915 99 136650
369 34151 36621 79 35711
370 34461 38425 17 28872
371 34508 36360 74 67721
372 34518 39771 110 158389
373 34673 36739 129 199238
374 34688 35942 126 85101
375 34696 35013 53 8525
376 34910 36112 39 19125
377 35018 37634 95 95348
378 35020 37854 48 103976
379 35055 36023 35 5568
380 35078 35146 5 274
381 35138 35206 8 327
382 35247 36600 46 95250
383 35273 38502 148 379254
384 35416 39607 82 43448
385 35435 40146 143 393013
386 35463 38851 142 254671
387 35472 37197 54 43029
388 35589 36316 22 2777
389 35609 37258 7 2321
390 35717 36724 108 50635
391 35788 48322 50 305208
392 35803 37104 10 8665
393 35916 36594 71 9715
394 36159 36415 63 6638
395 36193 45754 33 178609
396 36372 36611 102 8660
397 36472 49563 24 199154
398 36895 39932 140 63971
399 36914 41389 118 976944
400 37027 39625 33 26355
401 37121 40606 27 30892
402 37227 40387 45 106201
403 37287 39563 125 199663
404 37307 42563 117 372584
405 37320 41579 131 225477
406 37442 38111 17 18577
407 37521 38446 25 8849
408 37527 39608 14 13755
409 37628 37863 29 2984
410 37662 38419 56 9221
411 37941 40910 9 13031
412 38032 46297 28 297446
413 38173 43005 62 110824
414 38239 41212 28 12950
415 38283 38572 19 1215
416 38309 38939 57 18665
417 38343 43667 30 95906
418 38473 39593 13 4459
419 38606 40530 128 162624
420 38657 42438 125 141240
421 38677 38880 138 18137
422 38701 43591 108 524274
423 38999 49326 108 402070
424 39223 42417 120 152824
425 39288 41640 72 183193
426 39336 45637 27 87005
427 39342 40951 105 37843
428 39368 43376 89 178583
429 39461 44258 94 163660
430 39598 40354 145 36021
431 39646 48756 9 32039
432 39687 43736 5 9876
433 39753 40732 72 37083
434 39821 41470 104 80861
435 39874 44218 133 239161
436 39937 42603 57 141644
437 40056 40744 6 3442
438 40159 52808 7 67115
439 40182 44000 99 215098
440 40255 40980 103 59623
441 40269 41211 84 50328
442 40436 44859 23 25885
443 40629 45850 125 301132
444 40643 41206 63 53958
445 40647 40779 24 823
446 40707 42179 95 103344
447 40784 45339 85 347300
448 40796 46201 41 59876
449 40870 40873 72 104
450 40945 42909 53 51533
451 40992 42427 70 31438
452 41072 44404 79 94350
453 41108 43416 125 114491
454 41226 42151 106 46373
455 41260 50254 60 402948
456 41266 41959 61 13511
457 41501 51264 28 162598
458 41527 46397 9 14162
459 41543 49514 113 638468
460 41628 42288 126 33624
461 41989 44490 117 172650
462 42055 42247 99 4021
463 42169 43989 12 6837
464 42204 45250 41 45919
465 42443 49114 66 85771
466 42606 43482 95 30282
467 42666 45881 96 330745
468 42723 44072 49 25358
469 42862 51572 124 409577
470 42870 44226 60 28772
471 42962 50589 146 887500
472 43120 46657 100 266606
473 43187 44128 10 4749
474 43218 47492 8 14618
475 43489 46412 110 337581
476 43526 46540 115 149233
477 43589 45481 36 44903
478 43863 45488 40 8034
479 43905 46427 53 90044
480 44031 45530 11 10620
481 44041 45175 6 1169
482 44167 44211 127 2169
483 44168 45579 9 6549
484 44396 51208 25 67734
485 44412 45272 125 54360
486 44441 51065 76 354531
487 44706 50915 29 71702
488 44779 45255 26 8417
489 44787 46333 6 4291
490 44836 54411 92 534692
491 44893 46744 24 13821
492 44914 46663 60 19593
493 44950 47506 104 155789
494 45036 48305 4 3603
495 45089 46954 13 22316
496 45116 47414 132 413884
497 45137 47482 83 58106
498 45177 48179 111 127574
499 45203 51120 32 48382
500 45419 47676 30 26224
501 45440 50705 14 20498
502 45631 46828 20 13104
503 45742 47471 55 25078
504 46204 48824 13 23749
505 46219 47420 22 10606
506 46256 46681 10 3102
507 46399 47468 15 14851
508 46498 48717 93 157165
509 46523 47400 76 20220
510 46665 46708 50 1509
511 46715 47100 64 15052
512 47134 47487 112 4052
513 47159 52039 8 28487
514 47195 48737 19 8550
515 47280 51517 41 131863
516 47389 49138 7 6174
517 47567 50040 105 195995
518 47625 50362 140 88594
519 47638 47898 23 3796
520 47659 50351 16 19465
521 47702 49780 137 51600
522 47837 54224 25 70048
523 47872 56362 4 15227
524 47938 48565 48 13722
525 47966 48492 137 74015
526 48058 51518 76 112114
527 48162 49470 23 7590
528 48180 48200 70 1535
529 48199 51225 33 103688
530 48377 51627 10 11425
531 48416 50084 4 3932
532 48424 51515 85 179917
533 48494 48663 119 12029
534 48496 50200 112 51931
535 48513 60468 111 516611
536 48589 51484 90 59705
537 48613 49302 136 61652
538 48647 49707 4 3082
539 48656 51569 33 50079
540 48734 51282 58 71728
541 48894 50857 24 8840
542 48909 52973 33 73205
543 48910 48951 99 2988
544 48946 52417 117 66676
545 49066 49418 30 5416
546 49087 52362 149 163073
547 49185 49635 28 4810
548 49445 54756 97 442445
549 49761 51798 84 154018
550 49954 50331 116 30366
551 49961 50697 29 10483
552 49966 51216 78 26380
553 50077 50938 125 57051
554 50112 50844 21 5197
555 50285 53274 77 349508
556 50303 51575 88 51314
557 50314 51898 61 57413
558 50663 53439 126 396912
559 50883 51266 33 5753
560 50936 54235 63 57823
561 50970 52198 148 105737
562 50990 53765 63 118717
563 51027 53315 96 102701
564 51148 52150 123 89539
565 51379 54762 5 17204
566 51380 59982 94 843844
567 51605 54348 17 21712
568 51738 62494 22 202547
569 52255 53212 52 23976
570 52266 53849 18 8857
571 52443 52764 124 17119
572 52465 53924 37 26196
573 52610 53287 83 16431
574 52749 53392 17 4533
575 52858 58635 118 217352
576 53291 67209 65 961001
577 53354 56332 67 86360
578 53405 53962 57 32687
579 53516 54203 10 7881
580 53547 56959 100 364467
581 53571 54014 8 1811
582 53621 53662 37 822
583 53630 54863 73 30164
584 53661 55700 73 17972
585 53706 57196 32 81355
586 53734 56850 56 75624
587 53783 56355 28 66376
588 53790 54548 89 31921
589 53979 57634 119 221953
590 54009 55049 42 25077
591 54162 60131 94 78076
592 54180 56943 58 152813
593 54218 55265 92 44211
594 54290 57216 9 30373
595 54305 61141 123 129794
596 54314 60152 54 210958
597 54368 54689 67 14804
598 54378 60472 6 27539
599 54437 65172 105 815418
600 54518 71796 47 266760
601 54697 56686 18 36138
602 54745 57519 16 28424
603 54830 67037 35 234459
604 54883 56230 39 17019
605 54971 55646 112 104707
606 54973 56858 147 73253
607 54990 63567 117 1349438
608 55296 55343 116 2426
609 55362 56809 119 114830
610 55381 58068 12 18133
611 55447 60193 40 136230
612 55489 67806 20 90189
613 55618 57804 34 24346
614 55658 58029 8 4496
615 55675 56333 86 11866
616 56093 57701 35 28575
617 56173 69114 22 100088
618 56276 56514 19 2185
619 56354 66871 17 43563
620 56693 57938 43 27531
621 56849 57755 12 2872
622 57015 59548 71 110918
623 57024 58281 8 3018
624 57032 57281 23 3909
625 57227 61123 7 44141
626 57257 62432 9 15219
627 57432 58323 61 31096
628 57452 59243 32 18422
629 57509 58185 91 52402
630 57579 58894 146 165604
631 57597 58240 79 76723
632 57740 68644 80 413810
633 57824 58821 78 77460
634 58056 58405 123 34569
635 58567 58959 99 15719
636 58582 59380 105 60221
637 58661 58902 76 13341
638 58716 59139 120 71820
639 58827 64816 51 60002
640 59051 63146 6 11064
641 59451 59620 26 1412
642 59697 60930 16 2361
643 59842 71641 112 655339
644 59876 60509 55 45648
645 60197 60862 16 11610
646 60347 60570 21 2934
647 60437 61067 44 34376
648 60491 61843 103 85940
649 60504 60828 49 9999
650 60511 60711 68 10550
651 60634 62157 12 10711
652 60718 60768 61 1639
653 60778 62324 13 10278
654 60779 64072 131 336950
655 60880 63053 22 19454
656 61071 63177 125 90824
657 61298 70709 32 188732
658 61405 65340 34 71634
659 61497 62035 16 4761
660 61598 62454 41 8147
661 61831 62828 127 72903
662 61840 64762 5 8887
663 61862 62538 62 31596
664 61882 62847 135 28011
665 62005 66408 29 54179
666 62396 67203 31 36727
667 62520 63136 125 36818
668 62524 70348 17 80046
669 62601 65985 33 35363
670 62691 65199 87 143123
671 62820 67014 7 16220
672 62827 63020 27 5144
673 62924 72105 48 503501
674 63018 63345 75 14142
675 63224 69517 5 15464
676 63343 74185 8 43248
677 63349 67826 9 11922
678 63428 72264 26 62946
679 63438 66008 6 3988
680 63457 63554 45 2253
681 63516 65147 131 130649
682 63703 77406 20 51155
683 63895 66619 103 96200
684 63999 72580 23 26256
685 64108 64975 67 29177
686 64179 65008 104 31695
687 64187 65857 73 72750
688 64211 77211 27 65249
689 64235 64566 8 2005
690 64269 65032 19 1942
691 64301 67076 136 307829
692 64302 71678 77 322206
693 64658 64754 105 5974
694 64679 66799 49 43773
695 64842 65328 4 771
696 64888 66272 43 30174
697 64941 72956 12 40842
698 64994 68031 73 74411
699 65142 66639 31 12426
700 65430 68357 133 289342
701 65551 66520 89 45575
702 65566 66970 97 47515
703 65643 75770 143 419239
704 65646 71604 4 14762
705 65661 68792 119 204601
706 66116 71484 65 85501
707 66197 67949 64 108829
708 66316 66944 17 3556
709 66647 67649 54 18043
710 66792 70085 114 358133
711 67339 67592 106 9232
712 67394 67597 46 4012
713 67443 73772 29 32631
714 67600 89353 76 339413
715 67623 69775 19 21768
716 67653 77384 32 155374
717 67678 70934 10 52486
718 67999 69952 55 134242
719 68037 68630 35 13811
720 68150 69737 23 30824
721 68289 76311 94 1466482
722 68407 69940 97 68107
723 68423 76225 31 124700
724 68448 69276 21 8008
725 68568 71158 13 51190
726 68590 76293 109 214888
727 68603 74500 49 80133
728 68634 68654 14 121
729 68922 73513 45 20330
730 68990 73902 33 55939
731 69005 73811 7 7664
732 69354 69636 17 3844
733 69401 73527 5 5531
734 69419 70635 145 62425
735 69486 70560 139 347732
736 69518 71437 28 20466
737 69814 71330 105 49950
738 69934 70193 113 13961
739 70211 70678 73 31605
740 70228 72661 26 31941
741 70270 70770 18 2526
742 70329 70597 13 3216
743 70613 71049 98 16685
744 70633 72027 29 11438
745 70641 73249 112 54382
746 70648 71867 22 7928
747 70657 73701 29 93171
748 70839 71098 6 2071
749 70922 71940 8 2736
750 71006 71081 126 3013
751 71011 71976 121 79681
752 71019 74498 51 130720
753 71104 72934 36 55625
754 71118 71266 54 7494
755 71213 73099 13 3910
756 71263 84550 40 101475
757 71268 84556 22 124357
758 71270 75013 104 280374
759 71405 72335 30 11864
760 71953 73450 57 13461
761 72028 75240 62 130398
762 72061 73383 54 8341
763 72360 72369 28 314
764 72461 74788 99 134232
765 72474 75061 14 8031
766 72659 81889 41 122588
767 72777 73912 112 99172
768 72896 77983 43 51888
769 73058 79179 7 25846
770 73112 73392 61 5798
771 73117 77652 11 5860
772 73255 76412 8 15735
773 73264 81361 49 259965
774 73307 78645 88 593582
775 73407 81763 43 110000
776 73498 74726 108 46576
777 73524 76339 84 172991
778 73833 74377 12 2214
779 73953 76665 82 84589
780 73963 83738 23 80282
781 74016 74039 24 257
782 74175 74542 34 17738
783 74318 77315 11 49432
784 74413 74827 57 15951
785 74521 77944 11 16696
786 74833 77835 15 33940
787 74989 78986 16 29915
788 75090 76358 5 4128
789 75234 84414 55 179868
790 75269 78696 42 171023
791 75352 77750 64 59602
792 75490 86907 107 859011
793 75766 78903 87 124222
794 75775 85940 11 8888
795 75968 81218 11 7825
796 76009 81433 42 57965
797 76298 79126 83 118958
798 76360 88162 43 274807
799 76485 76611 133 10108
800 76672 77043 85 14815
801 76706 78419 20 19112
802 76811 77356 105 31601
803 76919 86717 126 493475
804 76951 80381 8 7212
805 77063 82950 17 27056
806 77221 81805 15 16715
807 77295 85351 122 387915
808 77379 78440 36 35585
809 77430 79025 19 19389
810 77460 78621 81 48978
811 77533 78702 82 91521
812 77616 80093 79 166343
813 77775 80791 115 216210
814 77790 78734 89 117100
815 77830 80828 91 98795
816 77837 81257 39 88718
817 77890 79727 7 8130
818 78139 82766 42 132186
819 78265 81231 131 122506
820 78309 80774 11 30295
821 78323 84837 12 42632
822 78835 94729 48 481874
823 78861 79409 102 21805
824 79051 90016 62 182383
825 79093 81827 86 211047
826 79347 83846 138 200178
827 79405 80425 4 2119
828 79462 80444 9 5111
829 79468 79648 7 949
830 79485 86423 50 298459
831 79547 79765 10 1366
832 79739 80267 26 14544
833 80025 80647 11 6038
834 80057 84916 103 358462
835 80145 90436 39 213896
836 80300 81466 53 80508
837 80435 83152 68 89993
838 80474 83466 11 17995
839 80657 84195 136 350970
840 80693 81585 148 319264
841 80701 81638 117 80127
842 80760 84658 86 49504
843 80940 81784 28 13763
844 80944 82589 71 66238
845 80965 88269 5 22266
846 81166 87007 53 248189
847 81526 82737 16 8661
848 81700 83576 23 15085
849 81707 87367 126 86704
850 81726 82522 20 11427
851 82049 84123 10 16493
852 82327 83537 139 134500
853 82385 86574 68 74528
854 82483 83036 26 16071
855 82495 87900 87 130492
856 82605 85620 10 28105
857 82747 86987 15 38426
858 82762 83007 83 9142
859 82764 89869 34 79412
860 82813 83415 53 8187
861 82892 83940 17 5093
862 82905 83410 99 24096
863 83097 83383 16 2204
864 83136 83871 55 15783
865 83188 83768 110 42468
866 83293 85442 118 217327
867 83299 84173 136 80336
868 83440 83566 144 9470
869 83446 86055 134 60194
870 83572 85030 29 57038
871 83646 86648 8 16454
872 83657 86672 6 9048
873 83836 84869 91 39606
874 83906 92944 41 294643
875 83921 88090 48 120369
876 84044 85310 93 90091
877 84109 84863 123 42862
878 84303 85268 10 4355
879 84364 85252 125 106509
880 84377 87973 115 179665
881 84491 85770 118 94053
882 84547 86863 88 158802
883 84604 85608 6 4057
884 84659 93547 85 152529
885 84671 88280 7 9344
886 84732 86013 51 91377
887 84767 87278 120 405674
888 85117 85613 7 1997
889 85548 93042 7 44140
890 85606 93473 59 142034
891 86042 86951 142 65848
892 86163 95234 15 73866
893 86184 86318 66 4946
894 86548 91930 9 18117
895 86640 87589 46 16443
896 86757 88099 44 21767
897 86871 88912 25 23825
898 86945 87421 37 14254
899 87064 94930 106 518332
900 87103 90750 109 54407
901 87162 87679 17 3699
902 87293 88030 9 2160
903 87522 90024 71 86477
904 87639 90716 120 170373
905 87757 95091 51 472570
906 87874 90300 27 24416
907 87903 91757 55 55724
908 87984 92416 32 53267
909 87996 89830 100 117859
910 88121 89056 35 10597
911 88309 91706 39 41184
912 88515 91181 9 16248
913 88601 89370 64 27284
914 88676 89470 45 11805
915 88788 91550 73 347737
916 88791 90472 119 32300
917 88825 90858 73 234982
918 88969 98349 81 265117
919 88980 89684 130 67719
920 89114 93047 82 151523
921 89131 90069 6 3417
922 89164 92107 132 94009
923 89199 89308 13 1772
924 89202 92286 96 125708
925 89225 91933 137 113867
926 89270 90555 59 59170
927 89334 91585 137 112641
928 89787 90521 56 61597
929 89854 95059 33 75603
930 89947 90620 42 12603
931 90181 90944 93 25078
932 90220 90294 20 273
933 90307 91852 50 19285
934 90336 95630 94 154734
935 90349 90554 80 10555
936 90453 96234 8 15786
937 90887 91752 73 28690
938 91033 91774 106 26526
939 91065 95379 4 14577
940 91271 93701 98 34597
941 91279 93456 93 100036
942 91386 92001 78 25808
943 91530 94464 17 24486
944 91589 94719 21 9314
945 91639 94282 5 10218
946 91881 94041 92 111425
947 91991 92165 10 438
948 92100 93209 39 26581
949 92190 97239 41 68426
950 92196 93357 112 53603
951 92402 93141 143 17496
952 92749 93779 72 67765
953 92826 95452 61 55409
954 92833 92908 38 2402
955 93033 93826 16 6354
956 93058 94490 4 9737
957 93284 94770 44 48481
958 93356 98401 40 113634
959 93585 95518 14 13424
960 93822 94011 128 20560
961 93864 99891 14 84294
962 93894 95733 52 37522
963 93996 99887 100 346102
964 94116 94997 9 7316
965 94325 96295 30 29704
966 94402 94584 94 6908
967 94446 94691 31 2886
968 94540 97031 102 25777
969 94581 98621 15 65614
970 94626 99769 75 261304
971 94653 98524 17 30241
972 94710 95031 20 2372
973 94812 94942 139 12285
974 94870 95453 104 59608
975 94982 95320 81 54644
976 95213 98375 16 48457
977 95265 95921 135 37225
978 95381 96561 13 15390
979 95662 97751 26 36892
980 95746 99320 103 160374
981 95854 99273 57 49866
982 95924 96638 65 20567
983 96517 97981 14 5555
984 96619 96902 127 18159
985 96715 97585 13 12949
986 96791 98117 129 46675
987 96878 96922 16 465
988 97289 99568 35 76024
989 97417 99249 7 4630
990 97515 97562 39 512
991 97764 98956 4 1210
992 97796 98443 131 25051
993 97828 99296 119 157334
994 97881 99372 5 2250
995 98036 99057 129 54839
996 98185 99387 62 57167
997 98405 99410 120 39749
998 98685 99440 62 19502
999 99301 99880 137 50353
