50 1000 0.042
..............############..........####.#########
..............#############........##############.
..............##.#########........################
.............#.########.###.......####.#########..
.............###.######..#......##################
.............##.####.#...##.....###############.##
.............######.##...........#################
.............#######.#.........##########.########
.............#...####.........####################
................###.............##################
................##................################
................................#####.###########.
...............................##.####.###########
................................###.##############
...........................##......#...#####.#####
............................###.######.#####.###..
...........................####.############.###..
.............................#######...##.##..#...
...........................########.#....##.......
...........................###.#######............
...........................##############.........
..........................############.#..........
...........................############...........
............................#############.........
..............................#######.#...........
................................####..#...........
................................########..........
.................................#####............
...................................#.#............
...................................#..............
..................................................
..................................................
..................................................
..................................................
..................................................
..................................................
..................................................
..................................................
..................................................
..................................................
..................................................
..................................................
..................................................
..................................................
..................................................
..................................................
..................................................
..................................................
..................................................
..................................................
0 5 1693 123 112553
1 33 9560 73 288782
2 36 1951 115 86987
3 60 5155 4 4884
4 74 2050 5 5659
5 362 3095 18 83448
6 424 8834 108 293344
7 551 1978 101 14139
8 623 6571 95 75531
9 628 4607 20 19573
10 679 985 14 913
11 749 1531 64 5619
12 769 1752 13 6709
13 798 1150 106 10947
14 872 3820 45 44078
15 897 4818 77 142445
16 1049 7999 97 298411
17 1125 7373 33 113227
18 1329 4070 85 139787
19 1341 11251 91 682443
20 1456 23637 4 16017
21 1588 3131 104 74049
22 1750 18524 100 273788
23 1787 3026 99 40075
24 1980 5805 94 127265
25 2435 2647 48 7794
26 2477 5481 35 21264
27 2502 6157 22 58513
28 2576 2797 130 15309
29 2633 4378 124 116373
30 2640 2832 52 13815
31 2984 7561 45 316522
32 3027 4803 125 79977
33 3205 3325 10 759
34 3231 3275 92 3838
35 3236 8086 84 191397
36 3531 5017 112 35543
37 3829 3892 111 8360
38 3851 4226 72 10075
39 3911 7410 49 58661
40 3934 4172 148 15469
41 4022 4610 28 4693
42 4053 14884 24 104718
43 4063 4973 35 8871
44 4167 7172 57 33130
45 4184 9994 27 115757
46 4256 9141 121 322985
47 4434 7589 18 17953
48 4436 10740 61 240096
49 4448 4956 37 14907
50 4591 11622 131 494220
51 4605 6862 36 24662
52 4624 8144 26 16521
53 4684 11284 6 11727
54 4732 13068 12 28619
55 4868 6875 115 149681
56 5016 12450 7 30036
57 5098 22452 22 205386
58 5198 14404 132 247009
59 5351 6945 91 57117
60 5356 6412 7 4564
61 5379 9599 52 142964
62 5415 20667 16 296264
63 5505 23135 49 726197
64 5567 8572 23 56980
65 5759 10843 135 360700
66 5943 17514 9 81228
67 5957 17299 59 126091
68 5992 6505 32 8097
69 5996 7130 34 33588
70 6298 15577 14 82851
71 6540 9221 46 39972
72 6651 6845 81 3033
73 6704 10199 27 47891
74 6844 11332 33 58874
75 6878 6936 89 2611
76 6911 9868 44 78401
77 6992 24293 13 119951
78 7012 12519 29 79110
79 7029 7511 4 2132
80 7258 13673 82 354891
81 7328 14169 12 11976
82 7355 12211 5 17759
83 7428 10854 35 61476
84 7611 8847 126 158315
85 7618 8703 136 96784
86 7633 9438 69 38263
87 7725 23295 91 527532
88 7865 8901 145 163775
89 7895 18094 13 52568
90 7929 11153 78 55586
91 8019 10022 7 17467
92 8178 11551 121 295474
93 8189 14802 33 52583
94 8316 8904 45 15051
95 8431 12887 14 31991
96 8516 10178 9 4816
97 8530 9448 33 3646
98 8668 16128 140 545722
99 8755 9209 45 47087
100 8785 11404 139 417045
101 9093 9446 91 23834
102 9188 11864 9 6011
103 9217 19773 46 233778
104 9514 20088 53 428606
105 9515 12436 68 38797
106 9586 10689 4 7637
107 9676 10065 29 5425
108 9779 12385 121 395848
109 9961 23372 13 67275
110 10049 19762 100 331069
111 10174 11281 41 13473
112 10193 12449 78 63582
113 10295 10806 88 50766
114 10300 10423 128 10333
115 10302 13954 12 25836
116 10328 18190 36 65721
117 10470 12021 4 7022
118 10501 11476 27 7244
119 10507 12625 122 107770
120 10551 11711 84 42037
121 10639 15918 51 171364
122 10880 14496 17 50841
123 11010 11734 15 9598
124 11124 11623 86 21245
125 11177 16900 38 111348
126 11261 12902 7 4289
127 11275 12312 67 37883
128 11373 14679 10 20805
129 11416 15475 107 122596
130 11444 11960 15 4057
131 11483 14288 106 106064
132 11546 12272 65 41749
133 11552 17326 41 39736
134 11777 19207 66 515280
135 11853 21151 18 90740
136 11877 15507 40 114280
137 11906 12196 96 15028
138 11929 15072 16 14348
139 11994 12845 77 23425
140 12067 17855 31 22721
141 12216 17343 59 522902
142 12266 14061 9 7995
143 12326 14013 57 22115
144 12429 15664 15 11338
145 12762 16931 105 164255
146 12969 15238 50 58061
147 13120 13664 104 22177
148 13344 14899 8 10997
149 13415 16166 82 126556
150 13498 18772 118 253476
151 13549 18441 139 141877
152 13660 19540 50 154021
153 13709 13851 94 8032
154 13963 14687 109 29509
155 14016 18586 25 32847
156 14092 15534 23 13764
157 14115 16549 47 57103
158 14399 15268 6 1784
159 14593 18996 9 18682
160 14673 32068 20 58166
161 14746 15819 34 26577
162 14785 21966 75 284914
163 14917 16185 39 33596
164 14977 16149 9 786
165 15093 16796 29 30272
166 15133 17614 52 46912
167 15304 22190 80 271818
168 15422 17557 12 19942
169 15613 15759 15 1403
170 15869 16554 44 16680
171 16023 19865 4 14634
172 16062 16279 129 17256
173 16103 16204 124 2370
174 16244 16713 27 2793
175 16255 18955 146 110934
176 16332 16379 82 2813
177 16336 16571 14 3100
178 16361 19484 13 14023
179 16471 17309 59 18283
180 16652 19154 14 21247
181 16770 16988 121 24906
182 16828 17842 86 66018
183 16905 22385 13 26290
184 16958 17234 18 1599
185 17092 18970 102 115850
186 17146 20568 11 16606
187 17198 20945 118 81585
188 17275 20572 124 37147
189 17394 21184 110 52210
190 17425 19091 54 76371
191 17561 26810 13 63684
192 17697 17940 7 1253
193 17705 31178 83 511300
194 17898 25370 10 25999
195 18057 20932 59 71543
196 18310 35166 49 247712
197 18330 19849 93 127939
198 18516 24054 32 67906
199 18616 18941 83 31599
200 18854 24225 8 45471
201 18887 21732 39 97621
202 18890 20709 25 16998
203 18934 19700 5 1311
204 19265 22008 28 35657
205 19285 20064 134 54324
206 19322 26318 14 55379
207 19483 21449 33 19420
208 19559 27744 38 92499
209 19719 32490 21 113877
210 19724 25958 130 266481
211 19879 20354 8 1834
212 19899 31027 99 122035
213 19935 26823 31 51487
214 20092 23336 18 30671
215 20097 21791 114 207990
216 20111 31606 34 125118
217 20264 21037 82 44153
218 20409 24074 146 144175
219 20526 22739 105 149690
220 20732 22637 33 20033
221 20752 22445 58 17676
222 20797 24515 89 152802
223 20851 29009 127 1005849
224 20873 21417 17 2495
225 21046 27081 6 9855
226 21050 29510 11 44570
227 21133 30622 10 20749
228 21140 21733 22 11906
229 21343 22847 101 70599
230 21433 28227 26 92680
231 21604 23942 72 49676
232 21720 26035 35 185789
233 21906 24531 96 190927
234 22037 24861 61 105351
235 22173 22653 56 24412
236 22184 23034 70 54220
237 22202 29352 129 368155
238 22265 26401 59 181849
239 22341 32112 7 16552
240 22447 27460 83 106414
241 22561 26845 55 58950
242 22631 23926 5 2490
243 22646 23352 46 35852
244 22805 32050 100 844356
245 22914 32358 10 45226
246 22915 25811 128 324430
247 22930 23587 8 4237
248 23025 28128 40 52365
249 23047 24697 7 8637
250 23087 30259 47 142310
251 23129 27022 131 350211
252 23146 23460 41 5599
253 23210 23548 123 43176
254 23259 28027 125 172420
255 23288 24623 97 56251
256 23365 24012 12 4279
257 23413 26122 53 89635
258 23422 24878 75 58783
259 23483 30309 122 301620
260 23543 26014 88 87732
261 23769 28782 83 216087
262 24198 29542 25 82455
263 24200 26990 16 45117
264 24443 31834 84 84821
265 24452 29776 129 208826
266 24532 24563 8 203
267 25114 32535 133 304788
268 25282 27026 111 76027
269 25359 26474 11 7080
270 25364 28115 124 69142
271 25450 32057 36 106472
272 25581 28176 105 159312
273 25940 27636 95 83502
274 25963 27905 16 49604
275 26088 46171 62 238567
276 26552 29539 37 25690
277 26618 40125 42 232175
278 26624 27771 22 15944
279 26734 30099 111 145733
280 27258 27701 46 6544
281 27360 30339 97 165634
282 27418 32523 19 55714
283 27677 33182 111 268667
284 27759 28752 136 63512
285 27846 37606 112 545554
286 27887 28024 11 1206
287 28030 32191 25 58517
288 28057 36249 104 565466
289 28131 28183 108 5637
290 28132 31031 35 40897
291 28473 29408 65 110062
292 28530 34007 134 300392
293 28613 29339 22 13330
294 28832 41466 4 13967
295 28856 30980 147 134896
296 28887 35901 42 210664
297 28893 39334 119 432175
298 29209 30401 36 23267
299 29243 29517 24 2939
300 29299 31766 40 104785
301 29341 31646 39 55324
302 29447 31397 33 14219
303 29640 34953 7 6628
304 29673 34444 121 101374
305 29769 34356 19 17954
306 29811 35709 10 34297
307 29878 30769 64 13260
308 30068 31494 148 97624
309 30083 30362 60 7887
310 30223 44376 25 224176
311 30229 33567 78 109933
312 30489 34575 121 209685
313 30594 35324 124 391984
314 30689 32424 85 24170
315 30730 32840 23 20096
316 31037 41067 125 736042
317 31085 32279 32 21624
318 31102 31791 15 6246
319 31139 32322 81 109884
320 31259 31456 122 18240
321 31528 32514 4 3846
322 31853 36846 19 47842
323 31916 32728 118 43735
324 32075 44878 125 570842
325 32086 33253 140 72401
326 32188 37866 32 84632
327 32242 36665 138 169729
328 32487 32798 31 6593
329 32580 39681 140 215023
330 32588 34970 91 91248
331 32686 36926 102 200677
332 32729 35030 51 49613
333 32843 34898 126 72111
334 32854 48927 114 486918
335 32907 34515 79 37759
336 32909 35151 12 7319
337 32910 34558 60 22564
338 33154 34245 14 7910
339 33251 34227 77 20899
340 33268 36162 87 91948
341 33273 37214 12 66932
342 33278 38435 71 273158
343 33300 40632 137 547380
344 33382 33446 23 2676
345 33440 36637 56 74081
346 33527 43190 54 358529
347 33535 36074 5 6045
348 33545 40405 40 120692
349 33602 40608 43 49859
350 33642 33933 75 19592
351 33741 38195 112 210965
352 33744 35995 142 47147
353 33762 33826 146 9035
354 33787 46838 63 105145
355 33887 41519 18 146692
356 33896 42441 54 450464
357 33986 34418 11 4536
358 34080 38102 29 129137
359 34238 34785 8 2047
360 34286 35015 48 19122
361 34333 36853 14 15346
362 34405 36192 4 3009
363 34459 44504 103 725081
364 34520 36310 109 128341
365 34526 40618 52 180716
366 34604 38097 55 286745
367 34616 36799 124 142614
368 34627 37146 140 125841
369 34647 35146 97 32505
370 34687 38246 7 19168
371 34819 40760 126 317616
372 34831 36326 18 17365
373 34884 37239 69 104944
374 34900 38817 14 28532
375 34904 35356 14 1968
376 35060 35983 62 23564
377 35078 36472 46 21604
378 35101 38233 64 107791
379 35167 37462 55 13054
380 35307 37187 36 26010
381 35323 36917 74 60844
382 35369 38844 5 9400
383 35529 35611 23 1306
384 35554 39749 23 35445
385 35614 45102 148 1031836
386 35619 35848 5 353
387 35632 38554 19 15489
388 35725 38455 19 45297
389 35789 37069 6 5343
390 35815 36009 118 10157
391 35884 40822 26 74020
392 35887 44133 147 1028558
393 35931 38298 124 91099
394 35957 40943 31 148085
395 36251 36761 19 2419
396 36272 45356 146 368344
397 36315 37553 10 3230
398 36597 39280 82 39999
399 36603 41993 10 12521
400 36632 38384 115 82670
401 36772 46156 42 173362
402 36782 48854 5 13371
403 37076 40487 9 17960
404 37101 40658 14 22140
405 37116 42110 52 83468
406 37269 45178 9 26922
407 37303 45798 110 364175
408 37421 39123 41 26430
409 37492 48254 26 55394
410 37582 48890 76 290902
411 37668 39380 12 15014
412 37760 49855 123 301913
413 38014 38339 14 2879
414 38086 45098 139 135798
415 38624 47004 75 730849
416 38647 46734 52 203394
417 38685 52017 44 309916
418 38710 54538 43 134069
419 38888 49583 75 669825
420 39015 40577 75 111776
421 39184 42886 35 31835
422 39201 39897 24 9168
423 39208 39957 7 6439
424 39245 41715 30 53157
425 39269 39883 44 32867
426 39459 39563 74 8597
427 39461 40435 10 13638
428 39546 43206 41 46014
429 39584 42913 12 6021
430 39682 45320 126 658196
431 39759 45158 57 100929
432 39843 40390 70 37238
433 39923 42491 7 8663
434 39985 46482 143 428630
435 40060 41131 136 55502
436 40063 40852 68 18798
437 40124 42079 14 11462
438 40237 44524 130 158072
439 40432 43556 42 66558
440 40631 45216 41 35179
441 40651 43056 64 153908
442 40659 41990 50 26824
443 40748 45633 59 118074
444 40845 47876 75 372205
445 40892 48447 19 23196
446 41020 45256 32 82090
447 41035 42628 123 48998
448 41055 45156 96 219294
449 41082 43116 56 60210
450 41242 41317 55 4804
451 41263 44142 6 10846
452 41364 43305 48 20053
453 41424 47519 143 317558
454 41565 41887 13 3278
455 41876 46797 4 5268
456 41978 42238 7 827
457 42028 43275 9 4419
458 42373 55176 91 604894
459 42397 51113 143 470094
460 42466 43220 78 31397
461 42615 44972 139 202596
462 42629 45275 28 73719
463 42754 48938 95 244118
464 42801 45572 8 10458
465 42831 45657 9 8079
466 42948 44922 78 103051
467 42969 49572 5 9524
468 43084 43301 27 7674
469 43261 43364 14 1117
470 43405 43562 15 1311
471 43490 57880 46 179830
472 43573 47944 144 269494
473 43591 44973 18 9564
474 43625 48238 27 61310
475 43786 45888 109 93416
476 43818 46614 66 97451
477 43847 45210 13 8606
478 44241 47545 15 8279
479 44326 45409 36 14589
480 44339 45714 93 58502
481 44343 44919 58 10391
482 44452 48768 100 93739
483 44599 49983 89 234939
484 44607 53121 19 31847
485 44697 45578 38 18181
486 44862 49356 56 258029
487 44954 50841 5 21410
488 44971 46645 81 46262
489 45003 48072 121 121464
490 45054 50208 54 91182
491 45137 52214 145 730332
492 45985 47691 21 23955
493 46130 46659 63 7015
494 46183 49974 6 9098
495 46255 50113 123 187483
496 46258 47194 107 194721
497 46312 46466 107 27859
498 46371 48295 9 2760
499 46417 49965 147 254957
500 46494 46962 104 22147
501 46498 47889 6 4818
502 46680 47733 7 3628
503 46705 52545 103 138742
504 46794 48640 109 88590
505 46872 49264 143 149713
506 46878 56809 101 521381
507 47054 48700 50 48613
508 47112 47638 70 23717
509 47120 52202 129 173286
510 47192 48002 119 41440
511 47221 47378 73 2105
512 47612 51969 128 570027
513 47779 49036 69 54819
514 47796 47901 142 9817
515 47885 47911 32 751
516 47960 59816 9 31361
517 47963 49206 15 19147
518 48083 48165 4 207
519 48180 53931 112 353474
520 48207 50917 92 90147
521 48339 48675 71 6812
522 48344 50441 143 49890
523 48508 49288 65 23458
524 48562 50991 22 30759
525 48622 63945 31 343717
526 48827 49581 124 154666
527 48865 50295 115 127763
528 48881 51057 73 94295
529 49214 49630 27 6595
530 49271 54190 28 28012
531 49387 50945 24 23313
532 49388 52726 60 50189
533 49586 52468 142 151492
534 49687 53376 24 46317
535 49886 54568 137 817631
536 50035 52231 79 88904
537 50093 52459 71 155599
538 50104 51674 119 116644
539 50123 51514 130 102060
540 50124 51279 31 10230
541 50323 54602 83 156229
542 50330 52582 138 35458
543 50338 52398 137 173151
544 50383 51713 119 81385
545 50557 54969 52 67361
546 50609 53084 4 1557
547 50691 56206 89 61557
548 50733 55515 49 51006
549 50925 51222 106 26934
550 50932 57866 50 20705
551 51221 53271 15 23119
552 51277 57966 120 639409
553 51353 53094 147 106685
554 51423 51884 121 24236
555 51434 56392 59 102169
556 51449 52006 117 53753
557 51685 51798 19 610
558 51736 54963 150 338383
559 51767 52223 100 42184
560 51783 54696 127 372421
561 51950 53340 99 159851
562 51968 56397 21 36271
563 51971 56971 34 107511
564 52010 52493 99 26406
565 52201 60689 17 100779
566 52243 58019 17 35331
567 52289 53858 9 1755
568 52309 53445 112 53681
569 52510 53396 121 22580
570 52592 53387 44 20486
571 52622 53261 99 51484
572 52716 53753 128 63330
573 52773 52824 58 1035
574 52859 55364 19 22653
575 52930 56988 64 67673
576 52965 60614 37 348157
577 53061 69721 8 45515
578 53117 58493 9 21308
579 53127 53163 13 194
580 53313 57229 5 5621
581 53368 54400 55 23129
582 53556 56890 14 5724
583 53578 58426 6 8145
584 53700 67324 5 33430
585 53979 57394 115 161620
586 53986 54985 124 76119
587 54064 67886 22 390933
588 54106 55162 7 2504
589 54359 56453 23 12568
590 54479 55457 45 41155
591 54485 59698 26 36777
592 54525 63710 49 259641
593 54536 59907 20 15769
594 54600 57081 88 114987
595 54631 58199 113 79633
596 54642 56581 118 92188
597 54734 55046 62 3958
598 54878 55854 62 11759
599 54897 56349 30 35591
600 54919 56187 37 26204
601 54932 55131 101 9156
602 55074 55817 9 3527
603 55135 57863 91 178087
604 55142 59269 27 20173
605 55225 55528 6 641
606 55296 65304 7 30403
607 55390 57380 55 45305
608 55442 60076 30 93997
609 55527 63072 32 128964
610 55571 55668 137 4684
611 55616 61666 57 227481
612 55625 58319 6 3471
613 55743 62709 99 223683
614 55750 56107 133 13457
615 55764 59983 7 11166
616 55776 60157 5 5456
617 55828 59270 12 30461
618 55868 70517 11 139313
619 55943 58894 126 160306
620 55966 56868 12 5128
621 56175 62602 17 57033
622 56195 57876 12 7680
623 56201 60019 13 8195
624 56231 66193 138 370943
625 56239 64469 9 39083
626 56271 57932 124 399269
627 56362 59014 72 112341
628 56671 57668 104 21432
629 57007 62238 10 19965
630 57022 58624 7 2509
631 57159 74273 11 114422
632 57168 59283 41 49853
633 57287 62055 55 66778
634 57324 64011 15 26498
635 57359 66531 57 186721
636 57360 61134 87 167207
637 57367 58566 60 60720
638 57435 57964 141 47830
639 57559 61476 31 33678
640 57769 57816 25 493
641 57817 68887 54 317186
642 58065 58678 108 19003
643 58083 67786 111 290613
644 58241 60081 54 24703
645 58314 59172 99 92734
646 58351 65390 41 48522
647 58490 60826 26 20237
648 58517 63935 68 82575
649 58539 60184 94 38033
650 58746 63134 15 21525
651 58971 64361 32 113449
652 59051 68475 7 11558
653 59078 59948 5 3009
654 59079 59392 67 17522
655 59148 59569 87 22701
656 59167 66115 13 210186
657 59464 62314 92 209003
658 59539 67809 9 36343
659 59582 78230 7 34667
660 59650 63418 36 21991
661 59874 60943 5 1484
662 59908 59956 44 1348
663 59958 64342 27 27882
664 60106 64754 11 24435
665 60318 64737 122 464990
666 60407 62510 47 34242
667 60415 63198 108 68982
668 60510 66271 58 203228
669 60545 61796 49 42413
670 60577 60781 33 4581
671 60629 72324 95 469597
672 60700 63064 12 10621
673 60862 72013 148 336219
674 60885 63032 135 95032
675 60987 65471 103 226391
676 61038 75128 76 307606
677 61082 65051 13 34253
678 61125 62695 117 102928
679 61146 62154 135 95161
680 61322 62212 98 53694
681 61349 61497 91 14946
682 61719 61797 55 6132
683 62016 67658 8 11656
684 62059 62603 77 71836
685 62228 63304 129 43835
686 62254 62738 25 6234
687 62310 63438 28 10850
688 62383 63850 50 45318
689 62395 63223 118 18391
690 62400 67677 100 301355
691 62527 62537 139 1087
692 62530 64303 23 41483
693 62560 67817 101 528893
694 62859 65817 102 380194
695 63252 65161 10 16760
696 63357 68796 40 159897
697 63906 64132 100 21539
698 63915 66707 28 25275
699 64087 66767 144 177706
700 64141 65881 48 46004
701 64256 72673 5 6442
702 64317 72117 69 327719
703 64483 72951 25 122623
704 64534 65763 48 14516
705 64638 64713 15 2315
706 64662 71959 92 194503
707 64795 66938 17 9455
708 65109 69419 23 31595
709 65209 67710 50 62968
710 65232 67479 131 51640
711 65236 70473 101 191637
712 65368 65560 5 884
713 65565 66495 105 28371
714 65626 69801 14 52367
715 65828 69785 13 44870
716 65895 67930 9 10759
717 66100 67419 9 4611
718 66194 69174 74 319192
719 66325 67048 71 24163
720 66394 71798 49 114913
721 66423 66734 10 1779
722 66515 70852 53 305976
723 66567 67351 122 10584
724 66704 71867 75 226924
725 66820 75814 21 52816
726 66850 70774 17 50390
727 66960 71321 150 410279
728 67052 69264 107 202605
729 67149 97214 18 81540
730 67183 72083 125 150000
731 67202 68845 20 11495
732 67214 70330 32 48691
733 67261 67701 52 27692
734 67265 68379 77 65723
735 67620 69081 85 52498
736 67662 69028 29 10654
737 67904 74755 129 113292
738 68015 73134 133 537159
739 68348 71455 55 65004
740 68393 74344 98 267279
741 68662 71780 131 252025
742 68748 71722 14 23170
743 68919 70212 22 11923
744 68952 77920 16 59496
745 69091 70894 52 45243
746 69416 69887 66 23938
747 69502 72180 132 162726
748 69544 74014 34 279390
749 69596 70285 9 6754
750 69707 70291 90 11696
751 70044 72770 37 37489
752 70089 72751 17 8108
753 70098 76273 5 22590
754 70129 72907 16 22686
755 70135 71040 31 22144
756 70143 70276 115 18774
757 70157 72352 6 5838
758 70208 74332 89 226684
759 70287 73665 102 57344
760 70293 71436 58 38027
761 70362 80636 77 162396
762 70372 71469 78 78253
763 70569 73536 142 348669
764 70756 77513 48 120754
765 70961 75422 115 422656
766 71363 75622 18 19387
767 71366 75860 78 129128
768 71415 71883 46 11495
769 71438 77054 33 225180
770 71457 76333 7 15174
771 71587 90722 73 552304
772 71652 72798 19 17926
773 71681 83952 87 470787
774 71821 71895 73 3503
775 71885 75012 123 131107
776 72004 74183 131 314237
777 72098 80575 52 392441
778 72497 73978 7 7655
779 72557 80391 46 97027
780 72661 79541 74 216214
781 72826 81869 4 25407
782 72908 74573 19 17289
783 72932 73245 60 6497
784 72940 77273 15 62388
785 73479 81289 21 44943
786 73507 76128 26 49793
787 73709 76864 47 79120
788 73711 80001 29 171331
789 73723 81859 6 93307
790 73817 80549 21 72835
791 73994 76978 18 28158
792 74002 74163 142 29209
793 74214 74715 23 3686
794 74215 74426 97 8966
795 74220 74493 101 26339
796 74234 78182 121 168713
797 74343 76972 123 204448
798 74464 75642 83 27446
799 74498 79433 14 23932
800 74501 76186 50 65259
801 74553 75182 104 20290
802 74783 75962 100 58982
803 74837 79867 27 42156
804 74928 75805 57 68306
805 74992 85232 39 108800
806 75000 75381 48 20511
807 75032 76154 26 20306
808 75217 91052 59 323077
809 75383 80158 18 22035
810 75455 81649 71 381693
811 75471 84217 10 20692
812 75482 76168 46 18811
813 75566 87319 29 90385
814 75714 81177 113 472556
815 75822 76370 22 6670
816 76097 78150 145 93621
817 76371 80612 127 158130
818 76508 77468 13 1805
819 76539 79249 15 6379
820 76749 93721 19 144411
821 76779 80286 25 37145
822 77085 78424 8 8170
823 77189 78796 64 75918
824 77304 80367 7 2880
825 77360 81771 81 88560
826 77471 81990 53 95516
827 77681 85184 15 24208
828 77734 89746 42 134412
829 77808 77957 10 822
830 77937 78447 52 12824
831 78042 80924 104 142842
832 78044 80426 78 71926
833 78086 85451 49 182707
834 78116 80306 4 3508
835 78179 81985 24 48648
836 78198 83034 101 185738
837 78324 80083 33 42947
838 78751 85216 44 130010
839 78832 79786 17 3264
840 78937 80348 83 20052
841 79062 82287 45 145940
842 79172 87972 25 39056
843 79271 89693 87 428989
844 79346 80117 57 10487
845 79448 86350 50 115538
846 79543 81564 27 39239
847 79675 84755 6 9217
848 80012 89357 28 67546
849 80145 80495 37 33608
850 80294 82155 103 108345
851 80515 84236 98 73765
852 80650 82228 146 98083
853 80896 84320 61 87971
854 81008 82171 4 945
855 81049 86678 31 58468
856 81067 82942 120 98570
857 81212 83169 123 202944
858 81279 83775 19 17043
859 81343 83932 32 29361
860 81364 82446 6 7181
861 81485 81523 30 408
862 81510 86326 86 90589
863 81512 81930 109 43846
864 81694 96305 81 555565
865 81920 90119 8 24846
866 82157 84151 60 65064
867 82364 85275 20 21187
868 82417 83332 91 86265
869 82463 85031 4 4785
870 82467 84244 29 37384
871 82509 83173 26 9954
872 82555 85276 33 29974
873 82584 94083 23 198618
874 82593 82887 105 59026
875 82632 86647 51 63578
876 82676 84638 38 77711
877 82708 82766 95 5514
878 82748 87509 54 166206
879 82755 84227 80 86134
880 82918 85035 47 37462
881 83055 83568 136 60172
882 83379 86614 93 82977
883 83616 86528 24 52734
884 83618 85810 47 32070
885 83625 84867 141 77729
886 83675 86801 61 80593
887 83858 89654 141 433123
888 83994 84015 16 90
889 83995 84621 128 75166
890 84019 84803 53 21740
891 84040 85304 112 41549
892 84157 91232 7 17992
893 84177 90699 34 58111
894 84195 88234 59 100138
895 84232 86774 111 110160
896 84308 84908 79 77638
897 84516 84718 110 14282
898 84540 87879 63 73580
899 84602 85230 96 43976
900 84659 90386 142 440794
901 84773 90488 55 46381
902 84831 85101 60 10328
903 84847 88028 56 72786
904 85032 86555 76 38738
905 85049 88495 30 30626
906 85063 86590 13 7149
907 85128 91226 34 128584
908 85359 92111 80 91598
909 85463 86460 15 15632
910 85470 88177 106 202109
911 85736 88795 85 105170
912 85767 86019 76 7657
913 85804 92537 10 42307
914 85858 87677 133 290104
915 85978 87344 8 6318
916 86098 88204 62 56044
917 86179 94559 117 120706
918 86250 94546 111 412487
919 86478 90397 13 13552
920 86514 87433 126 39012
921 86716 88049 27 14185
922 86816 89643 41 73998
923 87023 94302 26 60813
924 87099 87853 17 5372
925 87109 92777 142 247831
926 87194 92977 50 252311
927 87231 88571 29 13445
928 87337 91827 29 56518
929 87451 93199 131 256789
930 87513 87569 44 987
931 87681 88656 144 240017
932 87869 90264 135 249423
933 87895 94049 66 241649
934 88097 94519 15 85258
935 88117 91710 28 68011
936 88153 89502 43 18439
937 88179 95952 122 466557
938 88355 89679 26 12999
939 88483 91771 97 198192
940 88548 88882 25 5333
941 88565 89010 6 1410
942 88646 90971 14 17440
943 88794 94906 108 603110
944 88874 93484 134 489288
945 89117 92463 41 62198
946 89306 92050 100 178637
947 89307 94562 47 113181
948 89506 90738 54 21867
949 89705 95872 14 48058
950 89791 94237 26 200705
951 89829 96435 110 530511
952 89953 94091 28 39136
953 90111 91081 57 31835
954 90432 95743 9 31280
955 90823 98683 27 101405
956 90843 93450 96 258759
957 90955 91089 58 1444
958 90982 92542 4 1951
959 91017 93837 17 14296
960 91302 94098 93 145666
961 91701 91976 8 1602
962 91765 93932 12 12155
963 91884 95351 18 59005
964 91891 94270 60 51144
965 92101 92597 25 27677
966 92289 92316 43 318
967 92311 94479 112 101980
968 92341 96167 6 5126
969 92657 95143 5 16211
970 92784 93079 64 7148
971 92980 94464 115 55209
972 93289 93812 4 1586
973 93388 98048 4 10886
974 93680 96153 27 16832
975 93683 96608 98 115431
976 93718 99956 39 106583
977 93742 99899 8 14110
978 93788 94045 77 22008
979 93894 96224 144 217222
980 94557 95210 6 998
981 94584 96829 11 4443
982 94793 95326 16 4081
983 94936 95133 40 6330
984 95722 97582 6 5466
985 95766 97478 111 67630
986 95842 97066 11 5586
987 96213 97524 75 58140
988 96421 96825 7 1813
989 96539 97748 115 48874
990 96694 98231 106 41046
991 96719 96778 143 18290
992 97477 99472 77 64160
993 97883 98358 28 12522
994 98033 98301 58 9453
995 98284 99168 36 16661
996 98302 99677 36 41240
997 98393 98873 119 25317
998 98834 98999 41 5975
999 99525 99992 46 6295
