50 1000 0.071
...............##.................................
..............###.................................
.............###..................................
...........#####..................................
...........#########..............................
.............##.#.................................
..........#####.#.................................
...........#####..................................
..........#####...................................
............#.....................................
..................................................
..................................................
..................................................
...........................................#......
.................................###.......###....
..............................##.####.....#####...
..............................######.....#######..
..............................#.#####......######.
..............................####.##....#######..
...................................#.......######.
..................................###.......##..#.
..................................#.#.............
..................................................
..................................................
..........................................#.......
..........................................###.....
...........................................##.....
........................#.##......................
.......................#######....................
........................##.#......................
........................#.####....................
..................................................
..................................................
..................................................
..................................................
..................................................
................................................#.
...............................................##.
..............................................###.
............................................#...##
............................................##.##.
...........................#...............##..###
...........................#................######
........................####...............#######
.......................##.##..............######.#
.....................#######.................#####
.....................#######..................#.#.
......................######..................####
........................#####.....................
........................#..###....................
0 35 7996 86 401778
1 66 1884 25 11580
2 76 1174 78 63773
3 136 3637 134 81085
4 196 7595 48 87827
5 287 2813 47 59670
6 520 3788 42 41810
7 569 6346 33 75100
8 642 10934 46 272497
9 644 12210 39 399526
10 712 16178 13 119538
11 840 18308 15 94636
12 907 21129 27 235095
13 911 23182 15 58547
14 1028 3388 29 33789
15 1096 7566 21 48075
16 1305 8264 20 52724
17 1588 40460 60 1437211
18 1634 7269 5 5077
19 1655 51039 68 1206328
20 1708 1815 73 4688
21 1842 15134 78 1056859
22 1849 2869 54 12332
23 1917 6418 81 141236
24 2124 6079 135 242668
25 2130 3541 33 12083
26 2200 2785 94 35037
27 2257 4638 105 92882
28 2338 16370 49 310297
29 2490 5712 56 69599
30 2494 3151 19 3858
31 2635 3322 128 39595
32 2806 20922 35 231014
33 2815 7163 33 39216
34 2961 10435 21 42276
35 2966 9722 101 340432
36 3005 11557 5 15311
37 3142 6284 58 107915
38 3379 15059 79 528788
39 3417 9852 8 47930
40 3765 3795 17 913
41 3796 4182 5 798
42 3907 32557 123 1059035
43 3941 6328 9 11277
44 3986 16833 136 776494
45 4117 15328 103 327993
46 4193 5673 47 17088
47 4196 8638 22 37720
48 4227 6809 42 31014
49 4312 6178 13 7792
50 4564 7422 143 55020
51 4631 13053 149 697189
52 4842 11891 38 49944
53 4985 28050 65 212958
54 5028 9757 132 153713
55 5116 9640 76 132242
56 5138 15860 132 665706
57 5205 8086 6 8148
58 5248 19814 17 90944
59 5284 13808 42 176441
60 5290 6352 113 52112
61 5313 8288 9 12227
62 5471 6423 16 7126
63 5488 15839 54 186979
64 5489 8471 13 11227
65 5511 5601 11 1763
66 5549 7865 27 55453
67 5591 15288 90 343448
68 5908 9396 113 88630
69 6005 11056 5 25305
70 6039 29237 8 225783
71 6109 12497 8 15057
72 6235 7833 16 20491
73 6491 7729 26 21356
74 6525 19251 21 103192
75 6608 39978 28 408419
76 6902 8332 20 21975
77 6962 10071 93 139901
78 7016 8246 18 13121
79 7025 7185 40 3614
80 7027 7287 56 6753
81 7051 7918 67 56029
82 7311 7669 18 5516
83 7340 16460 43 150195
84 7419 12247 35 117851
85 7492 11095 8 11194
86 7507 8418 51 30485
87 7590 12211 128 167462
88 7607 9300 123 210435
89 7611 9951 77 47906
90 7650 13519 127 141546
91 7737 8580 54 37773
92 7848 23887 24 96895
93 8116 9739 4 4742
94 8261 24305 4 56491
95 8276 33156 16 71279
96 8406 9437 35 9377
97 8429 9302 112 63787
98 8434 10781 84 74788
99 8459 41160 15 139642
100 8553 12250 123 688802
101 8577 8787 29 6296
102 8646 23989 25 110977
103 8804 13794 24 29203
104 8830 16627 86 263070
105 8923 14897 31 58275
106 8935 36336 34 82700
107 8952 12197 130 133749
108 8975 14264 4 8525
109 8997 14034 16 53311
110 9028 10868 130 124746
111 9322 11665 52 52245
112 9430 9832 89 19755
113 9499 10151 15 2854
114 9656 22906 90 445443
115 9768 16276 49 59664
116 9821 14808 108 216238
117 9885 26471 32 201447
118 9904 13950 9 18981
119 9916 15802 59 182969
120 9981 21425 4 33183
121 9986 11526 129 127680
122 10049 20609 29 184704
123 10179 10916 97 21272
124 10228 18339 130 681781
125 10256 15334 63 114534
126 10268 10997 124 74006
127 10289 15111 121 177346
128 10300 12350 57 32964
129 10303 29864 97 979616
130 10359 13607 32 36302
131 10485 21059 134 351902
132 10583 14474 24 10616
133 10633 13158 148 163665
134 10685 17463 28 73276
135 10834 18818 34 195459
136 10894 19936 75 311506
137 10900 15471 16 22855
138 10988 22166 76 257066
139 11001 14757 144 190180
140 11153 22936 81 101057
141 11190 17901 96 214052
142 11233 19297 54 185041
143 11248 19852 120 164483
144 11281 20592 146 633883
145 11282 48882 84 667360
146 11492 20583 102 348794
147 11544 24912 7 27779
148 11553 15383 13 45664
149 11602 30340 141 1742291
150 11698 30799 14 142513
151 11703 12069 149 22751
152 11796 28640 23 123966
153 11986 21828 43 241855
154 12105 18774 97 239485
155 12228 20942 23 107933
156 12289 14161 92 47530
157 12341 39488 92 1183133
158 12355 17386 45 78877
159 12472 24778 8 23710
160 12488 14342 139 80460
161 12571 30630 147 1450137
162 12616 13157 106 65563
163 12881 17375 8 7687
164 12894 17871 39 41954
165 13037 47070 16 112822
166 13051 25178 8 30819
167 13061 22989 84 320167
168 13137 23225 121 666326
169 13271 16505 150 202964
170 13286 18789 6 14446
171 13321 21621 123 286922
172 13384 18622 24 83866
173 13446 18559 102 307050
174 13566 15007 22 29968
175 13647 17865 17 19969
176 13814 18158 40 183536
177 13907 19294 8 13767
178 13973 30295 102 555316
179 14087 20732 32 66631
180 14142 27680 34 332205
181 14168 21058 124 825667
182 14211 14540 50 10765
183 14220 23272 84 701345
184 14361 14987 109 23336
185 14440 38623 17 121091
186 14498 33611 48 194332
187 14536 25201 10 75641
188 14679 19560 9 37238
189 14742 19117 63 108844
190 14922 23604 21 85051
191 15094 30336 8 19063
192 15232 26242 148 461644
193 15374 21068 73 379343
194 15382 23931 105 253610
195 15520 21063 44 136902
196 15523 20902 49 106153
197 15525 23267 138 298336
198 15663 17704 49 47981
199 15701 21773 15 91354
200 15702 49303 77 582230
201 15790 20069 14 23941
202 15842 17256 111 79064
203 16274 22368 139 926327
204 16407 33272 9 97353
205 16409 33022 148 1108536
206 16491 26572 135 369278
207 16586 26503 87 355652
208 16657 34429 142 1054519
209 16796 20369 38 53501
210 16953 18127 23 13770
211 16961 21305 105 362506
212 17112 19116 53 92793
213 17310 25846 41 73018
214 17515 26334 62 116336
215 17732 17882 38 4672
216 17733 19278 30 5740
217 18026 28653 11 40204
218 18099 32126 5 21500
219 18269 30598 41 190622
220 18323 22659 33 65110
221 18405 21236 71 77313
222 18545 36156 26 239673
223 18602 20298 8 7450
224 18716 30354 17 53406
225 18721 23652 48 131249
226 19090 43687 13 84206
227 19292 21370 7 3013
228 19440 25328 14 85086
229 19586 24060 4 2618
230 19603 27323 50 216210
231 19613 20208 110 34623
232 19748 22141 24 14030
233 19761 21071 137 55387
234 19820 23473 86 328577
235 19906 49811 32 386163
236 19917 26273 46 372157
237 20062 29714 115 703638
238 20081 23704 92 144466
239 20222 25485 125 372388
240 20235 21304 30 31920
241 20630 34202 123 777247
242 20708 20977 33 5300
243 20814 29260 127 510573
244 20920 32663 82 273791
245 21149 21715 56 3692
246 21170 22778 51 40678
247 21171 23162 134 137997
248 21205 24140 109 293709
249 21479 23957 90 42300
250 21945 28248 137 428800
251 22117 27276 11 72093
252 22178 22982 7 1635
253 22713 23244 9 1600
254 22939 24830 87 101001
255 22978 23964 39 10441
256 23038 25370 116 90662
257 23197 24197 86 58187
258 23204 26037 99 80092
259 23286 23599 145 20463
260 23301 24529 114 83440
261 23387 23839 30 1791
262 23567 29602 49 76023
263 23786 48715 104 2722773
264 23816 26239 115 117045
265 23908 24724 76 47036
266 24352 24374 96 947
267 24396 31448 70 255544
268 24584 38092 122 843453
269 24623 33489 118 376427
270 24767 40087 5 25429
271 24972 27089 72 102126
272 25027 33605 4 30614
273 25083 31494 149 708583
274 25095 25391 5 564
275 25172 25593 39 9034
276 25279 26384 17 10047
277 25299 25398 87 4247
278 25488 52797 33 322944
279 25528 33470 51 198048
280 25549 38260 9 94480
281 25606 33092 54 195487
282 25705 28839 76 32880
283 25764 40790 103 947035
284 25819 26031 21 6723
285 25902 32851 10 17080
286 25908 27121 5 6179
287 26126 26373 77 17253
288 26178 27560 80 40767
289 26240 28084 13 14425
290 26381 38565 38 264773
291 26398 30132 24 44839
292 26562 29989 68 160353
293 26694 28399 10 8096
294 26803 53847 7 49474
295 26844 27937 62 35208
296 27032 44652 27 195666
297 27038 38948 144 282598
298 27080 44971 6 37337
299 27199 29932 7 6694
300 27420 37375 46 251837
301 27798 44449 72 1413229
302 27958 63587 41 418700
303 28006 29684 35 32364
304 28123 58924 8 52635
305 28216 28936 51 15090
306 28225 29355 101 88304
307 28256 31604 87 211168
308 28271 45852 35 229537
309 28422 35630 80 461355
310 28454 47598 87 448452
311 28493 37570 61 244563
312 28518 35304 71 444780
313 28795 40113 66 437021
314 28862 28974 141 11621
315 29083 32117 17 17196
316 29184 31742 26 107812
317 29251 41318 76 179401
318 29293 31334 40 52744
319 29494 38521 43 122915
320 29547 32287 75 56944
321 29671 48168 97 350173
322 29699 37152 68 356235
323 29769 41362 36 274446
324 29805 30186 40 7650
325 29941 36632 27 69103
326 30180 34275 12 37093
327 30287 42959 97 633463
328 30293 30352 69 5815
329 30387 34905 84 327627
330 30485 30870 74 71556
331 30569 32247 36 26052
332 30600 36259 74 122195
333 30662 49019 56 475059
334 30679 39674 10 32566
335 30786 45730 74 453295
336 30957 33868 22 19206
337 30998 47069 12 72893
338 31008 40238 11 44187
339 31064 57894 40 249498
340 31258 32785 135 201806
341 31300 32947 4 5187
342 31427 39156 10 30415
343 31486 36466 94 167750
344 31525 52267 4 29060
345 31590 59670 11 179288
346 31814 47759 80 591097
347 32066 38395 115 73689
348 32174 51859 148 1700070
349 32217 42884 30 68590
350 32403 82503 39 429906
351 32453 37711 56 55208
352 32538 34102 80 64960
353 32699 42816 143 807139
354 32991 33570 34 5049
355 33013 35508 22 50012
356 33038 39062 8 16096
357 33050 45487 102 358688
358 33170 34307 47 34216
359 33193 40414 147 253253
360 33204 50556 18 125859
361 33289 39050 82 298312
362 33536 34343 6 3287
363 33833 50474 6 26945
364 33983 39332 50 66671
365 33996 38050 50 155026
366 34005 37423 91 130587
367 34095 46668 132 815218
368 34329 38693 30 68651
369 34432 35624 9 6332
370 34641 38362 94 303744
371 34716 39712 149 181166
372 35199 41334 21 98286
373 35364 55803 23 62071
374 35383 71258 7 34702
375 35483 46263 48 635838
376 35513 41047 18 18118
377 35607 64459 52 679343
378 35812 47698 38 189307
379 35939 55718 133 466517
380 35987 40222 18 40183
381 36349 37563 127 42611
382 36391 41983 41 51577
383 36423 40620 141 309491
384 36539 48227 84 515416
385 36562 50710 11 62911
386 36742 52116 41 240681
387 36842 37173 137 29803
388 36881 41197 23 76265
389 36901 53916 78 431070
390 37055 51508 104 499657
391 37110 41077 71 291783
392 37268 38733 37 41431
393 37314 56499 4 22388
394 37320 40878 55 146027
395 37327 47076 82 204635
396 37339 39564 32 14957
397 37461 42211 99 217535
398 37490 38044 11 3572
399 37655 38627 85 33100
400 37689 48294 24 111354
401 37860 38845 17 19292
402 37903 43858 40 52244
403 38037 49353 22 156218
404 38046 41902 26 27977
405 38258 42130 31 78204
406 38677 51632 9 61426
407 38679 44587 7 10656
408 38988 57244 66 331958
409 39088 43263 34 107770
410 39132 47754 113 538364
411 39204 43026 24 38675
412 39269 40762 19 10222
413 39338 41294 109 164929
414 39353 49201 63 349992
415 39477 55068 51 448947
416 39520 61605 74 486659
417 39608 41393 97 79352
418 39615 44357 104 211935
419 39724 41350 27 22231
420 39788 44774 27 52464
421 39798 52824 25 216017
422 39881 42203 92 104200
423 39882 51585 21 50998
424 39973 46895 8 44235
425 39975 41844 111 214346
426 39976 44648 57 164598
427 40069 43450 62 71776
428 40167 45723 7 25873
429 40186 41865 62 43607
430 40357 45810 13 56576
431 40371 47157 101 323723
432 40465 49479 22 172632
433 40611 41710 12 11763
434 40763 45441 109 382754
435 40859 51794 108 359543
436 41309 43476 37 11480
437 41360 46888 7 25442
438 41432 42671 12 9296
439 41437 51801 141 1160757
440 41499 42685 25 28206
441 41523 68903 86 1418630
442 41544 57207 69 265652
443 41647 51318 37 73350
444 41667 51676 111 177003
445 41703 46429 73 150879
446 41812 49787 35 209219
447 41948 49325 108 332203
448 42090 44185 98 164782
449 42504 43379 105 39135
450 42527 52974 18 69115
451 42708 43173 117 16592
452 42715 81211 18 342790
453 42748 59508 28 361445
454 42768 59315 13 62121
455 42885 99937 23 414408
456 43099 56032 58 117551
457 43207 52514 6 15452
458 43220 47353 37 34879
459 43241 49036 99 513007
460 43273 43320 20 664
461 43357 51488 42 231807
462 43503 61540 42 115252
463 43635 50143 82 196293
464 43760 45636 9 3959
465 43877 46437 88 60050
466 43878 46775 100 85643
467 43888 44465 132 33000
468 44038 53224 72 240764
469 44046 47878 7 13927
470 44051 51116 10 22479
471 44097 53694 20 159069
472 44126 48365 11 13674
473 44526 52764 31 106122
474 44546 48643 37 48593
475 44675 46045 121 62078
476 44691 47302 20 21321
477 44797 47749 144 565305
478 44848 47578 27 20288
479 44950 59384 24 174289
480 45021 51243 33 89944
481 45433 46716 133 140822
482 45439 55787 95 246078
483 45494 53129 134 282334
484 45612 45906 33 3604
485 45614 78742 23 540437
486 45769 47510 34 98636
487 45791 54688 66 125467
488 45875 51963 5 11990
489 45915 48395 83 72471
490 45984 50427 66 144270
491 46074 71216 6 95746
492 46267 48791 21 10045
493 46464 47483 58 25865
494 46534 52635 80 132500
495 46555 56833 9 120173
496 46579 79939 99 646576
497 46581 50243 87 133412
498 46657 54691 48 204387
499 46896 46910 13 94
500 46947 48721 113 39830
501 47045 64898 23 118930
502 47049 48618 8 3827
503 47068 48650 8 4450
504 47137 48170 15 12109
505 47409 49714 16 18568
506 47770 49237 48 25564
507 47785 47947 5 530
508 47786 51573 81 261558
509 47960 48248 70 11105
510 48034 52605 40 62363
511 48079 63536 85 449255
512 48205 57862 71 102484
513 48496 58497 17 61228
514 48642 53538 37 58930
515 48652 53747 20 23989
516 48700 58736 105 197517
517 48941 50159 24 20730
518 48985 52447 14 25769
519 49166 50600 20 25726
520 49238 57503 119 90574
521 49486 64174 7 29688
522 49527 53495 59 106194
523 49555 53032 69 160987
524 49580 50449 106 202181
525 49593 52202 26 18264
526 49605 57009 125 226582
527 49659 53150 64 74502
528 49719 61247 89 412356
529 49790 50461 6 2448
530 49831 49890 59 664
531 49923 52186 76 66925
532 50005 51690 19 10634
533 50096 57031 29 56472
534 50310 51788 8 4835
535 50357 50938 83 23296
536 50404 53609 56 41985
537 50433 58038 6 18599
538 50477 51418 25 16358
539 50502 50635 70 3620
540 50582 62764 29 120373
541 50587 54196 132 132308
542 50811 52790 134 263476
543 50817 52972 55 62079
544 50897 52935 8 11179
545 50930 54101 41 28270
546 51133 54298 126 370642
547 51216 53389 110 57044
548 51237 72244 39 447093
549 51296 51836 4 720
550 51326 65379 34 230667
551 51394 60582 83 418439
552 51549 59976 14 22464
553 51556 63903 44 106824
554 51609 73870 12 146832
555 51797 59200 93 87405
556 51827 59396 50 338166
557 51961 60015 12 22352
558 51990 78658 23 248575
559 52122 59945 11 25294
560 52208 60935 74 341060
561 52397 57536 49 107874
562 52461 54431 29 25323
563 52598 57629 9 25583
564 52637 53932 129 214125
565 52826 58362 113 97343
566 52866 63926 19 115821
567 53002 60300 4 10427
568 53063 56219 51 106010
569 53193 65060 99 287545
570 53254 58476 139 324815
571 53284 54601 137 102256
572 53439 56726 73 280601
573 53486 56680 41 51254
574 53640 55969 14 28262
575 54018 63855 12 80723
576 54252 64147 149 213057
577 54295 67301 98 475498
578 54839 60603 6 17230
579 54910 60846 39 39700
580 54950 58954 118 176685
581 54957 68162 63 386025
582 54971 55232 81 8845
583 55093 59354 37 68333
584 55135 57287 139 138199
585 55240 72774 79 140887
586 55265 73723 123 852451
587 55385 56385 26 31328
588 55404 58985 21 14481
589 55847 59703 83 94477
590 55898 64322 9 69073
591 55925 67199 31 192885
592 56024 58710 104 213185
593 56066 60767 138 119644
594 56389 63361 53 158633
595 56705 66259 9 22525
596 56790 71565 73 683622
597 56869 57735 23 7943
598 56982 61222 53 125662
599 57051 58548 123 65301
600 57277 58978 109 195578
601 57388 69446 12 53436
602 57579 66906 112 574352
603 57613 77005 127 181975
604 57705 58731 89 45595
605 57789 58667 49 46470
606 57984 58530 11 9636
607 57995 64326 55 162114
608 58006 58478 37 13722
609 58008 83164 40 566093
610 58036 59861 7 7683
611 58097 60410 8 4140
612 58130 62092 82 128728
613 58134 58247 11 846
614 58164 61600 53 103436
615 58334 69994 76 470672
616 58368 68509 97 587945
617 58482 59003 22 4705
618 58594 79640 11 56261
619 58747 71091 18 145687
620 58778 61269 120 216324
621 59010 84925 85 498247
622 59077 63936 10 15920
623 59117 67040 81 507594
624 59238 62075 20 12673
625 59303 68634 36 223309
626 59311 73382 81 695927
627 59317 60562 108 62360
628 59411 61059 24 21590
629 59524 59716 74 10246
630 59565 72942 51 480653
631 59575 80609 38 342393
632 59844 77841 63 292858
633 59953 79872 46 474243
634 60131 67761 31 49974
635 60143 64424 33 65301
636 60189 92846 14 260463
637 60272 64542 32 29204
638 60281 72483 107 229295
639 60316 66193 67 122742
640 60396 64030 56 91451
641 60413 62508 140 120559
642 60418 72436 13 63450
643 60479 62910 93 46637
644 60483 76056 121 254074
645 60486 74863 10 62466
646 60492 61211 134 49052
647 60498 61646 132 205541
648 60662 69230 41 162969
649 60995 69012 68 167864
650 61042 63493 79 118290
651 61162 65203 85 125929
652 61260 70243 90 429444
653 61267 71829 56 351168
654 61310 63650 92 14777
655 61557 65720 11 9309
656 61681 71496 116 403733
657 61837 67490 32 44388
658 62107 64233 32 25203
659 62156 72396 35 212948
660 62337 66046 56 78928
661 62664 72916 7 12806
662 62687 63599 49 22272
663 62754 67005 90 569673
664 62817 71480 26 47461
665 63042 70915 121 493919
666 63077 92400 52 194322
667 63640 97346 83 722471
668 63705 73732 7 49281
669 63803 69930 38 88862
670 64032 81852 122 1437211
671 64061 68692 121 373937
672 64109 67407 131 223476
673 64150 65897 76 26766
674 64156 86955 88 299356
675 64173 64336 22 3051
676 64185 75852 47 225339
677 64217 80310 45 278082
678 64293 70567 95 619740
679 64429 70432 71 123460
680 64658 77013 83 372434
681 64709 67641 5 5496
682 64743 65254 5 1373
683 64799 71118 116 365958
684 64882 77753 52 135713
685 64964 65758 7 2536
686 65007 85425 148 903274
687 65075 66508 87 88941
688 65198 66296 81 72618
689 65246 71200 21 44976
690 65493 69125 29 42802
691 65501 70068 20 15374
692 65541 67937 16 28607
693 65624 81724 25 137131
694 65783 85252 33 100645
695 65814 68619 26 34017
696 66013 66111 44 2169
697 66026 85353 6 11853
698 66028 66061 25 610
699 66082 80630 71 467044
700 66167 68332 75 21917
701 66210 81980 105 617334
702 66289 67973 35 35786
703 66325 71138 46 92907
704 66469 71528 28 67219
705 66480 68838 14 17623
706 66484 73223 49 57075
707 66510 95301 70 452424
708 66624 74100 27 19997
709 66637 82881 113 2071887
710 66679 67863 138 38651
711 66697 67737 126 85686
712 66712 74239 56 196656
713 66944 69937 87 152815
714 66955 70882 138 145156
715 67062 69063 107 74637
716 67067 69773 6 6738
717 67082 78576 95 234175
718 67222 69415 13 34485
719 67355 68535 41 39711
720 67404 86245 12 142331
721 67431 73796 5 25436
722 67590 72167 39 127138
723 67659 79564 124 210060
724 67686 69925 26 31216
725 67841 71518 17 52285
726 67849 69953 7 5402
727 67938 71850 73 136852
728 68093 84883 108 525836
729 68106 76364 13 105569
730 68158 81115 54 223295
731 68379 78561 20 83511
732 68407 72332 93 186038
733 68478 79983 112 518167
734 68490 95677 102 1619456
735 68529 69518 12 7011
736 68623 82445 20 125741
737 68648 77084 60 320269
738 68678 70289 20 18131
739 68693 68882 35 7808
740 69055 84040 34 295996
741 69501 71545 86 58462
742 69530 74840 13 8970
743 69644 71113 97 217433
744 70026 70505 10 3860
745 70487 83458 73 570159
746 70675 74689 147 298193
747 70757 72065 18 9344
748 70952 79947 87 320185
749 71265 71308 16 450
750 71281 71533 21 5887
751 71365 86749 93 1889039
752 71367 73374 42 23031
753 71490 71552 60 3619
754 71577 77208 116 294859
755 71631 79418 127 348345
756 71644 80732 137 887256
757 71785 78718 5 16568
758 71814 86151 46 380070
759 72005 79739 37 236252
760 72064 78045 11 20015
761 72133 75276 117 68554
762 72144 87540 7 24523
763 72191 76756 7 10019
764 72359 78297 67 134531
765 72482 87262 138 784099
766 72534 87563 22 90946
767 72786 89685 41 359564
768 72933 95000 108 716451
769 72983 81330 103 183738
770 73244 74314 13 14776
771 73350 73896 11 3006
772 73422 81792 20 137893
773 73643 81759 60 320657
774 73778 74378 9 2274
775 73822 76611 82 86437
776 73905 84771 9 31324
777 73948 75013 132 79841
778 74010 99374 21 324447
779 74051 78602 26 35765
780 74155 92660 85 1432588
781 74326 75793 49 51747
782 74331 75197 4 1411
783 74452 77487 121 122782
784 74475 94274 37 300165
785 74514 83611 128 393500
786 74625 81455 110 223400
787 74700 87805 7 50623
788 74715 76344 15 21416
789 74790 93030 25 193881
790 74850 75531 54 24924
791 74859 99579 72 368847
792 74861 77542 68 72617
793 75048 79709 146 526593
794 75070 86142 33 100886
795 75118 79026 16 28580
796 75332 83308 35 89172
797 75397 77792 74 40121
798 75410 76160 68 11666
799 75672 76476 48 26520
800 75689 79046 91 144062
801 75706 84375 84 148365
802 75708 92468 86 1131465
803 75843 76927 18 28584
804 75849 99188 44 505482
805 76027 78081 47 35562
806 76034 79400 29 19335
807 76079 89542 148 876631
808 76082 78228 50 156295
809 76156 87187 92 421451
810 76172 81996 65 264304
811 76380 79160 47 79673
812 76571 81859 16 15616
813 76619 81717 7 5006
814 76689 79417 57 67901
815 76733 76897 30 3451
816 76749 77507 10 3409
817 76906 78704 143 354216
818 76954 82354 58 93454
819 76967 80215 5 6923
820 77000 86116 45 127699
821 77034 79421 119 65926
822 77130 83202 44 50850
823 77169 85453 86 77134
824 77244 78705 133 73798
825 77255 77926 40 10907
826 77259 96661 5 11600
827 77343 86965 5 24951
828 77425 79157 121 63921
829 77533 85347 10 39685
830 77663 79268 10 8930
831 77730 83162 36 48908
832 77738 94555 119 493503
833 77817 85480 38 146685
834 77820 88512 13 22323
835 77826 78408 35 6275
836 78128 84209 95 223747
837 78175 93800 70 929509
838 78329 89740 54 90442
839 78523 89620 19 41827
840 78545 79361 45 42823
841 78722 85193 82 325753
842 78738 94723 13 111844
843 78752 80372 6 8267
844 78850 85095 51 115009
845 78883 84864 73 171942
846 78983 79879 12 2265
847 79050 85770 88 204528
848 79135 87529 55 257882
849 79244 88631 122 348605
850 79258 80813 55 94901
851 79334 82521 47 74816
852 79353 80715 14 3932
853 79582 83957 20 38323
854 79628 95468 95 721713
855 79679 82775 54 38581
856 79741 79913 22 3350
857 79868 81267 103 104533
858 79944 86983 16 54233
859 80002 80278 25 6622
860 80044 87257 35 193418
861 80186 91481 139 543318
862 80442 80765 30 3321
863 80550 82717 27 31698
864 80628 88711 131 547698
865 80647 84416 11 14849
866 80724 81054 61 15237
867 80787 81017 22 4724
868 80822 86145 40 144448
869 80844 91732 20 95044
870 80853 85472 81 159676
871 80894 81827 6 3711
872 81069 87114 36 50485
873 81174 81484 44 13415
874 81228 91153 32 489305
875 81231 86417 42 121008
876 81279 84646 63 156446
877 81305 81813 125 28861
878 81464 83178 16 6858
879 81605 82123 31 8274
880 81679 83267 139 54677
881 81698 82799 83 23920
882 81701 84353 106 164438
883 81810 83815 36 30642
884 82010 93715 8 43333
885 82121 89078 98 591470
886 82142 83330 146 225550
887 82184 82326 12 724
888 82652 93235 4 17116
889 82690 84570 22 3559
890 82784 83625 10 4673
891 82896 99522 28 266962
892 83096 83213 107 13358
893 83160 88159 80 240544
894 83323 95096 11 37620
895 83776 84362 22 7552
896 83964 89920 87 242106
897 84155 89791 85 173245
898 84377 90424 145 635545
899 84417 84929 5 678
900 84709 90246 49 69306
901 84816 87690 137 142245
902 85239 99629 20 62727
903 85278 89989 73 91419
904 85297 92268 72 164552
905 85373 87401 37 69951
906 85521 93319 13 23529
907 85689 99388 37 83808
908 85708 91065 47 105928
909 85749 99919 19 83634
910 85756 99666 13 78599
911 85832 91237 99 117572
912 86040 86597 67 32973
913 86118 91284 95 174863
914 86286 87395 73 20064
915 86327 96624 15 85421
916 86408 94541 30 103515
917 86485 93898 66 575103
918 86512 89865 68 69802
919 86784 88152 9 5157
920 86981 88238 54 32230
921 87005 94393 83 588917
922 87139 87226 7 326
923 87229 90468 6 12838
924 87252 87735 109 23852
925 87301 90341 111 311800
926 87381 92432 11 25988
927 87421 96600 11 71904
928 87490 93079 49 96249
929 87499 88351 6 2136
930 87507 91429 19 46723
931 88034 93315 86 247643
932 88262 98861 49 256637
933 88319 91960 72 90694
934 88567 99720 82 1123207
935 88662 93670 76 216512
936 88930 99564 100 503197
937 88974 91847 97 145057
938 89012 93214 44 109205
939 89355 90500 25 25206
940 89428 92419 68 69223
941 89637 97042 46 50426
942 89670 92057 41 52798
943 89697 93080 28 99499
944 89915 90622 146 30189
945 90043 94231 136 140712
946 90212 90827 64 9599
947 90222 95411 130 884421
948 90236 90271 144 4053
949 90267 94948 16 10906
950 90351 99110 117 847608
951 90407 98826 131 270068
952 90453 94432 84 83216
953 90514 91937 13 7187
954 90677 98969 85 155243
955 90763 93461 63 79800
956 90797 98499 102 475606
957 90819 98302 7 37337
958 90978 96933 28 77077
959 91295 97318 21 37930
960 91417 92503 5 2005
961 91421 93141 147 118495
962 91712 92723 39 13654
963 92025 95089 6 13764
964 92142 93831 14 7731
965 92180 98645 12 16739
966 92290 96253 43 33993
967 92449 93889 26 18311
968 92572 92614 129 4361
969 92896 96996 101 77049
970 93001 94680 133 81740
971 93023 97351 9 11865
972 93147 96342 150 85010
973 93163 93897 114 16949
974 93407 95718 29 43364
975 93768 98827 16 36089
976 93945 94241 124 30195
977 93983 94430 27 8120
978 94040 94285 19 9366
979 94153 94329 22 2200
980 94336 99830 100 358948
981 94864 97463 140 81473
982 95047 97705 58 95960
983 95108 96696 7 3878
984 95421 99035 96 161032
985 95641 99733 60 242161
986 95795 99383 5 6764
987 95900 97817 141 89970
988 95991 99235 18 13112
989 96179 97704 9 8456
990 96324 97203 11 6437
991 96760 97759 128 41405
992 96798 97785 15 20321
993 97070 99183 30 45584
994 97500 99181 30 23815
995 97870 98399 51 12153
996 98039 98637 73 16178
997 98304 99552 121 16503
998 99414 99471 67 2790
999 99450 99980 49 12507
