50 1000 0.048
##...........####.######.##..........###........##
.#..............#####...##.............##..#....#.
.#.........###.#........##.............#......####
...#.....#####.###.####..##.#...........#...##...#
...##..###...#.##.###.....#.###.........##.#####.#
.....##.#.###...##..##.....##.#......#..#...#.###.
....##.###..##...#..................##.........###
....##..###.#....###.#...............#####.....##.
....#....#.....###.#.##.#......##....#####.....###
..............#####.#...#......#......###......###
...........#.##.#..##...#..###..#.....#.#.......#.
..###......#.#..#.#....#####.#..#......####..#..#.
..#.#.....##.#....##..##..#..##.....#...##.###.#..
###..#......###.......##.................#.##.##.#
#.##........#.....##..........................#...
..##...#...#.#..........#......#.##....###..#....#
...######..##.........###....##.###...##.#..#....#
........#...#....##...##.##..#.##...######..######
..##....#........#.....#.####..###.##....#...#.###
...#...###.......#........#####..#.##....#...##.#.
...##...#...............##.##..#.##.#...##..####..
...#....##.......##.##..#...##.#####.#...#.####...
...#########.....#..#.......#..#.#####...###.#....
...##.#..........#..........##.##.###.##..#.##....
........#........#....#....#####.###...#######....
.......####..........##.....#..#.#.#....##.###....
#...###.#......#####.##.......##...#......#####...
#....#.##..........####..........#........#...#.##
........###..#.....##.#..##......####.##...###....
...##.###.#..#......######.........#..##..#.##....
...########..##......#...##........####......#....
....#...######...........#.........##.#......##...
.#..#.#####.##...................#.##.#......#....
.##.....####.#.##..#.............###.#####........
#.###..#...#.#.#.###.###.........##.....##..##....
#.#.#..#....##.#.#.##..###.......#.......#........
#..##.##..##.#..######..##....#............#....#.
##.#...#.....######.#######...##...........##..#..
##.#.###........#...#..####.#..#.......#....#..##.
.#...#.............##..#########...###.##.####..#.
...#.#............##.....#.....##....##.....#.....
...####......##.##.........#####....#.#......##...
.....###...##....##.#.......####....##.......#....
...........#.....##.###...##.#......####.....#....
...##.......#.#......###......#.....###..#....#.##
..#.####...#####.....#.##.....##....#...##...##.#.
.#..###.......##..#..##.............#..##.....####
.....##...........#.##........###.#.#####.........
...............#####.#.......########...##.##.....
...................#........###..#.#.........###..
0 61 99 79 3217
1 176 4034 10 7490
2 208 1236 22 11500
3 211 573 41 9936
4 227 2471 47 62601
5 247 2607 37 84386
6 367 842 77 11532
7 373 941 13 13741
8 397 4788 125 246384
9 581 6400 16 121701
10 582 654 141 14146
11 624 1787 29 7993
12 819 1109 133 32068
13 832 2494 81 61952
14 1206 4489 24 30760
15 1414 1464 16 683
16 1524 2353 75 27872
17 1584 1738 84 4486
18 1670 1987 46 7864
19 1740 2248 66 19710
20 1780 2624 112 39402
21 1784 2263 20 2497
22 1834 3369 59 34707
23 1848 1931 41 3952
24 1877 4774 57 110852
25 1879 2594 10 3822
26 1901 2652 143 132542
27 2185 2841 21 10242
28 2281 5512 48 73418
29 2301 3362 105 131473
30 2322 3247 47 39727
31 2334 2689 50 5929
32 2338 3426 37 12908
33 2378 4121 22 19273
34 2410 3522 9 6613
35 2482 3064 18 10134
36 2560 2899 31 5322
37 2590 3915 18 28937
38 2597 5505 10 23945
39 2665 12603 99 1046460
40 2679 6016 9 9960
41 2777 4405 38 30826
42 2821 2864 17 728
43 3118 3496 55 7725
44 3215 5115 83 156418
45 3285 3520 25 8976
46 3367 5993 23 18434
47 3384 3886 102 50676
48 3498 4981 88 42141
49 3510 6114 25 57019
50 3881 6250 9 3671
51 3928 10281 90 413356
52 4076 4148 16 730
53 4106 4608 90 24218
54 4141 5224 111 55226
55 4194 6967 87 224237
56 4222 6304 5 3796
57 4268 5786 73 42644
58 4291 4794 92 67291
59 4412 5135 4 477
60 4418 5368 141 49563
61 4492 4985 60 25644
62 4498 4881 77 19967
63 4573 5803 59 98682
64 4621 6746 45 20907
65 4632 5720 11 6679
66 4680 8743 24 40283
67 4715 5179 111 10617
68 4755 6939 71 117452
69 4821 6653 13 5921
70 4846 7461 9 10181
71 4967 6189 15 14083
72 5014 5503 113 96088
73 5053 6017 59 27167
74 5173 6306 86 62269
75 5217 8484 13 16951
76 5221 11769 131 358213
77 5241 8627 5 8966
78 5249 6803 85 54695
79 5256 7843 8 15829
80 5487 16600 37 182213
81 5497 5654 12 956
82 5528 9580 6 6027
83 5657 5917 22 3216
84 5810 6484 115 34339
85 5840 10532 51 92450
86 6044 6323 18 2756
87 6058 6885 15 8498
88 6200 7152 42 38474
89 6257 14316 40 323474
90 6438 6548 108 6987
91 6463 7281 12 8217
92 6536 8511 39 13846
93 6649 6946 5 1115
94 6657 7228 106 38165
95 6658 9274 50 66497
96 6709 6833 35 2318
97 6714 7434 13 13898
98 6768 9237 72 123597
99 6780 7634 52 8729
100 6789 9170 26 25541
101 6805 9636 15 18097
102 6826 9199 140 262338
103 7002 8065 27 10717
104 7223 9443 11 5758
105 7232 7457 30 4063
106 7366 10640 53 49422
107 7679 7923 74 18190
108 7696 7803 6 181
109 7813 9221 11 10710
110 7860 7959 38 1904
111 7928 7942 28 365
112 7984 9900 20 15430
113 8058 8695 51 4199
114 8116 11312 19 43713
115 8412 9939 139 106851
116 8430 13792 100 102899
117 8522 11524 17 8141
118 8839 9843 64 21669
119 8847 9668 8 3419
120 8901 10072 109 95580
121 8969 10260 56 25242
122 9317 9896 64 8786
123 9524 13570 64 197196
124 9623 11396 35 40996
125 10058 11512 31 7873
126 10079 13652 132 522936
127 10220 10556 49 5746
128 10261 10436 54 5097
129 10345 14868 90 230874
130 10579 10973 60 25868
131 10630 13124 131 171738
132 10703 12613 125 128487
133 10712 11079 123 16813
134 10878 11886 48 13550
135 10908 11219 63 11921
136 10929 17582 40 143603
137 10937 12024 14 14566
138 10959 11406 102 45315
139 10983 11531 107 25860
140 11099 11521 117 40921
141 11121 11214 108 4277
142 11535 11990 68 50516
143 11558 13162 43 39456
144 11823 11880 13 598
145 11838 17797 7 25860
146 12114 12738 12 5283
147 12152 12410 102 8753
148 12183 12264 101 2152
149 12573 12575 59 291
150 12598 28941 14 47251
151 12927 14024 105 40590
152 13092 18180 13 31803
153 13542 16183 133 154122
154 13687 15622 66 55553
155 13744 16256 90 111277
156 13838 16250 76 88147
157 13933 16848 86 55890
158 14110 16712 8 16911
159 14138 15463 12 6378
160 14185 14955 150 58654
161 14396 16171 26 9338
162 14418 16687 93 211386
163 14453 21309 43 49497
164 14487 15485 35 44413
165 14693 16605 15 19811
166 14978 15042 8 639
167 15061 17630 50 61322
168 15093 16929 109 57018
169 15280 15679 123 31814
170 15290 17885 134 292584
171 15362 30251 16 61084
172 15480 17456 4 2422
173 15497 17932 64 50166
174 15517 16470 148 56112
175 15627 16722 44 37306
176 15670 16167 60 12381
177 15804 16985 138 24676
178 15919 16423 113 81622
179 16055 23140 64 189781
180 16071 18597 122 102637
181 16189 16373 54 5007
182 16254 18799 113 64117
183 16394 18956 82 90806
184 16419 23116 79 446868
185 16441 18774 9 8179
186 16523 16689 4 270
187 16932 18506 96 103323
188 16972 17071 18 926
189 17428 21120 19 35500
190 17500 22573 15 46294
191 17502 19198 24 10964
192 17618 20227 48 75562
193 17772 20296 125 268547
194 17993 24659 64 98422
195 18403 19064 12 3138
196 18427 20391 50 34134
197 18864 22269 28 57890
198 18961 22387 55 132020
199 19018 20166 33 9607
200 19054 20174 32 23272
201 19120 22251 21 8933
202 19176 19233 105 3835
203 19335 19777 77 18603
204 19344 20013 4 3664
205 19362 25392 127 279720
206 19431 27047 80 328928
207 19690 20090 97 24679
208 19848 20894 35 11896
209 19866 20564 132 25833
210 19908 24487 84 301310
211 19973 21423 31 15483
212 19989 20035 58 1366
213 20273 22482 28 21967
214 20378 21249 54 33966
215 20430 23898 12 8965
216 20432 22431 109 241304
217 20734 22025 18 11360
218 20852 23991 77 92835
219 20896 26240 70 119882
220 21060 21085 77 1958
221 21191 24631 10 31716
222 21302 22226 29 12054
223 21398 22069 112 20624
224 21453 21573 5 617
225 21508 23263 35 16215
226 21757 21871 16 473
227 21915 24203 105 208674
228 22036 22087 75 1149
229 22243 26451 23 34052
230 22244 23680 75 28859
231 22322 22772 93 61071
232 22332 23647 48 13985
233 22334 22531 34 2014
234 22341 24543 8 9534
235 22495 25009 33 33741
236 22524 22728 28 2346
237 22637 23950 53 33686
238 22753 28000 52 187891
239 22779 23623 30 9623
240 22894 24165 87 40983
241 23060 23587 7 4872
242 23077 25829 76 49931
243 23222 24753 5 6820
244 23267 26780 38 81405
245 23285 23684 36 3825
246 23422 23878 18 11102
247 23730 25039 11 5415
248 23854 24932 26 28750
249 23922 24892 125 75352
250 24200 25028 65 13268
251 24303 24473 26 3115
252 24324 26579 5 4786
253 24364 26840 102 44230
254 24440 24956 25 14947
255 24442 24834 11 1981
256 24452 24501 74 2988
257 24459 24502 29 2951
258 24530 27014 29 41079
259 24641 25005 37 7066
260 24661 31514 7 33485
261 24710 25833 74 80722
262 24802 25059 30 4405
263 24866 25400 80 32344
264 24930 25938 54 43368
265 25092 25870 25 28751
266 25183 30873 78 91913
267 25189 28514 4 6971
268 25216 25244 69 3300
269 25276 30848 109 274026
270 25439 35309 40 165400
271 25511 27691 69 51936
272 25806 28096 19 14004
273 25901 28597 43 69160
274 26026 27568 134 155845
275 26034 30530 16 37078
276 26056 26844 43 34538
277 26321 30412 137 212530
278 26386 26483 130 12694
279 26388 32566 5 13604
280 26397 26701 38 8442
281 26522 33687 113 236814
282 26545 27905 93 68321
283 26615 28248 43 46352
284 26667 37191 18 152548
285 26671 28628 7 4072
286 26775 28606 10 13995
287 26834 29221 11 17807
288 26960 32609 40 42602
289 26964 27249 120 44267
290 26988 31406 71 136673
291 27077 29115 15 14475
292 27139 27644 150 37574
293 27198 31559 15 17043
294 27201 28591 5 4085
295 27320 28131 109 40017
296 27327 28676 8 9528
297 27357 28625 129 89638
298 27679 27791 10 288
299 27775 29056 146 30847
300 27842 29046 138 105532
301 27920 28871 45 16983
302 28024 28856 92 30760
303 28120 30207 6 13399
304 28161 30329 115 132452
305 28193 33588 24 57153
306 28223 28680 18 5459
307 28259 28954 69 15455
308 28352 28512 116 9392
309 28414 29048 118 29434
310 28787 31551 23 107841
311 28818 29486 51 7536
312 28832 30732 109 129157
313 29023 31731 12 24613
314 29402 29416 13 146
315 29485 34535 90 74911
316 29641 30849 118 72289
317 29642 36398 12 37892
318 29659 36978 105 206269
319 29714 31192 8 5572
320 29762 31685 133 137593
321 29772 31810 126 107495
322 29777 40492 16 75307
323 29941 30034 32 1825
324 29975 32359 139 264821
325 30018 31962 89 39640
326 30044 33824 126 100409
327 30266 30938 25 3015
328 30288 35997 36 249916
329 30401 31328 21 11470
330 30769 32362 13 8679
331 31029 32502 69 42356
332 31246 34821 51 56698
333 31267 32405 45 14901
334 31334 40860 14 87786
335 31388 35489 9 31424
336 31523 32310 131 38910
337 31600 33521 53 51172
338 31928 32957 23 9036
339 32217 33185 7 1912
340 32228 36763 40 148409
341 32247 35089 56 58237
342 32299 34503 20 31386
343 32356 37217 130 267916
344 32396 32746 51 14297
345 32434 35631 117 302292
346 32509 34215 16 12132
347 32523 34260 75 48999
348 32599 33933 98 81604
349 32607 35227 6 7603
350 32731 34595 91 43779
351 33256 33520 30 5519
352 33325 33591 7 380
353 33349 33923 59 7655
354 33358 33793 70 12082
355 33505 35011 20 19142
356 33601 37362 53 176237
357 33732 39318 49 90350
358 33997 34104 123 16520
359 34004 34450 37 11373
360 34136 36767 107 108331
361 34349 35626 12 6338
362 34686 35418 20 3070
363 34790 36488 4 8737
364 35197 37184 19 28414
365 35232 38501 148 142293
366 35246 39712 148 747496
367 35307 35442 144 13974
368 35312 38079 13 23803
369 35341 36774 129 96242
370 35349 35586 145 9171
371 35449 38224 118 178481
372 35494 36806 78 193630
373 35682 35790 57 3721
374 35910 46034 6 27574
375 35934 38095 133 115734
376 35943 48711 16 54304
377 35981 42036 139 514379
378 36206 41592 71 394273
379 36238 36655 11 1716
380 36362 37631 134 92149
381 36532 36923 65 13482
382 36922 38131 93 35200
383 37332 38818 44 30443
384 37366 37535 7 1090
385 37453 38400 56 4828
386 37610 39760 24 38090
387 37668 41743 41 66326
388 37715 41506 53 86280
389 37974 40420 6 5309
390 38055 43940 136 280865
391 38495 43380 57 185395
392 38536 38692 14 3730
393 38654 40523 36 50877
394 38703 40766 49 75746
395 38730 38973 15 2698
396 39083 39844 9 2589
397 39163 41942 73 86562
398 39219 40468 5 5456
399 39344 43980 25 72593
400 39460 41324 137 22535
401 39501 41373 89 76483
402 39686 41328 71 68267
403 39949 45906 130 293198
404 40005 40710 29 8887
405 40154 40748 26 12594
406 40276 40585 35 8778
407 40299 41883 74 11394
408 40310 42979 60 19003
409 40370 40699 46 38609
410 40457 42587 30 39437
411 40591 44779 11 17635
412 40832 41611 9 2899
413 40837 41739 43 13745
414 40849 41948 118 63723
415 40992 42047 48 21430
416 41035 41614 138 49941
417 41068 41424 44 11320
418 41179 42002 17 11006
419 41553 44560 20 25539
420 41589 46741 62 246475
421 41759 46579 71 110003
422 41891 42196 112 22056
423 41907 54457 5 10686
424 41910 46639 112 128465
425 42011 44401 65 192883
426 42050 45882 136 171311
427 42234 43637 102 32405
428 42322 43600 40 9545
429 42344 43172 120 28520
430 42448 46914 43 77833
431 42664 44635 126 49263
432 42992 45870 5 10081
433 43002 43508 62 10421
434 43074 43651 66 20557
435 43206 45540 74 62855
436 43296 44533 75 25451
437 43344 43670 31 2087
438 43369 43646 12 2015
439 43375 44758 16 7004
440 43388 45594 8 12565
441 43498 43802 50 14411
442 43537 43668 55 6305
443 43792 44735 63 18971
444 43938 44141 21 2397
445 44046 45172 5 7183
446 44358 45440 18 5707
447 44377 44474 116 6010
448 44425 45220 58 46423
449 44463 48826 32 63188
450 44512 46483 19 19910
451 44581 47742 121 192355
452 44649 45392 15 3630
453 44662 46494 82 75994
454 44669 45430 103 32525
455 44780 47040 8 26978
456 45016 45017 72 53
457 45115 48036 40 76635
458 45208 46486 117 46916
459 45218 50548 13 47635
460 45314 46023 47 23094
461 45438 46937 116 66495
462 45507 46526 41 23430
463 45579 48883 31 15599
464 45677 47101 17 20628
465 45723 46378 14 7322
466 45758 46271 32 5434
467 45826 47042 57 12927
468 45832 47577 31 10791
469 45890 49211 45 100650
470 45908 46917 52 23325
471 45943 46974 144 70389
472 46068 46168 60 3101
473 46094 47517 87 18797
474 46115 47096 10 5260
475 46193 46349 7 297
476 46205 52069 6 18509
477 46233 46781 133 147604
478 46282 49861 5 4646
479 46294 46440 33 2723
480 46497 47778 94 74129
481 46638 48841 23 41807
482 46784 48385 17 17636
483 46789 48060 136 93600
484 46899 48575 37 31846
485 47459 47856 64 2199
486 47747 49296 36 40153
487 47851 48704 37 22791
488 47936 48840 107 28250
489 47992 48265 76 23976
490 48084 50697 15 32855
491 48230 53592 128 690038
492 48312 50491 71 258243
493 48354 48672 48 6620
494 48458 49328 57 28979
495 48470 52067 55 84906
496 48641 48901 90 17769
497 48725 49551 37 7917
498 48741 50126 57 64195
499 48766 49376 53 13889
500 48835 49880 52 21503
501 48879 49287 10 3723
502 49201 53541 28 36821
503 49385 49811 5 4934
504 49464 53179 83 182147
505 49467 52563 144 67889
506 49512 49631 49 2025
507 49535 51216 102 59295
508 49723 51809 14 23329
509 49738 50018 61 11549
510 49882 52101 34 14761
511 49980 52601 18 18853
512 50184 52509 130 246689
513 50338 51944 20 32911
514 50632 54620 117 359410
515 50737 53492 117 142006
516 50910 58712 71 237593
517 50980 54890 15 9613
518 51050 51825 76 20414
519 51151 53635 141 218770
520 51162 51656 45 6305
521 51171 53445 13 11259
522 51183 51786 44 13574
523 51495 55656 106 115816
524 51526 51701 12 1590
525 51638 57856 56 171228
526 51755 51774 143 847
527 52123 52915 4 1110
528 52184 53202 51 10060
529 52264 52425 31 2749
530 52442 53882 73 27992
531 52517 55797 16 30383
532 52520 54725 7 15658
533 52708 53555 37 21892
534 52752 54511 107 27088
535 52839 54846 147 114833
536 52851 57887 112 61243
537 52895 54041 148 269600
538 53094 55292 22 42321
539 53168 56444 96 242254
540 53378 59213 12 16019
541 53513 54090 101 37850
542 53527 54611 27 14632
543 53625 53667 46 464
544 53699 60917 17 68248
545 53843 56441 71 22253
546 53989 54011 36 416
547 54030 55438 120 84119
548 54272 55901 71 37291
549 54523 57565 12 25836
550 54675 55382 37 15829
551 54691 55316 101 36972
552 54703 56052 32 25710
553 54841 55291 57 15874
554 55233 56019 15 6885
555 55261 61172 122 232597
556 55283 55509 37 11682
557 55319 55708 95 15702
558 55393 57324 40 41073
559 55475 58264 5 8145
560 55488 58170 56 26185
561 55501 55738 25 3912
562 55525 56139 10 4651
563 55637 57005 18 10338
564 55684 57224 4 2064
565 56107 62630 36 92171
566 56200 56386 72 11948
567 56265 58791 42 68691
568 56534 60262 6 16337
569 56670 60215 97 139516
570 56720 58685 49 129528
571 56872 59194 12 7990
572 57030 58475 12 4531
573 57059 57195 125 3619
574 57104 57314 97 5288
575 57112 57213 26 2397
576 57325 57853 5 1323
577 57367 61993 44 121790
578 57424 69595 67 216565
579 57435 58014 146 44887
580 57439 59388 68 91807
581 57483 58964 41 39528
582 57484 58294 51 20303
583 57535 57943 56 13714
584 57555 58928 20 19438
585 57627 58546 12 3471
586 57869 61153 48 57311
587 57944 61408 35 43915
588 57985 59156 8 2239
589 58249 60442 30 64367
590 58262 59046 15 15588
591 58344 62808 116 286917
592 58556 59845 92 87338
593 58702 59711 78 61917
594 58956 60392 141 55624
595 58993 60042 124 46750
596 59087 61427 53 110221
597 59363 60372 98 38256
598 59365 61349 83 156137
599 59384 61598 33 28675
600 59433 59574 15 571
601 59608 64661 25 113344
602 59748 60334 68 53426
603 59757 62905 22 20974
604 60074 62813 97 92047
605 60277 69242 145 852328
606 60333 62730 67 67202
607 60476 61774 23 16792
608 60587 62580 112 74731
609 60615 62041 96 133398
610 60642 61717 28 6521
611 60667 60925 116 5438
612 60815 61848 35 4534
613 60867 61350 47 9593
614 61036 65996 93 209813
615 61052 61316 67 18738
616 61190 67619 12 8812
617 61196 64445 58 114340
618 61261 63940 13 4954
619 61344 62844 33 61935
620 61347 62369 26 10268
621 61526 63292 56 39941
622 61608 61857 10 686
623 61798 63265 116 29999
624 61911 63831 12 10361
625 62081 63771 12 5407
626 62161 63624 7 6796
627 62234 64588 147 188661
628 62373 63805 8 4812
629 62410 62846 95 19573
630 62476 66319 6 10818
631 62643 63924 74 67582
632 62747 62902 37 8513
633 62916 66487 139 313079
634 62943 65762 9 11343
635 63354 63829 9 2137
636 63509 63868 126 32989
637 63539 69546 130 334407
638 63546 64673 24 17771
639 63915 64264 84 30731
640 64080 65430 149 437195
641 64156 66129 12 15262
642 64163 67427 25 49216
643 64275 66504 80 79831
644 64482 71014 6 7583
645 65035 70487 117 346083
646 65091 66743 58 15990
647 65101 67838 64 52711
648 65145 66116 71 67710
649 65458 66004 22 8395
650 65482 66651 46 17411
651 65676 65887 83 12967
652 65810 68559 98 212610
653 65823 66545 66 15950
654 65835 66138 132 14873
655 66036 68639 9 11959
656 66048 66990 53 12584
657 66122 66678 19 4447
658 66265 66470 124 7759
659 66346 66601 64 11058
660 66656 67025 129 18054
661 66658 67699 108 84619
662 66830 68328 141 98182
663 67086 69146 122 106774
664 67129 67326 14 1701
665 67222 71111 99 238394
666 67389 71397 7 12404
667 67467 68607 76 21877
668 67498 68159 68 12722
669 67663 70454 24 15872
670 67677 70026 97 97787
671 67844 67886 35 677
672 67863 70069 112 84576
673 67879 68583 6 2478
674 67904 68158 29 7988
675 68184 69167 32 12295
676 68244 70402 19 21604
677 68350 68370 31 1068
678 68354 72124 50 169072
679 68491 69650 119 101328
680 68512 72698 149 471624
681 68547 71289 44 25124
682 68623 73364 63 211105
683 68741 69720 10 8240
684 68862 70988 73 83739
685 68974 69078 60 5489
686 69036 70358 132 142663
687 69130 69380 5 287
688 69174 71964 37 44378
689 69248 74061 115 200281
690 69250 70800 66 53856
691 69254 69938 142 32002
692 69271 73355 44 56360
693 69279 71918 53 142165
694 69435 71511 71 31115
695 69634 74010 20 36955
696 69697 70301 61 26963
697 69763 70099 20 3307
698 69859 69907 141 2584
699 69888 70228 48 9818
700 69991 75784 44 65784
701 70240 70664 68 6079
702 70504 73861 8 7832
703 70547 72181 49 37261
704 70701 73111 27 23556
705 70882 73887 29 25940
706 71005 71548 12 1621
707 71018 71299 30 5246
708 71054 71834 33 9406
709 71063 73467 47 33568
710 71070 72518 115 134094
711 71087 73135 40 40517
712 71121 72684 123 111908
713 71217 71967 44 29464
714 71388 82509 25 215208
715 71559 71588 130 3679
716 71608 73878 26 52895
717 71618 72744 18 7835
718 71627 72999 66 72335
719 71647 76806 96 279549
720 71721 72089 20 4755
721 72046 72416 83 3015
722 72053 75603 31 74864
723 72096 73002 23 11383
724 72302 77064 50 367104
725 72761 74821 81 30868
726 72784 73921 6 4000
727 72920 73151 41 5206
728 72947 77684 110 291652
729 73244 74562 28 14192
730 73262 74947 77 59273
731 73374 74093 32 13493
732 73445 75416 17 5255
733 73592 74132 8 4285
734 74175 76905 46 30207
735 74191 76597 90 92589
736 74237 80536 143 734077
737 74240 79747 25 76139
738 74295 78183 17 25668
739 74388 75408 60 34644
740 74420 76065 48 31957
741 74541 77831 9 10973
742 74772 75643 72 15045
743 74847 75492 46 18319
744 74902 75611 35 16141
745 75131 76345 21 41510
746 75206 78241 34 154111
747 75226 75401 149 12065
748 75451 78922 50 199208
749 75480 77430 142 132895
750 75483 78289 29 42930
751 75538 81902 27 51845
752 75766 84632 25 126326
753 76031 76693 60 20183
754 76123 80681 57 62407
755 76167 80534 98 187094
756 76222 77558 50 34164
757 76298 77026 5 1195
758 76374 77888 150 151631
759 76376 77309 45 30175
760 76539 77418 33 16604
761 76553 79101 37 18216
762 76625 78691 56 70769
763 76671 78149 16 10426
764 76697 76744 29 1003
765 76757 78588 32 20461
766 76827 77866 80 30727
767 76850 80847 72 56085
768 76890 78367 6 4859
769 76914 77805 52 19394
770 76933 80491 32 58322
771 77158 80731 20 44624
772 77223 84977 42 194432
773 77398 77463 8 166
774 77612 80876 114 231906
775 77632 80019 30 9777
776 77957 79134 7 3116
777 78005 81311 6 19499
778 78010 78291 7 1414
779 78039 78154 129 8596
780 78204 79051 15 8579
781 78205 80075 18 16734
782 78237 81827 58 220352
783 78411 78553 52 2229
784 78499 80772 115 242498
785 78592 79884 40 48756
786 78639 78669 36 2075
787 78695 82479 122 115914
788 78879 86326 44 70674
789 78951 82840 16 23857
790 78979 79108 43 3790
791 79059 79797 87 44378
792 79062 82464 43 93529
793 79076 80989 50 49580
794 79334 79669 148 109792
795 79362 80667 24 14510
796 79446 84993 8 25511
797 79496 79517 34 160
798 79561 80089 7 3147
799 79580 79986 88 35760
800 79583 81550 33 38851
801 79611 80038 75 9902
802 79621 80879 14 3675
803 79804 81353 13 5056
804 79828 85422 22 38297
805 79889 82648 60 107918
806 79910 82764 35 119273
807 80007 80205 75 5086
808 80065 81784 46 26959
809 80112 80504 89 25698
810 80122 83758 7 10041
811 80191 80626 106 17204
812 80198 81399 57 39003
813 80351 80895 32 11568
814 80411 80650 45 5637
815 80445 84302 40 70558
816 80778 83760 73 60161
817 80810 84791 107 169670
818 80889 86875 100 484766
819 80929 81135 124 19322
820 80969 83958 70 65616
821 81039 94180 94 579202
822 81063 83666 69 56349
823 81161 81302 114 12293
824 81326 81484 45 4984
825 81327 82220 122 54839
826 81384 88038 20 90888
827 81464 92313 81 239343
828 81685 81698 24 84
829 81726 84081 104 121976
830 81795 82964 25 11599
831 81820 84968 60 87514
832 81824 82026 20 732
833 81987 83529 125 143236
834 81991 82109 150 1767
835 82000 89755 65 281969
836 82062 82969 102 121893
837 82083 83512 139 87255
838 82145 82900 10 4655
839 82155 84156 6 4354
840 82239 84709 42 32065
841 82403 84501 4 6566
842 82739 85901 24 49349
843 82809 88809 41 87618
844 82813 86386 5 14110
845 83039 85218 13 24269
846 83085 89089 61 264688
847 83144 83685 50 8795
848 83180 84557 135 154810
849 83194 83891 41 27616
850 83446 83544 138 6823
851 83709 85899 14 14146
852 83768 86215 13 11833
853 83774 85660 59 81693
854 83893 87834 145 395142
855 84101 88068 126 92990
856 84134 86125 19 19629
857 84234 86630 148 242533
858 84406 86448 83 103077
859 84442 84607 113 14501
860 84895 88247 116 152536
861 84914 85869 28 25692
862 85000 85701 37 12470
863 85007 85942 47 17000
864 85145 88329 121 190643
865 85247 86528 79 17707
866 85379 85447 13 583
867 85430 88389 8 28149
868 85480 86812 105 71395
869 85719 88527 53 105893
870 85794 89822 15 40084
871 85876 86761 101 64184
872 85964 86203 90 13756
873 86006 86131 28 2168
874 86405 90600 134 222552
875 86475 86928 80 9620
876 86564 89853 7 10047
877 86566 86704 127 38709
878 86696 86998 84 8431
879 86714 86852 14 2343
880 87025 90818 40 81449
881 87132 88370 40 26422
882 87166 88819 21 5047
883 87540 89463 68 104629
884 87625 91618 26 14865
885 87674 88828 61 33596
886 87708 89095 121 122142
887 87833 89356 53 30811
888 87923 88330 45 12677
889 87985 96459 54 116665
890 88077 88945 8 2802
891 88126 95340 30 52082
892 88237 90474 18 9418
893 88289 93433 18 53833
894 88298 88573 4 977
895 88386 89613 5 3859
896 88406 91464 30 118525
897 88451 89752 98 39365
898 88668 90151 20 13366
899 88706 93412 146 301460
900 89375 95204 116 166159
901 89501 89700 16 870
902 89758 90094 11 2448
903 89768 91647 82 44643
904 89815 90704 24 18856
905 89917 90809 62 14827
906 90036 90634 4 972
907 90079 96249 24 30996
908 90092 93811 34 69707
909 90140 93077 97 143561
910 90315 92203 89 116473
911 90486 91405 123 32078
912 90488 93283 88 173531
913 90519 91745 111 213730
914 90553 92374 78 79671
915 90584 94424 89 148435
916 90586 94156 100 74281
917 90683 93261 20 17047
918 90697 90967 23 2103
919 90706 92157 9 7386
920 91139 92694 24 38632
921 91169 93315 113 155590
922 91577 92495 84 29812
923 91752 91881 147 8596
924 91792 93094 17 19022
925 91813 92707 5 1993
926 91825 95501 5 3891
927 91998 93106 13 7638
928 92000 96529 4 21399
929 92124 94502 18 14040
930 92178 94204 12 25262
931 92200 92977 76 59176
932 92272 94643 14 10181
933 92275 92850 13 4385
934 92323 92434 31 666
935 92459 93079 54 9507
936 92508 95092 39 43757
937 92539 92861 78 17292
938 92732 93896 81 49021
939 92785 92926 82 15525
940 92880 96929 10 14062
941 93090 96558 7 8878
942 93136 94236 8 4051
943 93408 93943 73 11368
944 93691 95611 60 54681
945 93755 94791 9 4615
946 93773 94427 113 15216
947 93804 97021 87 99685
948 93815 94814 15 6602
949 94029 97397 26 24677
950 94062 96599 44 80760
951 94178 95964 6 7382
952 94284 96970 49 16158
953 94296 97004 137 102381
954 94334 96874 4 5808
955 94583 95249 20 8029
956 94685 95983 39 22967
957 94707 95351 149 57292
958 94776 96738 103 50378
959 94891 96320 95 32357
960 95075 96059 12 9518
961 95078 95608 59 14815
962 95131 95424 85 15176
963 95162 96091 36 5870
964 95230 95808 76 27759
965 95313 97140 84 45942
966 95383 97223 46 51053
967 95386 95952 121 98999
968 95398 97063 12 11293
969 95418 95555 114 9266
970 95437 95583 11 3369
971 95461 96471 58 12296
972 95479 97169 60 86036
973 95661 95734 129 7592
974 95759 96744 67 25028
975 95993 97210 111 35591
976 96081 99483 137 72166
977 96276 97198 46 14278
978 96486 97645 62 46933
979 96557 97111 141 226641
980 96611 97847 42 14288
981 96672 98052 96 92997
982 96754 98433 18 11836
983 97031 98185 88 49283
984 97060 98348 126 73411
985 97141 97488 119 16780
986 97166 98541 4 2708
987 97400 98116 137 31347
988 97401 98688 69 58501
989 97561 98331 69 61705
990 97566 98868 131 91768
991 97587 98405 57 16232
992 97676 97809 90 3917
993 97690 98291 35 21785
994 97698 99006 82 62682
995 97841 98998 12 6038
996 97964 99580 13 9063
997 98341 98679 56 6928
998 98617 99262 116 57021
999 99107 99143 107 2356
