50 1000 0.094
........................#..................#......
......................#..#.....#....##....#.......
...............#.....##.......###.............#...
.....#..##.....##..###......##........#.##....#...
.#..##....#.....#.........#####.......#...........
##...#....#.........##........#...................
.....#...............#............................
..........#...#.....#....#.............###.....##.
.......#..........##....................##....##..
...#..##....##....#.#.............................
...............................#......###.........
.#..#.............#......####..#.....#....#.......
.##.#...................##....#..##............#..
....###..................#...........#.........###
.........#.......................#..........##....
...#....##.......................##..........#..#.
...#.......#......#.................#........#..#.
.####.............#....#.....................#....
.......#....#................####.................
.....#......#........##..#.......................#
..#..#.......................##..................#
.##..................#...........#........#.....##
.....................##...##.##...#..........#....
.##.#....................#..............#...##...#
....#...................##....#........##.........
..#...#.................#.....#.........#.........
...................#...#......#.....#......#..##..
..............#....#...........#.....#.....#..#...
.#...........##....#............###..##....#..#...
.#........#..#.................#.##.......#....###
...........##..........................#.##...#...
...#...................................#....###...
..#..#..............................#.....#.#.#...
.....#................#.......#.....###.......#...
.........#...#...................................#
.........#..##.......#.#............#.............
#...............##...#........##..##....#.........
#.#...###......................#....#.............
..#.......###..........#............##....#.......
...........#...#..................#.#.............
..#..##......#.##.##................#.............
.....#..#.........#.................##............
....##..#.........................................
...##...#.........#..........##...........#...#...
........#..........................#..#.....##....
.##...............#................#..#.#....#....
........##..#....................##......#........
.....#..................................####......
...###.......#.#..............#.#........##.......
....#.......#.................................#...
0 323 3144 13 7948
1 337 2686 63 93580
2 468 681 144 21933
3 498 2646 26 17575
4 585 7024 5 12029
5 878 2256 80 103010
6 1089 3838 14 29580
7 1351 4717 21 31126
8 1354 3545 83 56588
9 1405 3702 135 100666
10 1521 2114 33 15170
11 1598 2096 122 28638
12 1619 4584 55 52854
13 1678 3952 32 21099
14 1698 1869 28 4374
15 1719 1751 112 1334
16 1753 3716 34 73219
17 1971 6736 35 27590
18 1991 6681 73 235746
19 2119 3733 31 32586
20 2191 5543 73 79259
21 2201 3074 11 4299
22 2326 2537 43 7577
23 2339 8893 94 118128
24 2449 4746 142 46225
25 2450 4989 73 58704
26 2479 6270 37 81897
27 2490 19233 8 23887
28 2503 8331 114 164163
29 2650 5256 108 204511
30 2673 2896 102 9788
31 2675 7612 146 169437
32 2735 3372 78 14794
33 2802 5445 89 15159
34 2813 4234 17 9610
35 2964 4728 110 56582
36 2971 3165 33 4832
37 2984 9212 117 82962
38 3085 3125 129 1696
39 3354 8165 81 146903
40 3667 7111 78 169803
41 3708 4004 22 4035
42 3752 5784 108 148109
43 3806 4704 16 7607
44 3940 12931 17 41799
45 4349 5447 48 12806
46 4605 7749 114 124697
47 4687 4689 80 276
48 5023 5272 44 5849
49 5168 7679 107 143955
50 5253 6760 9 4594
51 5312 10433 23 151220
52 5365 6656 16 6277
53 5718 7589 21 11404
54 5758 8851 80 68935
55 5821 6084 25 2432
56 5853 14061 15 56494
57 5904 8542 24 27217
58 6005 9381 15 23060
59 6022 11317 111 410510
60 6143 7521 70 28891
61 6156 12338 113 157805
62 6193 6755 53 16365
63 6226 7627 49 44504
64 6288 7356 14 10173
65 6308 8898 22 17792
66 6514 11712 82 140373
67 6595 9305 133 79410
68 6602 7183 149 101765
69 6623 6967 75 8983
70 6693 11595 145 549052
71 6696 14880 30 107094
72 6747 9426 31 65800
73 6757 11841 111 533710
74 6837 9422 29 39156
75 6931 9845 80 472282
76 6946 8782 55 46621
77 7052 8738 55 31172
78 7195 9374 58 50901
79 7269 7666 7 3366
80 7275 7370 127 3626
81 7389 10993 4 4420
82 7560 9646 45 37633
83 7622 11985 91 228063
84 7672 7959 50 11243
85 7850 9338 84 28480
86 7972 10786 8 11367
87 8034 11718 91 177269
88 8172 10292 22 17060
89 8269 12126 43 167362
90 8272 18517 60 511494
91 8286 11365 41 20880
92 8362 14013 73 87992
93 8466 12787 97 150422
94 8518 10057 17 21052
95 8761 10863 12 6405
96 8810 17491 43 301526
97 8812 9926 83 49036
98 8860 13690 5 9283
99 8866 14160 76 126166
100 8867 9079 54 6554
101 9099 9141 27 759
102 9136 10969 80 57659
103 9273 10334 54 18427
104 9300 9320 143 1671
105 9370 9939 67 50290
106 9420 25881 129 2712356
107 9530 10346 78 21975
108 9571 10875 38 30986
109 9736 16221 27 92078
110 9817 15688 4 6370
111 9903 12192 140 117465
112 9999 16693 101 115891
113 10088 20035 80 131887
114 10111 12467 44 24311
115 10198 10930 7 2831
116 10215 12544 27 19467
117 10321 15905 58 86698
118 10382 13847 104 249554
119 10397 11592 142 153056
120 10399 12443 143 75886
121 10444 15908 108 681087
122 10490 11252 73 8419
123 10515 19829 66 302741
124 10605 13885 65 42260
125 10710 21421 12 84085
126 10929 11736 56 7294
127 10950 14737 7 22134
128 11028 22400 125 347113
129 11077 11706 34 13540
130 11099 12205 22 12353
131 11200 13637 8 6931
132 11249 18420 83 553972
133 11313 14018 135 261571
134 11412 12542 35 21318
135 11484 13406 41 36564
136 11513 14647 143 717727
137 11556 13485 50 28467
138 11638 12460 25 16583
139 11733 13336 38 44167
140 11746 13191 12 23106
141 11798 13007 17 4675
142 11885 12168 125 19832
143 11959 12316 18 2655
144 12150 17092 15 38622
145 12374 18788 6 18769
146 12512 12917 149 44933
147 12635 12725 35 6793
148 12639 14947 79 56552
149 12723 13277 76 17166
150 12749 17668 71 246781
151 12786 13954 74 39473
152 12811 13262 111 30977
153 12816 14829 118 95085
154 12826 14604 35 40317
155 12889 14404 43 34289
156 13058 17083 34 54250
157 13061 13745 102 82783
158 13125 13350 31 4825
159 13144 17656 41 42627
160 13417 15031 17 21894
161 13597 15320 26 47208
162 13812 23480 5 30504
163 14140 17167 32 33711
164 14500 17146 12 40516
165 14583 26816 113 565072
166 14672 14798 68 3652
167 14679 15612 43 21905
168 14758 15004 10 1385
169 14775 19809 140 76012
170 14907 15659 140 26982
171 15181 16403 6 2442
172 15278 15587 20 3781
173 15429 15712 105 4419
174 15585 15887 16 2631
175 15601 19285 45 69157
176 15785 18033 9 5272
177 15864 17540 86 132707
178 16051 16589 17 8939
179 16070 17036 93 63352
180 16086 17255 12 4659
181 16368 23145 9 24661
182 16378 26649 14 50000
183 16405 22383 68 85431
184 16471 17100 10 3664
185 16759 18587 29 63585
186 16872 17056 35 9360
187 16944 22669 86 62615
188 16968 21565 44 93101
189 16989 17015 82 2134
190 17023 17942 139 152509
191 17068 20993 103 176878
192 17097 17618 141 37111
193 17123 17382 88 10199
194 17157 18926 54 51230
195 17400 18908 7 9379
196 17522 22765 59 87413
197 17631 20180 56 56367
198 17632 20207 8 10097
199 17650 20283 19 13461
200 17688 20449 14 8912
201 17695 18051 141 42703
202 17732 26198 98 655853
203 18163 19428 14 14709
204 18236 18770 33 12888
205 18410 22535 10 23096
206 18730 21067 102 196223
207 18790 19312 5 1204
208 18849 20305 112 72310
209 18910 23289 10 14665
210 19137 24749 31 141037
211 19175 25167 145 861794
212 19202 24048 42 87132
213 19242 22232 120 152240
214 19253 25627 119 1109788
215 19366 21501 63 44539
216 19421 19792 7 1536
217 19442 20049 25 2750
218 19465 20781 119 106645
219 19546 20479 128 98669
220 19627 20726 17 4578
221 19731 19908 9 2106
222 19831 21253 16 20874
223 20162 22202 104 130623
224 20361 23692 60 34772
225 20416 21115 52 18965
226 20655 21371 96 44142
227 20777 23215 112 248855
228 20834 23881 136 346386
229 20947 29412 23 78268
230 20967 22228 121 245416
231 21182 25371 90 464170
232 21259 23042 13 20304
233 21558 28132 39 318952
234 21639 22865 44 51625
235 21644 22824 126 67847
236 21685 23014 33 18580
237 22000 23667 5 7600
238 22047 23211 97 39893
239 22170 27759 78 356525
240 22197 23182 81 15908
241 22267 27269 6 5095
242 22638 25448 42 24592
243 22752 27700 29 98963
244 22821 24166 35 20724
245 22858 25200 132 288219
246 23008 29734 107 300876
247 23011 27814 7 29904
248 23185 23640 57 13009
249 23311 24825 105 84122
250 23426 27036 134 169194
251 23491 26878 81 205198
252 23847 27340 120 197264
253 23993 24403 34 9409
254 24071 33789 133 413789
255 24281 28188 54 176289
256 24376 28819 56 77341
257 24618 28321 43 36265
258 24625 24798 84 8897
259 24900 29510 106 287789
260 25056 27490 67 150374
261 25216 26168 8 2762
262 25225 30991 47 138367
263 25288 25440 42 3035
264 25422 44651 51 410687
265 25728 28276 32 18847
266 25750 27048 25 10414
267 25802 27000 100 115327
268 25812 31019 85 165339
269 25823 28497 7 7161
270 25853 27787 6 15514
271 25901 29037 4 9609
272 26263 26764 50 8557
273 26498 26526 53 617
274 26530 27254 32 17979
275 26583 28204 103 49346
276 26610 27486 98 42612
277 26619 29298 56 94109
278 26640 27258 88 22154
279 26718 30580 131 251924
280 26800 29160 84 106654
281 26811 34163 40 111710
282 26891 28230 146 55674
283 26916 27596 55 14158
284 26924 27939 6 3616
285 26943 28756 50 70714
286 27034 27639 85 56917
287 27099 30623 116 148419
288 27114 27290 30 5384
289 27125 28051 138 46103
290 27158 29274 143 58396
291 27181 27959 25 4556
292 27199 29528 9 6722
293 27249 29091 16 20359
294 27257 33028 53 90232
295 27318 27565 46 17577
296 27330 29879 4 4941
297 27489 28861 115 50930
298 27675 29250 14 11412
299 27680 30335 39 32600
300 27715 36715 22 37663
301 27935 31627 23 39853
302 27979 28606 15 4573
303 28062 38219 24 133495
304 28108 29542 24 22251
305 28135 31377 77 86642
306 28163 31511 55 47722
307 28236 34326 38 46567
308 28278 29259 30 4272
309 28281 30211 150 150399
310 28543 34174 118 230493
311 28680 35064 16 18857
312 29003 29648 58 28163
313 29007 30839 48 29787
314 29045 30019 16 7674
315 29209 29469 77 14762
316 29226 32660 144 357444
317 29363 30720 54 45084
318 29386 31438 32 45766
319 29463 32649 114 201578
320 29541 32375 122 129014
321 29598 30147 74 29066
322 29742 32611 138 96993
323 29761 30066 132 36367
324 29830 31038 5 2507
325 29856 33272 16 7660
326 29920 31925 96 63871
327 30010 32386 46 16107
328 30035 31291 76 35584
329 30184 31580 145 304631
330 30427 35056 48 159538
331 30477 30995 34 8564
332 30501 34244 77 245952
333 30541 38623 70 269079
334 30593 30739 6 520
335 30657 31700 63 29091
336 30775 31204 11 3814
337 30788 30948 143 18747
338 30872 32556 8 2454
339 30896 33128 29 48778
340 30940 37761 92 169670
341 31556 34926 85 125067
342 31631 33258 34 24223
343 31675 36014 5 11856
344 31727 35690 55 96790
345 31772 31934 7 1065
346 31854 32207 41 2824
347 32071 33033 146 52204
348 32138 32677 30 8553
349 32253 35800 54 160659
350 32256 37781 25 141653
351 32319 32841 84 32083
352 32558 37204 108 884816
353 32560 38084 85 300800
354 32585 33202 134 89260
355 32943 37271 98 133564
356 33115 33731 4 1227
357 33716 35177 87 103652
358 33718 35838 18 29322
359 33765 36280 30 41125
360 33810 40042 96 247383
361 33814 44256 22 164800
362 33824 59099 67 384964
363 33828 36010 42 24844
364 34427 35105 37 7257
365 34435 34714 95 10066
366 34514 35125 14 4707
367 34556 35683 62 45380
368 34560 35456 41 50648
369 34641 38017 57 99052
370 34673 35313 126 21027
371 34700 35141 42 32819
372 34819 40610 54 83576
373 34919 37201 72 244962
374 34971 41198 141 306709
375 35073 38927 107 488167
376 35085 36662 93 47884
377 35480 41217 147 416091
378 35506 36850 20 37783
379 35518 39791 117 153297
380 35730 37007 134 108724
381 35738 42720 8 50746
382 35813 37869 135 80713
383 36009 36527 40 48838
384 36133 42725 34 92759
385 36143 36181 108 2485
386 36436 41299 97 169712
387 36454 39415 98 137705
388 36464 38753 38 65228
389 36486 39936 89 41102
390 36558 37190 35 26780
391 36708 36923 8 597
392 36777 50530 90 630664
393 36887 42299 100 189123
394 37350 47544 22 49254
395 37352 37396 48 2179
396 37384 40953 140 212886
397 37424 43453 78 684734
398 37556 40527 32 16169
399 37773 39260 32 15740
400 37790 39868 82 172811
401 37848 38235 35 16038
402 37899 46310 102 270717
403 38026 38836 33 19153
404 38101 40007 85 217542
405 38157 40124 48 31903
406 38212 41072 40 96779
407 38224 38373 67 7926
408 38260 38463 37 6022
409 38527 46751 57 122465
410 38541 43204 40 103372
411 38566 49793 39 134558
412 38713 40018 96 93410
413 38768 41272 33 38312
414 38773 45792 22 117275
415 39021 42106 111 299438
416 39085 41084 38 24631
417 39095 39250 92 20477
418 39140 40041 84 40436
419 39151 46360 15 64893
420 39287 41333 22 5715
421 39459 41235 61 30471
422 39494 48902 13 76394
423 39723 40043 67 12068
424 40220 42094 113 68766
425 40250 43343 139 172460
426 40339 43906 122 181194
427 40346 49471 111 461985
428 40423 40919 48 11401
429 40502 41008 38 15118
430 40524 41384 134 31729
431 40711 44909 41 99040
432 40745 43220 129 107084
433 40824 40981 44 5650
434 40858 41892 129 79338
435 40961 46972 8 36417
436 41035 41157 59 5040
437 41183 43074 110 95885
438 41196 45664 46 42089
439 41241 49243 10 30312
440 41327 43998 33 46020
441 41642 42371 76 44550
442 41694 55161 110 664076
443 41846 43149 83 27225
444 42082 44028 14 8657
445 42085 47161 59 81620
446 42221 46485 121 283774
447 42336 59717 112 609420
448 42432 46811 34 57344
449 42448 45890 80 93113
450 42621 43284 123 33160
451 42717 46130 79 65299
452 42760 43325 25 9424
453 42772 46202 112 85612
454 42782 42843 150 4818
455 42903 44176 106 37076
456 42920 44086 6 1462
457 42994 49135 46 253691
458 43041 45083 40 60939
459 43092 46478 11 6946
460 43185 44950 106 43007
461 43216 45864 79 181695
462 43240 48198 115 192318
463 43247 46699 126 159588
464 43551 43627 30 955
465 43561 44139 92 36133
466 43568 47318 22 35758
467 43602 47554 10 52413
468 43885 47026 15 33553
469 44044 44146 33 1681
470 44052 45962 7 12563
471 44151 49655 112 111894
472 44156 44482 44 20186
473 44226 48626 127 189455
474 44417 45405 18 7833
475 44490 45203 8 2415
476 44709 49812 5 12813
477 44769 51586 135 312675
478 44777 47622 111 154054
479 44868 50347 93 102112
480 44966 49459 9 8957
481 45110 45472 52 6675
482 45129 49972 14 56173
483 45276 47430 42 32498
484 45354 48354 96 112505
485 45361 45707 18 5634
486 45429 46102 103 61984
487 45511 46341 72 20409
488 45539 45917 56 6086
489 45714 47736 52 87371
490 45716 48313 48 76253
491 45755 48371 86 108529
492 45960 48134 15 23045
493 46016 47957 5 6041
494 46075 49281 6 10133
495 46348 48868 20 17717
496 46618 50124 41 33521
497 46667 47990 15 16622
498 46723 50688 122 305584
499 46984 51199 29 157880
500 47054 47117 54 1571
501 47090 49522 128 307352
502 47095 48280 30 19433
503 47231 48519 48 71728
504 47325 47419 86 1574
505 47492 47980 105 41764
506 47621 52659 30 44528
507 47710 48935 15 8172
508 47714 55158 120 408746
509 47762 48256 50 6014
510 47777 53477 12 21785
511 47899 52399 14 22080
512 47922 52666 132 216470
513 47984 52962 40 85732
514 48030 64354 74 339459
515 48121 48782 113 56451
516 48217 52921 65 85137
517 48219 62413 11 39430
518 48228 52320 41 76797
519 48359 58670 63 400609
520 48413 49620 36 25707
521 48432 49695 61 24476
522 48517 54685 109 112072
523 48550 50550 16 4921
524 48666 48761 5 516
525 48896 62034 106 1215282
526 48991 51510 130 75985
527 49005 52639 150 651498
528 49007 50857 8 4367
529 49072 49587 97 36740
530 49208 50577 25 22420
531 49248 49574 58 11691
532 49407 50392 54 13915
533 49527 52624 80 115828
534 49537 51667 67 97621
535 49653 52250 120 163391
536 50135 50462 89 38161
537 50221 51283 10 9038
538 50360 54133 12 15741
539 50627 51896 147 83832
540 50782 53858 14 15409
541 50842 50851 4 37
542 50924 55996 145 300564
543 51014 52625 17 16165
544 51032 51211 72 9760
545 51102 52548 67 46973
546 51135 53611 83 90658
547 51149 51895 102 31550
548 51343 53019 51 52815
549 51362 51986 55 12374
550 51420 54073 7 9330
551 51436 54448 121 253192
552 51713 64342 16 118226
553 51818 60160 63 288797
554 51830 58850 17 89876
555 51872 54759 49 72657
556 51943 54143 7 10568
557 52016 54186 124 224325
558 52234 65861 4 20046
559 52303 64084 65 203337
560 52415 52532 94 18732
561 52493 53667 62 39001
562 52566 59765 16 24903
563 52854 54586 8 7285
564 52999 53865 7 1882
565 53086 54260 18 27030
566 53187 58421 135 327315
567 53188 54439 119 40914
568 53266 55574 73 43054
569 53276 59862 51 215680
570 53281 60610 35 48417
571 53628 58396 69 128611
572 53669 56494 147 183379
573 53864 59234 53 134565
574 53892 54607 8 3601
575 54132 55765 13 8508
576 54209 55999 32 35764
577 54591 55338 6 4289
578 54596 55952 17 6490
579 54650 70188 16 212841
580 54753 56631 150 195618
581 55121 55612 68 16786
582 55157 56092 72 88763
583 55220 65245 67 429471
584 55221 58408 66 34041
585 55308 62240 11 101648
586 55329 55783 16 6851
587 55455 56780 74 74567
588 55501 57891 120 94724
589 55505 55541 31 815
590 55519 55740 17 1851
591 55543 57338 123 138156
592 55682 56091 5 556
593 55700 58268 65 79710
594 55745 55823 15 832
595 55793 56783 120 53267
596 55891 63047 10 21773
597 55932 58930 28 67973
598 55992 60126 45 74772
599 56033 62583 95 350437
600 56133 57304 115 60774
601 56181 56682 30 2185
602 56185 58027 40 66678
603 56396 60140 5 8442
604 56472 64264 66 213683
605 56588 64553 136 294519
606 56683 65605 81 305563
607 57103 57345 16 2087
608 57145 57293 89 8917
609 57221 62186 69 198801
610 57427 62250 18 46043
611 57534 58516 7 5165
612 57621 57823 140 13922
613 57634 59171 136 37197
614 57687 61495 22 27513
615 57920 58949 46 25266
616 58129 63776 120 67949
617 58272 61247 74 283395
618 58329 60158 73 52635
619 58430 60583 78 54443
620 58469 61724 91 93047
621 58490 64537 57 80349
622 58595 59544 67 27284
623 58637 60259 43 48572
624 58641 65936 6 18531
625 58733 59300 95 129181
626 58803 59630 86 32790
627 58899 59854 57 14284
628 58955 60307 5 2240
629 58977 59905 93 29536
630 58992 61561 70 105994
631 59176 59593 67 40021
632 59241 62162 24 46187
633 59416 62287 14 17690
634 59423 59465 21 411
635 59483 64518 11 42870
636 59844 60004 30 2749
637 59878 59923 71 2365
638 59894 69100 126 960698
639 60072 60245 12 720
640 60217 64596 148 44810
641 60337 66362 36 31292
642 60350 62242 32 9100
643 60471 66846 53 211703
644 60508 68363 61 223113
645 60570 60786 28 3514
646 60799 60810 46 319
647 60932 64653 7 9500
648 60963 61863 33 7996
649 61152 66248 83 137238
650 61473 65009 112 148695
651 61486 63777 54 55579
652 61537 73027 48 148371
653 61568 71792 39 55730
654 61854 62059 112 13124
655 62038 67138 6 32743
656 62154 69560 10 29440
657 62200 63344 8 4530
658 62235 65673 111 153099
659 62332 65904 35 41065
660 62383 63315 32 16736
661 62384 64366 35 29530
662 62407 63727 28 6279
663 62478 64795 75 32204
664 62564 67328 25 60953
665 62837 64912 35 30702
666 62924 64599 68 28171
667 62938 68373 52 157442
668 63013 63962 61 26630
669 63194 68548 100 119363
670 63258 66874 7 7252
671 63458 66178 88 61752
672 63527 66595 67 51192
673 63567 64924 10 17484
674 63732 66918 6 13290
675 63791 65500 27 18157
676 63896 64220 10 777
677 63919 63970 148 2609
678 63938 65826 58 36800
679 63940 64207 11 1816
680 64058 75966 85 171968
681 64086 64443 100 21603
682 64130 71958 30 144326
683 64178 65628 21 31065
684 64218 69745 89 294979
685 64279 68354 64 70481
686 64325 64833 139 24569
687 64382 70780 36 55039
688 64437 67102 12 15728
689 64712 67268 11 14707
690 64719 64818 10 593
691 64755 64981 96 11103
692 65152 65976 115 31535
693 65266 67932 24 50288
694 65296 68670 141 496627
695 65381 66223 82 72532
696 65452 65934 124 54679
697 65459 66382 10 6404
698 65543 66767 138 196305
699 65564 66926 12 12847
700 65671 67985 88 46400
701 66104 66269 43 5677
702 66162 68141 39 20087
703 66503 74860 23 19744
704 66831 68771 50 21381
705 66884 70964 129 96043
706 66914 67217 27 3845
707 66943 70056 52 278920
708 67016 67963 62 23758
709 67209 73148 30 65943
710 67269 70482 62 43307
711 67289 69298 136 46753
712 67397 68916 8 5855
713 67495 68853 46 24792
714 67513 71543 140 361710
715 67560 69675 125 106865
716 67775 68834 68 40100
717 67818 70236 28 19273
718 67855 68725 38 29110
719 67926 68707 123 64418
720 67980 71510 10 11324
721 68068 68619 24 8796
722 68293 70442 5 5062
723 68308 76208 108 371906
724 68318 70484 11 9552
725 68397 69072 11 3691
726 68501 73640 48 85181
727 68724 68755 33 1122
728 68903 73388 17 35496
729 69110 70649 121 87366
730 69727 75235 107 95879
731 69758 71292 7 4569
732 69822 72074 71 143188
733 69890 71451 58 68657
734 70001 73354 36 58157
735 70316 75073 10 8875
736 70323 74117 78 113163
737 70603 73634 18 37825
738 70861 70872 10 28
739 70875 74501 84 87385
740 70949 71914 15 7040
741 71021 71085 65 5547
742 71023 71197 68 12096
743 71076 74808 146 110162
744 71093 73555 44 20091
745 71121 74057 62 89158
746 71131 72151 16 5333
747 71146 72604 5 10443
748 71162 73032 133 281002
749 71177 71992 19 5498
750 71251 72206 126 110386
751 71357 73313 121 41590
752 71426 73429 74 39732
753 71611 75056 9 16796
754 71646 79507 34 103375
755 71718 72078 77 17644
756 71729 72988 86 41989
757 71754 74576 109 204028
758 71829 83256 5 22967
759 71930 72396 125 38989
760 71946 76636 58 83303
761 72065 72868 148 103013
762 72124 72435 95 20814
763 72216 75375 14 6838
764 72244 73943 135 178814
765 72404 81514 36 92776
766 72425 78662 56 107680
767 72482 73805 75 31743
768 72574 74946 138 78858
769 72773 75699 5 3940
770 72833 73650 60 9869
771 72870 73939 6 1331
772 72968 73162 25 7570
773 73005 75470 93 121933
774 73161 78588 65 87168
775 73170 76104 26 37759
776 73293 74424 119 74576
777 73435 74728 96 129677
778 73519 74839 140 266112
779 73603 74710 49 36723
780 73608 75352 20 33672
781 73802 82518 75 359964
782 73963 74475 97 40195
783 74062 77292 48 125871
784 74098 76959 45 107124
785 74192 75822 32 33458
786 74196 83526 92 316766
787 74548 80790 95 1077433
788 74605 76988 51 47955
789 74740 77438 62 43152
790 74748 77978 26 60763
791 74770 78656 52 61740
792 74937 79127 15 13440
793 75268 78738 100 118851
794 75314 75391 53 2188
795 75364 78352 19 48272
796 75425 76171 51 15905
797 75679 80233 18 55678
798 75683 77077 12 10101
799 75701 77181 106 46884
800 75955 78063 103 90022
801 76276 76990 7 2355
802 76352 79948 117 59912
803 76356 77403 138 61066
804 76418 76999 109 11993
805 76509 81865 103 87710
806 76590 77120 6 2925
807 76783 76885 24 1186
808 76789 78086 31 18508
809 76951 79105 20 16725
810 77018 78109 143 38280
811 77137 78486 6 4826
812 77186 77854 24 7325
813 77218 88280 36 96445
814 77243 78427 10 14455
815 77394 79118 9 9264
816 77445 80020 120 164413
817 77560 82681 9 15758
818 77614 78336 5 2608
819 77679 77787 7 176
820 77799 78950 126 33393
821 77880 82566 49 135483
822 77902 78716 33 26909
823 78079 78221 5 339
824 78116 79316 47 25345
825 78166 96318 36 259129
826 78196 78246 110 5580
827 78260 78601 42 11639
828 78312 78729 137 24559
829 78350 88319 115 497886
830 78609 80835 84 81587
831 78630 81905 60 101319
832 78864 79623 46 10265
833 78914 79816 119 58121
834 78993 91387 91 621717
835 79159 81199 114 109937
836 79324 79950 47 10734
837 79423 80903 19 16578
838 79452 80645 55 29982
839 79592 82889 6 22398
840 79782 82407 62 126117
841 79870 82900 61 73968
842 79921 80861 30 11411
843 79957 81039 29 7074
844 80007 81406 140 82310
845 80063 87394 37 62164
846 80259 87048 12 62686
847 80273 87279 63 273358
848 80299 80846 21 10113
849 80359 82768 99 62804
850 80362 81239 8 5159
851 80468 85406 50 83082
852 80583 81090 93 24274
853 80834 87026 4 4059
854 80902 86476 27 64445
855 80966 82071 46 85480
856 81044 82563 73 31689
857 81057 86440 127 176250
858 81101 83067 103 166954
859 81192 81908 11 1328
860 81256 82449 45 42476
861 81462 90086 106 398404
862 81496 84847 49 132540
863 81547 83212 84 56921
864 81550 81610 76 2583
865 81591 81890 133 38473
866 81635 86509 132 746239
867 81765 83458 29 11811
868 81883 84205 37 18386
869 81952 81992 91 2222
870 82038 82551 13 4425
871 82042 88587 10 31809
872 82203 83655 8 23460
873 82268 83882 123 80713
874 82274 84639 14 27158
875 82288 82756 11 3533
876 82386 82758 16 5423
877 82531 88685 23 82935
878 82616 84094 77 20357
879 82776 83701 30 12989
880 82785 96989 37 150111
881 83061 85262 8 9276
882 83129 89713 17 19700
883 83193 87745 50 130026
884 83354 83673 10 1351
885 83376 83591 100 6652
886 83426 85603 86 85929
887 83557 89315 51 130712
888 83614 89466 91 250351
889 83764 84720 38 11981
890 84009 88801 23 28341
891 84052 84184 9 1029
892 84142 84257 114 9531
893 84330 86850 93 135103
894 84385 85069 105 52264
895 84462 86606 80 61273
896 84566 90629 110 450768
897 84592 98059 103 501942
898 84603 91563 11 17699
899 84684 86359 11 4020
900 84703 86739 71 112269
901 84927 87284 13 37625
902 84999 85151 42 4012
903 85594 88876 107 337347
904 85826 86991 39 18258
905 85943 86706 116 84555
906 86038 93143 5 24795
907 86400 93636 146 1167678
908 86443 88806 102 141726
909 86499 86934 9 757
910 86504 88313 26 16290
911 86594 89922 76 157467
912 86661 87001 127 23566
913 86696 88726 45 51752
914 87266 91380 87 241157
915 87470 88656 86 62201
916 87688 99296 85 437149
917 87797 88577 121 101440
918 87855 88543 28 31127
919 88069 88163 20 323
920 88401 94184 12 45211
921 88498 90252 71 69705
922 88514 88715 82 12141
923 88682 89603 12 7060
924 88707 89073 75 6009
925 88829 90758 4 4299
926 88912 91502 32 37922
927 88933 89977 12 14920
928 88937 90982 35 19050
929 89042 89428 5 636
930 89078 91864 83 67398
931 89095 89795 81 23483
932 89106 93303 144 270834
933 89224 89711 78 35428
934 89383 94229 61 98213
935 89450 91175 62 25579
936 89456 93061 47 92222
937 89464 91483 67 64717
938 89656 91084 145 71172
939 89695 95399 40 117071
940 89839 94252 18 26092
941 90293 97863 18 28531
942 90428 94651 10 16629
943 90488 96196 39 169738
944 90502 92789 55 94327
945 90522 93759 92 76184
946 90645 95177 99 381770
947 90955 95632 50 117591
948 90991 97605 11 59926
949 91023 98862 56 215672
950 91196 92573 90 69242
951 91283 91893 16 4201
952 91369 91687 60 12286
953 91371 92283 8 3560
954 91482 93359 72 113063
955 91783 91815 102 1287
956 91784 92935 63 37456
957 91983 94383 51 40813
958 92074 92740 55 12970
959 92465 92483 121 968
960 92859 93488 24 6397
961 93040 97049 19 41273
962 93383 99407 83 66540
963 93384 98184 31 37560
964 93816 94377 149 9492
965 93862 96771 59 29417
966 94030 95623 115 25174
967 94453 95271 61 20230
968 94504 98726 86 169920
969 94788 97517 76 27045
970 94817 96146 5 4840
971 94907 96998 133 151981
972 94962 96350 134 47411
973 95044 97080 50 36816
974 95098 95732 6 2457
975 95203 95910 19 4385
976 95264 96446 85 45087
977 95285 95455 15 1132
978 95514 96165 37 16148
979 95715 97736 70 87708
980 95796 96399 89 45109
981 95916 96869 67 31636
982 95967 96583 50 16458
983 96050 97813 144 134706
984 96067 99268 34 204749
985 96087 98006 33 62205
986 96392 98851 33 32319
987 96487 96670 99 18601
988 96512 99892 145 99786
989 96522 98807 23 43329
990 96720 97249 18 4819
991 96777 97452 140 43632
992 97063 98452 17 14266
993 97388 98114 99 38804
994 97391 97462 31 733
995 97522 97771 96 6725
996 97641 97808 13 2017
997 97702 98321 68 26025
998 98331 99540 74 63902
999 99192 99216 59 1353
