50 1000 0.072
..........................###.##...#..............
.........................#########.#..#..###......
......###................###.#.################...
.....######.............####.##.###.##.####.##....
.....#####................##..####....#########...
#######.###................#..##.#.....##.#.##....
###.#.#.#..............#####.###........###.......
#####.##...................######.......###.#####.
#.##.##..................#######.#......###..####.
..#..#....................########.......#.######.
...........................##.##.#.........#######
.............................................#####
...................................#..#...#######.
.............................####.##.##...#######.
.............................##.#####.#.#...#...#.
......................##..##.#############........
.....................###..#.###############.#..#..
......................################.#...#####..
.....................#####.######..###.....###.##.
......................###.#######............####.
....................###########............######.
..........##........###.#########..........#######
......##.#.###......#.###########...........##..##
.......######.......#..####.###..................#
.......########.......#####.#####.................
.......#########.......###########..........#.##..
..........####.....##.##.#....###...........#.####
...........#########...#.#.....#...........#######
............#########..................#......###.
...........########.##.................##.....#.#.
..........#####.####..................#####.....#.
.........###.####.##..............#...###.........
..........##...####............########...........
..............###...............############......
.............####....##..........###..#####.......
...............#....#.#...........##...###........
..................#.####...............#.##.......
....##............#####...........................
...###............#######........##...............
..######...........##.#..........##...............
..#.###...........##............#####.............
.#.#####.........##...........###.##..##..........
.###.###.........##............#########..........
###..####.........#..............#######..........
##.#..#..........##............#########..........
########.........................##.##............
####.####..........................###............
###.######..........................###...........
######.#####........................#.............
.#########........................................
0 25 3253 17 32638
1 72 738 4 1275
2 154 7968 26 195974
3 338 3509 41 67803
4 805 5296 89 166807
5 854 1359 90 13108
6 907 10232 13 49807
7 918 5875 73 377686
8 1186 15873 91 353328
9 1214 8700 15 21721
10 1329 4453 10 31016
11 1517 7121 130 294422
12 1615 6314 83 218803
13 1704 6997 57 151998
14 1762 2007 111 14672
15 1766 8820 6 10692
16 1795 3059 9 9727
17 1898 2550 109 40982
18 2038 2889 105 23478
19 2051 3944 85 76919
20 2095 2499 116 18135
21 2210 9002 50 163002
22 2240 3924 42 35161
23 2299 5708 5 5944
24 2586 3913 10 4141
25 2591 5606 18 6826
26 2605 16840 45 419392
27 2607 12454 140 1454448
28 2608 3204 55 13218
29 2707 3774 108 32976
30 2854 17132 132 369623
31 2961 3327 4 806
32 2978 4370 136 76285
33 3033 10919 9 19142
34 3057 4389 54 43058
35 3201 12389 17 42771
36 3586 20540 8 34937
37 3705 7086 79 223118
38 3763 7169 85 80448
39 3772 6181 20 20488
40 3810 13459 41 341212
41 3815 7653 140 433650
42 3875 9482 65 105118
43 3964 7271 42 109485
44 4012 12676 124 255676
45 4118 22365 12 426496
46 4136 25837 75 2839354
47 4149 7351 13 36645
48 4152 14764 15 37772
49 4230 8182 12 14184
50 4362 10338 8 18107
51 4419 6111 5 4918
52 4653 10071 112 349330
53 4746 11417 12 40949
54 4950 8683 10 26079
55 5017 6900 81 33398
56 5127 6192 120 46998
57 5147 7103 16 15135
58 5414 9703 57 88653
59 5497 5669 122 10561
60 5505 10072 126 450651
61 5551 5837 87 12153
62 5850 5960 109 3443
63 5896 6769 35 29395
64 5958 13082 10 16874
65 6028 12978 51 302102
66 6155 11128 56 198358
67 6274 9543 57 113887
68 6278 7018 123 62865
69 6309 10060 64 49845
70 6312 9000 51 47541
71 6442 10422 18 34304
72 6567 7257 135 10118
73 6583 9718 4 8450
74 6635 10954 69 426601
75 6915 9594 78 97111
76 6917 7714 110 56350
77 6929 21988 25 125833
78 7032 8554 13 27030
79 7036 14030 56 289493
80 7180 10938 146 84634
81 7195 15676 37 178685
82 7561 10029 62 82476
83 7570 9352 148 59421
84 7644 15382 47 51915
85 7674 7983 91 15142
86 7676 10701 97 145849
87 7681 12372 20 10120
88 7708 22308 32 362339
89 7720 18618 130 768913
90 8023 17682 48 512814
91 8148 15348 34 75989
92 8292 12823 54 39868
93 8503 10727 54 71910
94 8528 13978 32 71387
95 8703 12635 72 114785
96 8867 14048 66 148234
97 8938 9728 9 9145
98 9087 9574 20 4068
99 9180 12201 137 218528
100 9214 20312 58 168829
101 9266 9717 11 1242
102 9345 10352 53 35573
103 9363 10244 92 25533
104 9387 16859 120 242224
105 9420 17330 110 351741
106 9512 10194 11 7496
107 9675 11495 4 2779
108 9738 13767 72 128384
109 9779 16088 33 78862
110 9849 28457 27 100826
111 10105 14919 46 27434
112 10124 29710 7 74871
113 10144 10728 6 6459
114 10397 11964 28 54163
115 10587 20234 46 116038
116 10634 11332 10 8392
117 10664 26360 56 506331
118 10669 13779 71 52237
119 10685 14440 82 109967
120 10714 14741 29 40874
121 10720 29570 97 403321
122 10790 23171 69 105811
123 10917 13849 23 47435
124 10995 15336 18 64372
125 11043 13761 42 17856
126 11387 12041 118 56596
127 11416 21746 16 71638
128 11444 14270 57 60923
129 11464 19260 14 63452
130 11573 16947 48 90129
131 11597 14029 84 86179
132 11737 13567 23 21511
133 11917 14610 38 40022
134 11985 20087 9 24688
135 12019 21809 27 101594
136 12078 14973 46 61373
137 12105 28206 20 91735
138 12142 14728 38 25362
139 12175 13691 98 128116
140 12228 12795 61 15885
141 12234 25614 12 82409
142 12339 12866 17 5985
143 12388 14752 113 109574
144 12445 15634 21 46878
145 12515 25084 78 582648
146 12565 20979 8 17142
147 12907 13436 8 4968
148 12930 15694 30 18804
149 13140 27222 4 15619
150 13210 21195 118 591227
151 13379 18068 57 150522
152 13390 18656 39 31958
153 13475 17688 42 52881
154 13801 20278 53 113490
155 13912 16762 111 75289
156 14012 17369 145 392290
157 14044 19429 13 11736
158 14076 16279 124 53195
159 14116 16027 127 107343
160 14192 17127 10 12763
161 14253 14462 16 2792
162 14265 22873 24 92824
163 14296 16061 9 6224
164 14360 17976 103 98635
165 14495 15838 35 11852
166 14622 17155 38 89596
167 14701 14729 126 1541
168 14745 18055 39 50450
169 14756 15169 110 14613
170 14796 22398 118 280118
171 15084 31880 12 38816
172 15098 25482 141 1034533
173 15256 31360 45 329480
174 15406 16042 93 19766
175 15442 15923 98 54380
176 15508 15807 16 819
177 15555 16652 101 84905
178 15674 18641 50 168389
179 15824 17652 42 51976
180 15934 21858 142 892622
181 16110 19357 139 155093
182 16190 27701 129 546964
183 16230 25943 7 8317
184 16613 19256 12 18568
185 16651 22628 10 12113
186 16944 18754 4 4026
187 17017 31376 18 60510
188 17047 17392 8 592
189 17484 20778 40 43580
190 17498 19776 17 37840
191 17513 18949 30 38680
192 17515 27649 77 296190
193 17521 20649 9 10790
194 17624 18908 45 32301
195 17625 21260 53 213415
196 17632 22444 90 240893
197 18089 20316 87 89341
198 18146 19687 67 76901
199 18324 18381 48 1814
200 18385 29005 86 455664
201 18388 41036 9 37944
202 18488 29084 34 34145
203 18504 21358 57 80700
204 18614 21337 78 179134
205 18634 18649 34 133
206 18702 26283 111 116081
207 18721 19143 29 8016
208 18775 23328 33 70855
209 18993 23708 53 113359
210 19124 20264 7 2884
211 19149 26050 7 13253
212 19191 24662 53 103773
213 19603 25126 107 207925
214 20006 22468 47 56505
215 20151 20427 46 8667
216 20170 21755 53 68328
217 20175 24906 6 17264
218 20246 25364 20 28215
219 20433 21341 45 28529
220 20659 22922 38 154519
221 20811 28292 127 353764
222 20870 25843 119 257491
223 21082 26331 28 94648
224 21086 27536 32 159525
225 21094 22327 6 10782
226 21224 23086 13 15601
227 21236 22654 23 25508
228 21257 31545 67 207807
229 21264 24386 131 278107
230 21276 26000 7 27223
231 21427 23334 40 24186
232 21518 22816 29 13482
233 21567 24349 4 2888
234 21698 25138 5 3490
235 21775 28038 128 58483
236 21994 22222 142 30370
237 21999 24657 98 167679
238 22158 22382 32 5134
239 22541 23859 21 14037
240 22763 26557 10 8356
241 22889 27526 29 97651
242 22901 28986 44 101751
243 22918 23550 96 40208
244 23130 28721 30 65740
245 23168 25910 49 40598
246 23186 25418 78 114501
247 23245 32443 45 162136
248 23410 42133 9 66182
249 23603 42478 146 2159718
250 23671 38757 32 270557
251 23794 25211 35 14097
252 23841 39379 5 11343
253 24115 33954 19 101737
254 24275 27064 79 159429
255 24332 26023 58 64139
256 24455 28896 72 381747
257 24490 24710 10 2802
258 24735 26024 89 70526
259 24740 28104 53 109264
260 24764 28700 79 238024
261 24823 32232 80 103235
262 24879 30119 14 40383
263 25218 26632 99 21550
264 25244 33292 43 112321
265 25470 26798 48 8763
266 25496 26203 31 12763
267 25576 50565 39 162340
268 25653 25797 63 23376
269 25702 46369 53 218629
270 25745 43185 89 499561
271 25845 26191 27 7304
272 25901 28151 10 2799
273 25925 32083 90 211563
274 25939 30326 113 115946
275 26055 38382 56 1068371
276 26210 35667 13 83796
277 26311 28480 18 33251
278 26321 30339 7 18767
279 26404 27945 14 11483
280 26440 27963 129 168406
281 26443 28082 36 27200
282 26500 33224 130 167868
283 26511 46990 105 582829
284 26801 39669 30 73811
285 26966 27706 45 12139
286 26986 35416 9 50271
287 26993 33088 101 179408
288 27229 29186 13 6832
289 27277 27319 22 649
290 27355 32698 27 43651
291 27356 29519 15 23846
292 27387 31152 5 6450
293 27465 31539 4 11770
294 27578 36628 19 83659
295 27856 30441 5 6417
296 28087 32053 26 92628
297 28134 34413 47 158531
298 28143 32588 85 201072
299 28472 30930 62 74597
300 28505 33715 20 70668
301 28614 29980 100 165408
302 28646 31059 57 34996
303 28694 31067 53 46866
304 28953 32480 40 42510
305 28976 40627 133 323139
306 29565 45935 6 23724
307 29677 34214 75 118817
308 29699 31842 13 16059
309 29898 32122 6 7247
310 29958 45454 140 659713
311 29960 47382 23 316779
312 30400 45468 60 255110
313 30453 35971 64 156995
314 30465 32843 49 24664
315 30496 30902 100 15500
316 30554 49925 124 857477
317 30658 31813 4 8449
318 30672 43435 24 156887
319 30676 32275 13 4639
320 30819 50051 129 387208
321 30932 41291 5 26524
322 30971 37771 4 20228
323 31029 56087 49 552946
324 31148 36091 9 10688
325 31197 42593 26 77810
326 31214 41350 60 229178
327 31254 35983 42 111569
328 31278 32721 26 9621
329 31342 40870 17 40007
330 31352 36837 45 64142
331 31444 34762 62 99483
332 31532 41468 104 547751
333 31703 32370 54 12037
334 31797 44658 105 718994
335 32036 38401 105 226454
336 32180 34604 78 98781
337 32198 33730 59 123627
338 32496 33575 10 5982
339 32663 36848 150 278350
340 32707 37570 117 200088
341 32833 37978 32 67158
342 32850 36061 149 242992
343 33160 33767 121 91857
344 33288 33873 120 31535
345 33580 41626 80 380436
346 33584 45734 20 153991
347 33623 34671 55 59358
348 33821 43020 59 135147
349 33867 44109 109 335385
350 33898 36838 14 16967
351 33909 35543 83 69252
352 34029 49352 6 27246
353 34094 36745 70 84420
354 34166 35702 5 4018
355 34213 40180 89 307473
356 34236 34410 22 1662
357 34289 40245 20 65265
358 34322 34633 84 16204
359 34355 36518 37 55246
360 34379 37841 43 75425
361 34387 42465 113 145959
362 34696 40858 52 184006
363 34865 38914 19 54862
364 34976 37284 25 33214
365 35049 39522 9 21694
366 35091 36028 99 35899
367 35094 49161 47 126196
368 35318 40012 93 216898
369 35344 47261 38 151399
370 35420 36013 110 26343
371 35443 38630 6 5329
372 35482 48581 99 414996
373 35540 43883 105 171656
374 35545 39695 53 83087
375 35670 42847 123 139909
376 35694 41290 140 367068
377 35713 43380 33 35623
378 35987 70609 24 292600
379 36009 36108 7 159
380 36030 39179 117 109444
381 36510 39275 5 2401
382 36571 38683 10 26031
383 36584 49471 47 342372
384 36618 42920 83 351178
385 36698 37475 10 2476
386 36783 49355 131 1148535
387 36860 39105 28 41837
388 37021 37347 150 16194
389 37027 44248 65 182562
390 37033 42144 13 18413
391 37116 38806 4 3388
392 37186 42876 95 97064
393 37431 39239 82 49460
394 37434 43464 132 107208
395 37552 38347 22 3115
396 37564 37897 91 16193
397 37568 39791 18 33081
398 37663 41447 78 391897
399 37700 46626 16 13042
400 37794 43848 121 365454
401 37999 38237 132 35857
402 38150 41653 18 17119
403 38296 47293 79 571129
404 38325 42568 22 9179
405 38338 48432 75 483696
406 38350 49319 98 147324
407 38418 40655 134 179707
408 38455 39298 93 51602
409 38503 38980 25 2888
410 38623 40121 143 79039
411 38626 39633 84 38164
412 38631 49929 121 618020
413 38672 43093 7 12252
414 38761 41992 75 134861
415 38778 43708 25 23534
416 38834 40344 15 40816
417 38848 42765 44 83696
418 38866 42552 113 162903
419 39070 40216 150 71283
420 39176 55150 42 527199
421 39180 48513 130 779107
422 39355 58655 51 265387
423 39369 39992 10 3110
424 39396 40954 11 6950
425 39656 50007 7 42406
426 39713 47766 102 357696
427 39822 40986 47 20672
428 39853 42999 4 3335
429 39867 44185 54 121989
430 40037 41086 139 26576
431 40087 42609 23 15320
432 40207 47721 117 228387
433 40225 46321 4 12677
434 40253 46993 28 155554
435 40354 70112 29 219174
436 40634 50908 31 133042
437 40885 41843 111 55632
438 40998 41838 43 15600
439 41153 55131 106 387901
440 41306 41769 108 36529
441 41387 47546 118 204730
442 41490 45974 36 36393
443 41492 44240 45 99901
444 41503 41664 6 807
445 41649 52536 23 75367
446 41663 46076 85 231657
447 41692 42115 115 15636
448 41708 49806 69 163827
449 42171 47714 83 342914
450 42196 64554 23 476075
451 42245 43281 109 37482
452 42363 43259 50 42871
453 42367 47022 109 361095
454 42466 56550 18 158361
455 42525 48564 89 323636
456 42529 43853 9 8095
457 42683 44164 30 16980
458 42730 44222 77 55938
459 42827 46750 30 35833
460 42869 50009 114 557475
461 42884 43754 56 8685
462 42932 43442 141 89218
463 43041 43519 95 23173
464 43127 43309 137 14206
465 43255 49926 33 68942
466 43270 57741 27 242143
467 43431 43621 32 3143
468 43565 64820 6 65164
469 43723 51829 79 285669
470 43747 44293 7 8244
471 44100 49638 18 58257
472 44148 48165 29 103552
473 44208 47180 11 30362
474 44440 48530 149 176408
475 44479 51684 27 69927
476 44558 53945 53 233324
477 44651 47305 42 52665
478 44773 53744 74 452662
479 44800 46539 130 128663
480 44805 47740 114 181905
481 44830 45523 38 11693
482 44876 48820 12 25626
483 44913 57478 54 268437
484 45009 49417 63 64321
485 45160 45497 74 38438
486 45306 46664 54 63767
487 45370 49165 46 37612
488 45469 46575 145 51980
489 45520 50299 109 124348
490 45567 51712 21 89615
491 45595 51898 52 553785
492 45626 47052 60 34802
493 45994 54426 83 485892
494 46086 48625 45 88925
495 46435 48211 12 5219
496 46632 66073 12 126495
497 46646 52234 143 323027
498 46783 49868 64 142130
499 46805 47686 71 13514
500 46879 49559 11 31380
501 46894 48538 117 57899
502 46908 49246 91 65478
503 46919 49064 68 126155
504 46976 48085 64 64819
505 47057 47102 24 427
506 47076 48652 118 29916
507 47173 47204 24 560
508 47313 47794 57 46871
509 47376 53506 130 323013
510 47395 48386 4 1618
511 47650 53395 144 251714
512 47694 60356 47 329834
513 47848 56511 66 238364
514 47922 50020 15 41595
515 48048 57715 27 141815
516 48259 53548 17 21901
517 48345 67595 23 421900
518 48392 51369 140 166969
519 48410 48516 35 2282
520 48442 61746 118 910931
521 48528 96722 80 318822
522 48612 62619 8 16403
523 48616 49809 41 22798
524 48669 50783 132 207147
525 48738 54513 74 161264
526 48758 49673 145 46802
527 48788 50439 34 20724
528 48893 49984 88 150600
529 49294 55769 24 86513
530 49394 50738 120 38348
531 49399 56805 32 58176
532 49409 55518 31 53591
533 49458 51023 27 4576
534 49461 51441 27 81696
535 49633 58781 9 52621
536 49637 51604 5 9709
537 49691 51398 35 77375
538 49747 50248 79 19701
539 49914 50827 73 309320
540 49996 50477 31 7467
541 50060 55106 15 20463
542 50090 62731 10 57422
543 50336 55247 11 7985
544 50679 56050 110 132907
545 50711 52753 146 95201
546 50767 57387 91 256318
547 50850 51512 72 53795
548 50879 58679 34 265388
549 51044 52096 35 16363
550 51069 53221 115 52970
551 51071 64949 43 144630
552 51152 54615 135 250644
553 51301 56916 64 99206
554 51328 58426 23 156024
555 51377 56405 17 41195
556 51575 52377 66 11010
557 51631 59170 96 307891
558 51649 53848 81 88214
559 51736 52556 100 41778
560 52011 54971 103 172442
561 52184 54016 99 108966
562 52295 56257 35 64575
563 52303 55274 26 54842
564 52333 57826 116 225374
565 52348 55649 60 234896
566 52461 62054 67 125742
567 52479 55437 60 106433
568 52599 52833 9 2824
569 52716 52747 12 105
570 52736 62785 23 63034
571 52995 56089 53 81378
572 53073 53649 28 5824
573 53099 57084 68 103682
574 53182 74601 55 278213
575 53184 59105 117 324584
576 53257 56779 52 125312
577 53279 53829 100 76503
578 53369 60859 142 330053
579 53462 57990 73 139444
580 53683 60006 36 135090
581 53782 54232 29 3872
582 53785 59949 43 134856
583 53876 54770 5 1328
584 53923 56032 38 34280
585 54222 63930 99 356766
586 54353 54386 15 77
587 54419 59101 62 81189
588 54444 61423 23 58064
589 54448 57488 42 131713
590 54457 55669 17 4230
591 54591 67122 7 46797
592 54663 60852 6 26940
593 54825 59879 34 44229
594 54869 59579 48 81137
595 54898 56043 9 6560
596 54952 60315 35 95078
597 54984 60272 128 214501
598 54994 63494 69 248276
599 55026 56722 19 33546
600 55042 55100 21 635
601 55069 56380 77 83883
602 55089 63021 65 63951
603 55200 64935 12 21396
604 55251 60491 116 431052
605 55516 59893 21 103013
606 55605 58738 63 252843
607 55622 57494 128 68573
608 55875 63061 33 335405
609 56268 56420 49 9873
610 56572 62617 8 34919
611 56669 58561 6 11258
612 56778 58233 117 45751
613 56833 61777 105 142173
614 56930 61145 128 188848
615 57053 60020 38 42092
616 57059 63789 149 411425
617 57163 59030 80 72294
618 57284 64856 16 91340
619 57377 61934 8 12351
620 57627 60391 7 5796
621 57958 64373 73 192571
622 57987 61481 39 80455
623 58352 65508 101 209064
624 58461 67162 28 105654
625 58479 60258 143 86435
626 58803 64847 50 159074
627 59002 67088 44 914185
628 59049 65735 126 1219974
629 59052 64829 122 268681
630 59376 65449 10 19853
631 59444 59903 38 3087
632 59563 70591 34 340354
633 59600 62225 24 16625
634 59729 65773 46 89355
635 59745 61462 77 46081
636 59855 67632 59 162259
637 59974 60030 13 529
638 59989 63464 112 75479
639 60029 64924 6 26343
640 60064 65450 58 190000
641 60201 68994 17 62059
642 60304 63990 47 35027
643 60449 60919 130 16295
644 60525 62165 46 17384
645 60550 64584 8 9584
646 60697 62673 35 33402
647 60813 73970 90 1416977
648 60860 67463 83 229831
649 60876 63045 104 112883
650 60899 64619 36 74857
651 60937 64796 137 804902
652 60965 63525 119 141151
653 61095 72807 21 144978
654 61174 69816 22 315466
655 61285 64696 54 55242
656 61305 71224 20 88655
657 61312 66629 11 30375
658 61454 63112 122 76262
659 61466 68499 29 68252
660 61515 65475 12 20794
661 61516 66082 50 67784
662 61533 70964 22 153951
663 61535 61594 13 336
664 61548 63644 147 113034
665 61734 65509 66 164701
666 61785 67018 126 262125
667 61896 79434 115 552629
668 61907 75926 53 309860
669 61990 62696 71 22991
670 62032 75988 12 50950
671 62139 63497 17 9067
672 62305 88678 5 38407
673 62445 63353 114 121342
674 62463 69666 122 337230
675 62691 63203 75 15823
676 62739 77869 20 78566
677 62799 71587 96 219939
678 62822 64948 15 18074
679 62945 63402 31 5987
680 62955 67517 150 674024
681 62956 64225 74 42375
682 63014 63960 51 34310
683 63143 63493 5 1104
684 63177 66989 117 181976
685 63240 68465 12 21386
686 63246 69065 38 196836
687 63281 65247 38 26896
688 63320 70498 94 304634
689 63375 67456 5 15326
690 63489 64485 9 5852
691 63623 68671 104 990204
692 63683 70197 78 199494
693 63779 70003 8 17231
694 63844 64780 41 8997
695 63914 65160 42 91753
696 64132 65183 36 9589
697 64281 65357 66 19224
698 64434 69993 147 464581
699 64435 77266 7 40932
700 64500 73823 23 45409
701 64674 68790 138 190427
702 64896 77606 41 120839
703 64921 67500 82 74650
704 64960 80228 58 240485
705 65017 72203 33 35259
706 65063 70592 66 201585
707 65091 72474 18 52841
708 65103 93140 55 824852
709 65203 68061 29 61480
710 65273 76547 65 519596
711 65290 77582 17 66703
712 65356 66777 88 147544
713 65379 66155 80 17737
714 65585 92098 117 900411
715 65596 69055 107 241298
716 65666 69431 52 98470
717 65708 80212 25 105582
718 66022 68699 58 115622
719 66031 69796 34 32727
720 66166 79125 35 237910
721 66230 67518 14 11513
722 66257 83815 16 99588
723 66266 70416 68 213790
724 66401 68877 64 59631
725 66715 70791 32 16152
726 66745 77363 85 504038
727 66791 71100 55 196067
728 66827 67861 54 32168
729 67301 70692 74 133197
730 67304 75019 136 811396
731 67366 71505 5 9553
732 67392 77433 20 104297
733 67498 69658 19 30656
734 67628 71801 112 104208
735 67792 68623 14 3234
736 67948 70541 38 74155
737 68165 84017 100 635253
738 68197 81981 6 69456
739 68251 73072 109 511519
740 68361 91807 121 810979
741 68552 69720 9 3785
742 68891 78904 10 11519
743 69080 70602 7 2756
744 69331 80539 20 150499
745 69500 79631 61 93929
746 69536 74778 97 159730
747 69631 71484 4 2546
748 69793 69951 73 5488
749 69892 78927 30 63781
750 69997 79398 35 136130
751 70432 75050 59 91206
752 70488 97027 41 852038
753 70636 75816 6 30606
754 70649 72462 16 6814
755 70805 71755 136 67557
756 70861 70893 98 3141
757 70921 71614 33 5856
758 70982 83525 97 220832
759 71184 71680 7 1228
760 71187 72051 36 40621
761 71393 85332 65 210940
762 71405 71975 143 37542
763 71543 79378 115 395111
764 71547 77489 120 295604
765 71727 72296 44 52077
766 71870 72391 30 4356
767 71885 72544 16 2648
768 71920 73258 32 18511
769 71959 72981 74 55286
770 72083 77487 21 60290
771 72118 86323 41 455534
772 72488 83309 119 602841
773 72526 72799 6 790
774 72545 84006 49 199639
775 72594 75631 7 41612
776 72626 76921 72 167048
777 72713 72746 32 581
778 72786 74685 36 13838
779 72951 73541 71 11346
780 72998 75900 16 18537
781 73101 82560 125 202115
782 73179 76234 26 36256
783 73260 80850 4 17295
784 73403 80930 91 418745
785 73412 83641 31 193629
786 73470 73989 82 67913
787 73633 74027 18 8819
788 73678 87407 100 191155
789 73696 74112 18 2235
790 73764 79612 64 159327
791 73790 76451 87 22592
792 73828 83884 132 820044
793 73937 79212 97 356952
794 74072 75094 130 31039
795 74329 82250 142 938194
796 74433 79107 50 86154
797 74696 78788 17 17992
798 74757 75740 146 109702
799 74922 78813 134 235960
800 74931 84339 49 584728
801 75072 80039 46 297894
802 75294 78329 32 74160
803 75324 81551 26 62864
804 75349 80910 90 69526
805 75590 76659 101 162752
806 75629 81690 95 414366
807 75796 76280 31 5700
808 75830 89257 35 239767
809 75859 80404 107 127361
810 75894 78992 109 210912
811 75915 78575 4 3778
812 76006 79772 36 68095
813 76170 86326 10 36342
814 76173 90372 25 158054
815 76191 76241 30 968
816 76402 76750 114 27368
817 76525 81714 48 136445
818 76594 76933 11 2413
819 76874 81006 13 22219
820 77011 83898 38 228394
821 77250 78207 19 18625
822 77325 98686 45 184123
823 77339 78691 5 1656
824 77344 80442 10 8536
825 77345 79487 24 5236
826 77379 82415 26 40497
827 77558 85939 119 405107
828 77661 84221 19 31110
829 77877 87938 92 337776
830 77919 81211 69 96445
831 78102 80576 88 217596
832 78399 82414 126 126545
833 78404 80720 33 36419
834 78428 80697 145 53784
835 78517 83511 20 22040
836 78586 81162 18 9330
837 78662 89455 46 390694
838 78675 91688 70 406804
839 78688 88580 93 299572
840 78707 79084 93 16288
841 78708 88510 98 506123
842 78779 82163 82 154290
843 79021 80907 20 19023
844 79057 83528 137 201135
845 79146 86300 51 130083
846 79192 83943 147 388997
847 79208 80253 22 6519
848 79285 82995 38 132032
849 79542 87350 11 24653
850 79550 86814 42 112724
851 79580 98270 60 302997
852 79627 81576 96 82027
853 79672 93591 26 137369
854 79860 85897 18 63019
855 79920 80564 127 27112
856 79956 83428 73 49765
857 80020 96823 110 554681
858 80084 84599 132 673974
859 80198 81871 134 116488
860 80269 83986 5 8782
861 80325 90399 38 520785
862 80523 84771 32 157971
863 80543 84503 82 46213
864 80603 83873 145 235818
865 80647 82788 11 10722
866 80652 90232 63 115713
867 80696 83967 47 28295
868 80779 87356 31 73953
869 80795 91594 65 125896
870 80868 95455 14 104655
871 80900 89222 6 21474
872 80909 81333 56 29254
873 81051 85713 109 112102
874 81476 95252 15 37458
875 81486 83378 77 26166
876 81666 82385 96 26033
877 81881 86436 127 305643
878 81921 82552 15 4079
879 81929 94568 35 87193
880 81945 86384 12 14310
881 82022 89529 135 618661
882 82188 82384 21 2076
883 82584 85054 8 9214
884 82602 89003 116 174591
885 82617 95701 43 201764
886 82716 83165 87 17925
887 82743 83614 54 7118
888 82755 84354 49 36250
889 82781 84605 144 52749
890 82830 87843 5 9789
891 83190 89523 147 172672
892 83228 92338 12 57857
893 83336 84089 118 62944
894 83463 86637 11 4537
895 83591 86604 96 106950
896 83687 84965 49 20943
897 83749 86585 90 153965
898 83797 86871 132 329296
899 83998 93361 16 95409
900 84176 89835 147 259699
901 84512 86113 33 55729
902 84542 87786 89 142634
903 84725 88370 8 5516
904 84728 92286 148 354992
905 85047 87972 14 11602
906 85080 92300 12 93262
907 85166 88357 143 214146
908 85175 95274 67 351748
909 85264 85379 32 3437
910 85284 85951 35 11714
911 85376 88408 66 59398
912 85507 92732 56 155966
913 85580 89521 16 52061
914 85700 88227 25 16612
915 85716 86448 59 27770
916 85772 86851 116 165403
917 85783 91544 138 340055
918 86090 90386 33 42158
919 86248 87034 45 20583
920 86439 90237 13 24113
921 86829 89887 6 4870
922 86837 92975 15 61188
923 86934 94203 68 218269
924 87117 91703 98 180130
925 87327 94714 122 216428
926 87476 90861 106 183413
927 87533 89158 70 22306
928 87675 88465 94 83112
929 87805 97510 26 183711
930 87916 95921 101 321994
931 88259 89136 10 15054
932 88291 91694 52 28436
933 88378 93246 96 273738
934 88633 89242 7 2391
935 88681 91402 96 109704
936 88953 90227 52 31164
937 89175 93725 84 351905
938 89357 92646 6 10048
939 89364 94649 53 180444
940 89400 89753 61 24051
941 89773 90185 39 2858
942 89949 94704 96 162215
943 89960 96549 39 77799
944 90105 92647 29 59563
945 90120 91499 113 76925
946 90309 95814 144 198634
947 90464 91392 55 6500
948 90783 91766 112 48441
949 90933 98666 56 149156
950 90991 91699 7 2680
951 91065 96289 106 567644
952 91206 92819 27 60316
953 91396 92002 93 108717
954 91667 93114 39 12144
955 91816 94812 59 56478
956 92033 95833 77 157318
957 92092 99612 90 186360
958 92112 96018 61 103143
959 92309 92582 83 15238
960 92398 95947 95 131273
961 92532 93338 10 6780
962 92804 99635 18 26394
963 92833 94328 84 73920
964 92912 93787 4 2418
965 93037 93347 114 13627
966 93647 97213 127 211918
967 93731 95614 115 116801
968 93885 97584 95 187280
969 93893 97520 105 249096
970 94012 96247 36 43319
971 94047 96789 125 451595
972 94064 96744 29 13485
973 94099 95896 21 14148
974 94201 98669 74 69235
975 94252 97464 11 20786
976 94388 96564 143 138662
977 94534 94674 9 761
978 94576 95208 107 52663
979 94659 96154 142 121941
980 94713 95753 69 82088
981 94873 95159 51 7217
982 95147 95449 57 13564
983 95158 95712 103 23244
984 95493 96145 98 73063
985 95550 96100 56 7731
986 95790 98044 5 2510
987 95888 98442 132 122118
988 95948 97858 63 77636
989 96237 96474 16 2650
990 96419 97194 68 46482
991 96496 98251 147 289718
992 96582 99077 11 34149
993 96917 97222 18 4064
994 97958 98311 6 972
995 98157 99592 9 17576
996 98349 98613 7 1736
997 98406 99938 65 53753
998 98738 99789 4 3486
999 98749 99923 149 139599
