50 1000 0.087
....#..#........####.#....#.......................
....#..##........#######..#..##.............#.....
...######.......#######..#######...........####...
..#########......######.#######............##.#...
###.##.####.......#.#.##.#######..........#####...
##...####.#........##.########..#...........####..
##..#########......##...#.#######...........###...
.#...########..........##..##.####..........#####.
###########................###.#............####..
.###....##..................#..#............####..
...#.....#..................#.##............####..
.........................##...###............#.#..
..........................#######.................
........................########..................
.........................#.###....................
............................####...####...........
............................##.......#............
.............................#.....###............
.............................#...#######..........
..................................#######.........
..................................######......#...
.......................................##.....#...
.........................##............#.....###..
..........................##.................#####
........................####................######
.......................#######..............######
.......................########.............###..#
.........##............#..####..............#.....
.........####..............######.................
..#......#######..#.......########................
..####.####..##..####.....####..#.................
...###..###.#....##.......####.............#......
....##.#########.####......####............##.....
....#####.###.#######....###.###...........###....
....##.##.####.#.##...........#...........###.....
.....#.##.####.#..#......................#.##.....
.....#####..#..........................########...
.....##.###.............................#.###.....
......###..................................#####..
.......###..#.#...........................##.#....
.......########..........................##.......
........######............................##......
.........#.###....................................
........###.......................................
..................................................
.###..............................................
####..............................................
#####.............................................
######............................................
#####.............................................
0 79 1085 10 2799
1 142 1627 36 35796
2 146 1880 10 18138
3 208 2424 49 21687
4 379 2042 147 33160
5 489 889 4 866
6 815 2966 101 204186
7 1067 1428 141 31086
8 1138 2694 123 218935
9 1231 16785 38 167441
10 1277 1869 74 18330
11 1327 2456 104 80775
12 1347 2604 15 11263
13 1469 3581 18 11774
14 1611 2408 118 52288
15 1907 3734 125 155238
16 1970 9861 69 392567
17 2506 6552 40 76633
18 2725 12070 90 576887
19 2816 8883 100 288175
20 3000 3156 66 6397
21 3123 5668 114 89761
22 3378 3797 23 4441
23 3599 7273 59 114987
24 3607 7379 56 42551
25 3698 12464 130 566825
26 3825 7872 15 15416
27 3834 4725 68 23483
28 3989 4466 146 35071
29 4140 5430 135 169949
30 4304 24095 67 680345
31 4317 5398 60 11810
32 4377 6905 146 197956
33 4387 9495 5 3374
34 4539 6304 55 59602
35 4547 5341 14 7601
36 4587 4798 99 11550
37 4603 9668 9 19366
38 4622 9298 9 11600
39 4724 7931 8 4922
40 4968 8472 57 81374
41 5001 11153 18 89732
42 5005 9897 147 296402
43 5023 9670 113 119441
44 5052 11997 18 62830
45 5234 6363 48 61604
46 5241 9970 5 19875
47 5308 5760 12 2883
48 5344 7824 100 88316
49 5349 6718 52 46508
50 5392 7884 85 101039
51 5560 10427 7 12176
52 5647 6818 45 8333
53 5676 7170 7 3936
54 5702 13295 12 57549
55 5725 11050 116 172187
56 5778 6239 13 2847
57 5902 7895 21 11900
58 6209 8955 5 11677
59 6323 6385 122 5824
60 6336 7837 9 5028
61 6409 6527 33 3071
62 6537 6789 59 9765
63 6554 12536 80 442904
64 6572 10026 73 62032
65 6601 7406 31 26001
66 6611 8382 14 11455
67 6613 6631 24 271
68 6828 9539 56 40668
69 6885 24821 83 349257
70 6930 8696 19 33766
71 7065 20545 98 537973
72 7146 10374 28 33655
73 7162 12584 49 212284
74 7174 8801 7 5463
75 7405 8199 43 5059
76 7471 9201 56 53915
77 7486 10378 81 77238
78 7590 12519 7 23425
79 7673 13432 105 173320
80 7925 11442 91 178265
81 8041 21689 92 548802
82 8160 10840 25 23358
83 8216 8660 72 13472
84 8221 8527 101 10395
85 8728 9144 6 868
86 8803 14894 30 62191
87 8903 14734 47 159828
88 8934 20388 87 703664
89 8935 9326 11 2369
90 9272 10051 19 8048
91 9335 16408 43 205910
92 9362 13233 133 150601
93 9440 11032 64 63108
94 9447 12641 70 223460
95 9451 15844 84 540532
96 9527 13300 84 78421
97 9541 13098 11 19370
98 9907 13210 86 206049
99 9964 10459 104 20992
100 9973 10422 7 1519
101 10012 20044 20 114452
102 10220 10312 8 583
103 10423 12148 63 53343
104 10569 17115 137 685120
105 10634 12513 28 25832
106 10737 24926 47 181621
107 10755 20973 83 101621
108 10787 11071 109 27369
109 10973 11640 54 22480
110 11008 13601 116 198841
111 11324 12029 124 39906
112 11458 20071 22 122746
113 11585 14863 76 100506
114 11847 15176 74 135679
115 11967 17298 9 22709
116 11976 19566 54 211827
117 12165 14696 110 68026
118 12241 17122 18 21195
119 12259 16678 18 18055
120 12272 12512 7 2691
121 12326 22062 62 554869
122 12461 12634 53 3375
123 12602 13964 70 44809
124 12668 15751 47 108851
125 12742 15957 94 142070
126 12787 21359 11 40468
127 12953 14985 101 75864
128 13144 14856 71 43695
129 13383 20332 46 75015
130 13456 26741 12 226086
131 13476 21518 143 305422
132 13638 20618 36 47134
133 13654 29922 105 596937
134 13758 15974 76 90446
135 13833 14341 12 4601
136 14043 17774 100 295114
137 14236 17474 87 350713
138 14347 15699 95 152117
139 14386 20680 21 36281
140 14389 25778 7 19170
141 14422 15062 27 6111
142 14544 15028 5 1523
143 14623 17367 36 50352
144 14882 15979 110 35808
145 14968 15302 106 19413
146 15050 16048 19 29475
147 15115 20329 18 137709
148 15122 17582 82 66446
149 15329 17894 18 18642
150 15384 19736 5 16639
151 15789 21776 71 232211
152 16354 16995 21 8362
153 16476 29326 29 500611
154 16557 18602 45 56577
155 16846 17129 9 1841
156 16871 23622 16 58852
157 17047 24522 146 306964
158 17187 22614 66 57931
159 17265 20812 8 10774
160 17346 18837 7 6233
161 17715 20456 75 160054
162 17839 18379 49 10075
163 17919 17942 124 2451
164 17927 18327 28 2795
165 17962 22577 13 34130
166 17993 22766 5 12681
167 18127 18346 96 21056
168 18610 21582 102 271273
169 18737 22938 145 397472
170 18761 24348 27 56123
171 18776 19087 72 6879
172 18809 22522 48 57863
173 18979 24355 82 165773
174 19001 19113 71 2362
175 19094 20595 29 31288
176 19117 20805 17 4895
177 19180 20220 68 29014
178 19475 21012 22 6230
179 19552 20007 91 22354
180 19661 21702 62 119504
181 19720 24630 59 193706
182 19833 29548 24 74860
183 19839 24606 68 111241
184 19847 27737 123 434143
185 19897 26546 57 146242
186 19981 20659 110 17401
187 20184 20726 33 6767
188 20637 23812 36 63792
189 20652 25440 31 15194
190 20814 25442 7 10651
191 20838 25602 85 343541
192 21196 21949 19 5123
193 21329 30618 83 186928
194 21343 28658 18 60697
195 21395 23817 59 26264
196 21408 21637 66 7259
197 21632 29429 9 28969
198 21650 23134 141 73941
199 21705 30384 23 93442
200 21820 23367 18 11048
201 21821 28191 97 355914
202 21844 23789 8 9231
203 21859 25117 30 72805
204 21924 22975 5 4301
205 21944 25005 78 77407
206 22016 27441 46 90602
207 22155 24680 15 30101
208 22335 40188 121 411223
209 22353 24565 11 9883
210 22633 31874 11 42059
211 22682 23684 16 15326
212 22725 28019 120 85501
213 22786 23533 14 5960
214 22794 40721 30 912887
215 22829 30033 11 24531
216 22940 24710 70 163733
217 23169 23290 101 21541
218 23393 27280 23 95363
219 23417 32922 19 108941
220 23545 25902 8 15173
221 23551 30900 82 225647
222 23680 36435 89 344785
223 23690 26011 69 71303
224 23843 24679 15 6017
225 23942 24889 64 36328
226 23969 26078 12 7941
227 23991 29986 53 215071
228 23997 25825 26 14982
229 24037 24290 123 23350
230 24190 24447 76 23851
231 24409 26010 101 62172
232 24618 25987 135 38791
233 24699 36129 108 384971
234 24740 26599 109 83557
235 24748 30933 35 204387
236 24945 25498 22 14369
237 25093 28009 54 54231
238 25156 26258 44 32940
239 25425 26368 114 71629
240 25508 26667 30 10710
241 25538 27025 79 69105
242 25665 25770 148 10253
243 25742 27808 59 40280
244 25835 29673 23 19612
245 25862 36404 128 453689
246 25970 29681 32 50681
247 25971 27385 19 4802
248 25998 27528 43 17424
249 26091 28509 6 2521
250 26243 27736 6 5132
251 26360 31266 85 312131
252 26526 29696 40 29702
253 26689 28776 78 121830
254 26868 29282 15 16683
255 27041 30500 149 174843
256 27069 27083 99 3078
257 27095 36677 141 378551
258 27144 28263 68 43094
259 27153 37936 41 169566
260 27187 31417 9 16833
261 27518 32133 61 167069
262 27523 32889 103 149945
263 27543 27631 50 2243
264 27662 30015 30 28486
265 27714 27783 29 1031
266 27791 29631 9 9142
267 27795 32441 6 13984
268 27884 33320 15 17636
269 27930 30624 64 37993
270 28051 28255 35 3769
271 28307 30625 7 7729
272 28326 28474 27 3019
273 28363 31137 58 60194
274 28379 31065 118 82320
275 28574 29676 136 80108
276 28587 31236 17 4938
277 28601 30160 87 78912
278 28692 37767 61 147912
279 28799 34803 107 177373
280 29116 32609 71 120181
281 29172 40427 59 657941
282 29393 32495 24 20185
283 29435 34385 29 92927
284 29490 30380 45 45459
285 29539 38208 71 400849
286 29581 46531 87 182748
287 29760 31921 4 1512
288 29800 31520 14 8468
289 29818 30034 44 2665
290 29868 33685 5 14988
291 29902 29960 79 5341
292 30236 33605 120 166020
293 30253 32471 130 135805
294 30456 44078 114 999834
295 30543 38038 146 313204
296 30580 32501 111 286494
297 30750 32597 104 47629
298 30831 36061 8 22732
299 30842 33034 32 19086
300 31081 31601 129 30210
301 31163 32303 71 23526
302 31214 31938 80 69281
303 31244 33766 9 2968
304 31305 35274 146 320610
305 31491 39528 12 42007
306 31609 38215 93 265156
307 31619 35073 6 12230
308 31729 34068 61 82263
309 31732 31746 57 316
310 31760 32833 32 10266
311 31962 35262 63 82221
312 32006 32983 53 6542
313 32079 34692 99 167804
314 32185 33696 105 211130
315 32199 36156 11 40871
316 32347 32422 77 2272
317 32356 33299 27 9482
318 32414 37082 26 87272
319 32464 49791 42 256160
320 32694 34742 24 9387
321 32766 36633 105 198622
322 32823 38018 99 108119
323 32842 34418 145 37358
324 32874 34660 71 62032
325 32925 38317 14 42251
326 33086 35776 105 115378
327 33169 34867 22 16329
328 33196 33249 137 13211
329 33266 38112 5 11641
330 33370 36336 45 149641
331 33550 34208 72 21507
332 33569 35140 104 33356
333 33667 36619 6 8223
334 33993 36830 14 14210
335 34017 34551 21 6765
336 34085 36402 10 9429
337 34280 34648 11 1357
338 34347 34721 104 38732
339 34537 36020 87 49044
340 34554 36842 35 53676
341 34707 38244 52 78094
342 34878 40025 27 26899
343 34941 36428 79 24637
344 35241 40874 66 140476
345 35403 35872 90 25587
346 35449 37129 49 18334
347 35648 46351 23 205352
348 35679 37311 136 128607
349 35790 37848 19 25585
350 35799 35852 23 554
351 35826 38499 102 57380
352 35835 39516 139 88352
353 35847 36470 35 7013
354 36047 40994 14 31837
355 36254 38620 74 83561
356 36281 37168 63 17491
357 36294 39258 52 141021
358 36357 38352 73 72338
359 36386 36768 75 9116
360 36481 39443 99 73960
361 36528 45785 52 405512
362 36664 40090 18 14889
363 36793 37633 56 16910
364 37019 42455 66 143581
365 37045 42842 50 161867
366 37284 40677 86 108462
367 37398 38299 132 60478
368 37411 40379 89 143265
369 37437 38220 64 12631
370 37730 48083 34 179880
371 37783 39545 57 54998
372 37821 40267 42 24480
373 37919 38301 61 31742
374 38064 41613 63 150569
375 38249 47224 14 132745
376 38264 45896 36 116468
377 38561 40477 17 6559
378 38563 39542 108 16864
379 38589 41717 115 242391
380 38593 43773 104 159922
381 38829 40842 104 91246
382 38875 44275 36 30930
383 38954 39440 59 7142
384 39001 39154 13 746
385 39078 40774 55 58190
386 39190 48764 108 373709
387 39221 40212 132 71878
388 39314 40495 140 69868
389 39366 40283 29 20810
390 39369 42603 71 542160
391 39374 40952 48 49414
392 39561 44779 21 29529
393 39804 45681 144 326108
394 39816 39874 10 277
395 39927 42329 67 62905
396 39949 40861 65 56098
397 40012 40898 115 74526
398 40020 41033 109 56394
399 40102 46395 40 59308
400 40170 44148 32 35856
401 40178 41437 116 83216
402 40186 41378 70 41002
403 40243 41922 61 53904
404 40342 41300 12 14384
405 40358 44567 11 14568
406 40479 47801 19 35673
407 40526 42777 5 3821
408 40594 45158 10 39854
409 40615 44759 18 18881
410 40619 41910 110 45823
411 40649 42785 11 13329
412 40673 42648 131 120376
413 40775 47861 10 77034
414 40844 45838 90 228070
415 40967 41421 53 8756
416 41035 41331 7 1678
417 41055 43328 114 72588
418 41268 47046 136 401197
419 41338 46843 149 328105
420 41455 44000 46 29814
421 41499 42412 51 10028
422 41592 42680 6 8073
423 41667 50092 147 638874
424 41769 44340 13 14752
425 42064 42549 54 20779
426 42072 43133 99 29428
427 42162 45941 103 93063
428 42361 43900 8 6078
429 42394 42969 64 24329
430 42614 55065 16 242158
431 42685 42839 18 804
432 42754 44975 90 98398
433 42832 47592 108 153712
434 42864 52672 100 463500
435 43135 44679 110 168089
436 43464 44565 35 13963
437 43508 46152 142 156169
438 43512 43532 9 245
439 43977 47770 54 98671
440 44044 50637 6 30577
441 44059 54705 15 41063
442 44283 49874 110 165944
443 44289 46589 87 132579
444 44315 51003 43 253945
445 44428 45781 131 113721
446 44592 49861 21 46588
447 44944 49740 35 27876
448 44962 51471 11 14724
449 45078 46208 9 5449
450 45172 47107 49 32693
451 45236 46709 57 15980
452 45422 46072 22 3577
453 45427 46318 51 14550
454 45468 52271 13 40106
455 45604 48556 55 97581
456 45716 49698 32 52418
457 45760 51308 8 36763
458 45794 47890 147 264032
459 46091 56019 7 26268
460 46093 46184 114 10951
461 46372 46570 19 1013
462 46504 47059 82 25851
463 46509 54173 116 177085
464 46541 51235 127 360868
465 46848 48782 95 41623
466 46856 53133 108 193887
467 46879 48368 72 30763
468 46968 52827 46 158176
469 47160 51081 76 46052
470 47214 49152 93 57865
471 47362 50347 30 114614
472 47588 57237 56 640804
473 47684 52068 15 19934
474 47697 48110 77 14254
475 47712 50631 106 179539
476 47723 48497 18 6341
477 47827 48149 127 26835
478 47828 51724 92 121735
479 47925 49191 130 46072
480 48016 48150 12 1447
481 48238 54112 135 333726
482 48307 51459 7 8291
483 48427 49521 77 41029
484 48620 51009 28 20266
485 48755 49966 27 11597
486 48768 49273 56 19398
487 48908 52120 18 44913
488 48947 56251 7 16633
489 48967 54547 7 47767
490 48999 52106 11 30079
491 49062 49644 22 8198
492 49108 50160 35 14086
493 49204 53780 29 45672
494 49349 50009 52 16495
495 49370 51589 41 65100
496 49395 55231 5 12205
497 49456 59522 52 205153
498 49478 57674 34 94673
499 49573 61224 11 51308
500 49799 50086 74 13214
501 49800 50042 65 7397
502 49882 54521 32 58288
503 49886 50153 125 33250
504 50034 56653 15 41195
505 50079 56234 13 32573
506 50105 53644 25 42273
507 50231 53692 140 325856
508 50275 53988 13 15376
509 50520 54658 33 253726
510 50603 50925 138 37017
511 50869 51622 40 16595
512 50935 54983 16 45804
513 50940 52343 14 8080
514 51048 51890 30 29700
515 51175 51941 108 59771
516 51241 53562 58 75519
517 51281 51378 23 5738
518 51387 51839 39 4233
519 51463 54248 5 10183
520 51574 51985 43 25831
521 51629 52916 26 22943
522 51739 60530 127 312790
523 51751 57663 112 185342
524 51799 54126 79 66211
525 51820 54085 85 332261
526 51984 52493 10 1308
527 52098 55679 148 411029
528 52345 53590 80 74687
529 52355 54743 91 233976
530 52417 58804 41 122851
531 52642 53276 16 4256
532 52739 53894 7 3239
533 52741 59283 87 148512
534 52745 60063 18 329819
535 52795 53325 59 14115
536 52938 57462 148 153756
537 52986 56792 51 56232
538 53149 73623 67 442415
539 53337 57348 25 27310
540 53367 53737 4 361
541 53371 54466 85 52539
542 53455 54486 54 16594
543 53477 56525 39 129063
544 53520 58458 135 145005
545 53540 57062 112 77050
546 53673 55531 21 17088
547 53710 67520 33 219160
548 53756 56927 138 404971
549 53899 55350 50 25106
550 54004 54443 91 37955
551 54084 54474 81 26861
552 54368 56878 69 70974
553 54408 65005 18 56040
554 54541 55468 56 17014
555 54650 55435 50 14293
556 54670 63550 17 71722
557 54709 56344 7 5567
558 54883 56189 41 16605
559 54969 57159 73 147808
560 55147 67329 139 244709
561 55152 60760 112 178927
562 55209 58542 93 71899
563 55407 57540 74 97710
564 55537 63533 41 131430
565 55687 71159 143 309296
566 55808 70702 28 495713
567 55813 57808 30 27753
568 55867 58728 97 75244
569 55932 58007 7 4034
570 56043 56456 142 27810
571 56091 57110 18 4359
572 56120 65846 46 384797
573 56125 62430 55 110886
574 56185 57744 10 4240
575 56231 67430 20 43555
576 56293 61781 31 24834
577 56444 61240 106 168262
578 56741 59457 147 136236
579 56914 62909 26 51997
580 56941 67422 10 25240
581 57049 57215 119 28260
582 57071 80515 16 165738
583 57093 58787 137 70041
584 57173 65113 11 28506
585 57255 60088 117 133436
586 57286 57532 5 1338
587 57303 57397 29 912
588 57498 63723 134 373364
589 57548 60154 109 123067
590 57596 58807 6 2460
591 57695 62892 30 36773
592 57772 67833 96 322081
593 57988 59974 112 245714
594 58171 64037 90 470910
595 58252 66423 119 284728
596 58259 58338 12 889
597 58435 62861 77 150804
598 58572 65643 146 283082
599 58730 59426 29 20656
600 58850 60667 47 79566
601 58942 62594 50 209332
602 58974 60544 13 7254
603 59050 62862 17 32939
604 59110 60925 102 110140
605 59113 59899 150 93345
606 59146 60676 107 590001
607 59333 62732 97 254372
608 59562 61937 78 156187
609 59662 60487 18 11345
610 59708 66605 79 73794
611 59749 66221 136 259377
612 59842 65671 24 63082
613 60025 63741 39 50236
614 60093 63543 38 186892
615 60159 64155 97 129866
616 60265 60538 30 2392
617 60311 65527 67 226284
618 60322 71846 19 77314
619 60369 63587 11 10829
620 60482 63642 16 16398
621 60510 68133 27 64687
622 60598 62317 33 40088
623 60630 61072 24 2622
624 60649 61414 22 2560
625 60736 61136 9 738
626 60820 77828 119 710142
627 60848 72096 144 323785
628 60886 65572 52 102375
629 60965 85199 119 1365243
630 60983 61020 18 241
631 61129 78659 13 100495
632 61172 68214 121 320016
633 61403 65866 35 112661
634 61426 61676 117 21963
635 61439 63458 7 8745
636 61461 62231 82 34563
637 61698 62069 50 11157
638 61845 61982 97 33684
639 61857 64765 50 143876
640 61877 62386 8 3268
641 61885 63118 54 34513
642 61917 62636 127 49287
643 61935 64066 10 12753
644 61970 64228 10 16782
645 61989 75075 59 357252
646 62020 65511 129 284200
647 62120 63363 98 37926
648 62173 63782 87 123926
649 62318 65745 17 24007
650 62366 62621 80 16134
651 62442 64896 98 108729
652 62449 70632 45 105240
653 62450 64756 135 167546
654 62562 64350 61 40213
655 62574 68519 12 17155
656 62590 64937 68 195697
657 62700 63796 39 30131
658 62729 63039 66 7050
659 62904 68092 102 81608
660 62916 64205 34 23072
661 63113 64812 133 70705
662 63116 66898 95 150994
663 63246 67079 48 167670
664 63300 65057 89 74709
665 63318 65092 89 50114
666 63617 70800 146 444158
667 63779 65836 22 15069
668 63793 66608 24 76414
669 63847 67603 92 713209
670 63859 65449 113 93446
671 64069 65930 34 62188
672 64170 64465 28 799
673 64211 72878 5 6124
674 64395 66101 28 29773
675 64647 76048 63 252647
676 64688 68064 97 137268
677 64724 65635 99 33895
678 64769 65805 116 69310
679 64790 65032 18 1970
680 64806 74512 130 649727
681 64844 68262 21 16471
682 64864 68106 147 356486
683 64935 65690 100 45758
684 65145 67114 41 24595
685 65175 78389 111 372254
686 65245 75398 127 492269
687 65249 67112 43 83768
688 65341 68540 94 106652
689 65468 66388 58 22929
690 65661 70328 59 70952
691 65706 66356 18 3423
692 65782 67297 10 8047
693 65975 66058 20 854
694 65980 74166 49 133423
695 65982 70666 14 47924
696 66096 67640 85 81477
697 66351 67746 130 75301
698 66539 67742 57 73307
699 66564 70435 34 100310
700 66574 68877 50 59056
701 66732 72562 93 392269
702 66878 69339 50 62153
703 66896 71076 7 11489
704 66933 67892 5 1597
705 67058 71724 17 44185
706 67098 72404 76 132009
707 67180 73140 25 43173
708 67243 69662 81 79359
709 67301 69308 12 4239
710 67540 69401 98 82021
711 67542 68131 38 31560
712 67545 67876 126 17446
713 67652 69300 17 12987
714 67664 72464 47 124999
715 67908 78072 70 339553
716 67915 70174 106 177415
717 68009 77509 67 168787
718 68011 78764 74 263612
719 68017 68730 5 2004
720 68187 69039 8 2065
721 68324 69077 6 1966
722 68369 74866 6 6792
723 68446 68898 72 17891
724 68454 69291 59 42797
725 68472 68931 5 731
726 68623 68994 9 738
727 68909 70271 85 38675
728 68978 72959 39 115033
729 69228 79536 58 350213
730 69273 73014 142 459041
731 69457 69882 127 30789
732 69491 74482 59 196762
733 69563 70259 69 13486
734 69603 77413 15 37118
735 69826 72293 45 31500
736 70175 70967 30 9141
737 70182 72712 36 22647
738 70243 71185 8 3932
739 70334 71011 117 107059
740 70368 70772 121 17092
741 70498 70613 44 6935
742 70510 73058 42 20746
743 70568 72514 45 26904
744 70760 73807 40 117423
745 71077 81281 44 130460
746 71082 73507 92 190689
747 71197 72104 135 170200
748 71498 77854 43 228191
749 71511 76032 17 47061
750 71523 71852 52 5389
751 71528 76456 54 55960
752 71670 75235 139 407409
753 71685 71744 110 2600
754 71688 72070 13 1847
755 71732 85485 95 545500
756 72111 74592 5 8100
757 72538 76291 104 113969
758 72622 73753 80 68922
759 72719 76348 14 13109
760 72779 72914 109 4968
761 72782 75697 44 96595
762 72798 72942 36 6157
763 72926 73041 138 6826
764 72974 73404 141 15360
765 73106 83950 124 1289890
766 73132 73884 100 14394
767 73253 75706 81 82532
768 73413 80078 8 15763
769 73457 75212 5 4720
770 73475 74397 8 1718
771 73524 79848 138 291952
772 73552 76643 50 81817
773 73717 79542 19 70188
774 73831 74803 100 63691
775 73866 74951 50 22006
776 73983 74218 102 10235
777 73994 75184 8 11706
778 74144 77691 22 46470
779 74296 74545 8 631
780 74335 75622 75 27963
781 74547 75737 14 17907
782 74572 75101 36 7034
783 74686 75049 76 26491
784 74755 80763 6 19325
785 74837 77739 113 118171
786 74840 79018 34 35119
787 74901 82205 75 127101
788 74966 76583 65 57058
789 75047 80056 11 29364
790 75083 76140 73 19655
791 75262 78878 29 19248
792 75387 77500 12 20242
793 75450 75849 91 18520
794 75490 76587 98 102733
795 75506 79584 115 200123
796 75534 77484 136 241758
797 75554 76365 73 27299
798 75570 76265 137 60899
799 75624 81658 25 43918
800 75703 76595 119 26238
801 75708 76834 12 4538
802 75773 77817 15 15020
803 75800 78779 58 90656
804 75910 84131 9 30124
805 75924 78196 17 9375
806 75986 77743 28 12628
807 76029 77441 102 35509
808 76217 78956 20 48424
809 76360 76559 122 20016
810 76370 76440 19 426
811 76402 78800 23 31079
812 76426 78877 6 4617
813 76529 76564 54 1126
814 76576 78162 129 166219
815 76592 84320 40 134612
816 76849 80094 136 217267
817 76880 77337 71 25847
818 77088 80931 35 27680
819 77125 81731 35 98563
820 77127 79120 32 43631
821 77162 80034 8 12118
822 77208 77242 94 2264
823 77271 80865 102 204609
824 77274 77901 28 5060
825 77382 92405 132 880764
826 77490 83458 40 98540
827 77533 79298 111 62844
828 77894 77955 42 1806
829 77996 83429 87 616259
830 78098 85529 85 360628
831 78143 80543 81 266385
832 78166 81918 117 111587
833 78206 81510 148 227992
834 78324 82296 20 41888
835 78410 79323 75 45631
836 78497 91722 9 22815
837 78570 79136 16 2543
838 78654 81085 92 53652
839 78670 78705 141 5934
840 78692 79760 10 4134
841 78859 80941 91 96203
842 78866 84993 45 86680
843 78894 88607 17 34369
844 78919 80542 54 22708
845 79140 79782 71 17930
846 79361 82981 110 158847
847 79418 80090 13 16094
848 79541 80667 105 66772
849 79605 82467 147 94128
850 79613 83267 36 12686
851 79812 81446 31 19732
852 79821 84499 46 105613
853 79926 82638 74 79166
854 79943 80326 127 19780
855 79988 81114 17 11655
856 79997 81250 121 125734
857 80081 80083 21 32
858 80149 80516 147 21980
859 80267 81544 13 11773
860 80354 86332 7 14185
861 80388 86740 4 9434
862 80431 83559 70 52186
863 80437 86311 35 85873
864 80660 80895 60 9090
865 80724 82024 36 11298
866 81104 86578 122 295671
867 81304 90313 65 227085
868 81327 84470 80 53037
869 81483 81548 122 4488
870 81513 86705 55 156165
871 81582 86517 9 7480
872 81810 82816 61 31469
873 81838 83946 71 37037
874 81901 84012 34 39833
875 82068 82964 33 13406
876 82093 85518 44 55953
877 82094 93046 7 49670
878 82618 89228 40 183239
879 82684 84147 56 62678
880 82701 86754 88 141830
881 82841 85785 43 58611
882 83275 84519 101 24891
883 83516 86589 11 13357
884 83671 84456 101 92416
885 83725 84142 107 9289
886 83891 86301 80 74291
887 84061 86312 53 20532
888 84295 84910 88 24828
889 84337 88922 10 44844
890 84440 85813 32 40939
891 84492 85690 137 195531
892 85014 90024 31 78833
893 85087 87095 41 61996
894 85172 89894 29 22400
895 85175 88716 119 167090
896 85366 88519 11 30730
897 85587 89754 119 211729
898 85691 87372 145 150354
899 85801 94206 7 18656
900 85814 88246 39 59516
901 85886 92866 18 54589
902 85918 90399 28 38984
903 86029 99386 112 1104912
904 86043 92329 83 399488
905 86109 89415 108 453765
906 86350 88786 24 42698
907 86391 88310 137 222314
908 86570 92925 124 461880
909 86702 88143 89 91736
910 86756 90953 7 3339
911 86760 86980 26 4295
912 86793 86831 115 3736
913 86847 87794 5 2202
914 87289 91493 24 157069
915 87305 88505 31 46282
916 87410 89437 11 8038
917 87653 88513 13 4074
918 87679 88947 55 52881
919 87703 89097 41 25678
920 87716 87815 8 1400
921 87783 89053 49 48606
922 87844 88306 5 550
923 88071 92324 85 156622
924 88134 92816 33 61143
925 88219 93191 27 24631
926 88273 91504 83 56576
927 88457 90974 53 51443
928 88614 89695 27 10854
929 88903 91964 66 56717
930 88954 89640 111 47023
931 89034 89476 113 28936
932 89040 90451 61 62277
933 89114 90000 8 8437
934 89278 91169 64 142733
935 89316 93368 39 80048
936 89493 91627 8 7030
937 89511 91946 51 64404
938 89628 92421 135 225580
939 89772 94425 33 49639
940 89895 94610 33 29199
941 89972 98429 132 350396
942 90241 93997 114 371756
943 90261 94824 80 109228
944 90572 95515 68 47719
945 90683 92896 34 14945
946 90695 91076 38 8831
947 90696 96920 134 177319
948 91173 91923 11 3179
949 91216 93562 76 58528
950 91231 92119 35 23055
951 91259 97367 12 19706
952 91312 91435 29 1868
953 91320 93421 19 5493
954 91444 95242 107 141081
955 91460 96456 8 26845
956 91628 92346 123 44619
957 91684 92598 20 7322
958 91773 91885 16 1430
959 92072 99199 75 217607
960 92139 92607 23 10945
961 92169 92378 71 12687
962 92206 92303 100 6801
963 92243 92648 107 26490
964 92249 98738 40 218878
965 92258 93939 36 24876
966 92327 93232 13 7010
967 92479 94714 81 206320
968 92538 93946 85 81347
969 92664 96312 33 215722
970 93023 98433 48 199729
971 93268 95501 73 52579
972 93335 96140 97 37936
973 93486 96753 38 67698
974 93497 95597 39 20611
975 93807 95150 15 9608
976 93853 96681 66 120936
977 93901 97786 66 314476
978 94100 94925 27 15693
979 94329 98849 139 481706
980 94381 95093 92 7127
981 94686 95717 35 62268
982 94833 99415 116 157411
983 95144 95615 25 7317
984 95244 97645 25 35958
985 95351 95903 18 11033
986 95355 98988 29 37836
987 95366 97715 10 4742
988 95539 98357 48 56046
989 95633 96985 4 1750
990 96083 96973 121 47582
991 96279 97961 25 10589
992 96588 96849 139 27933
993 96721 97478 69 7323
994 96726 96949 86 29915
995 96814 99852 42 65289
996 97482 99166 13 16552
997 98390 99501 68 90138
998 98469 99143 142 62180
999 98644 99512 61 26935
