50 1000 0.044
.....#....................................#####...
....##.....................................###....
.....###.................................#.#####..
....#####................................###.###..
......#...###..................#..........##......
..........##..................##.........###......
...........##................###.......#.###......
...........#.#...............#####....######......
...........#.#.................#.#.....###.#......
..........####................###.......###...#...
..........##..................##.##......###..###.
...........#...###.#......##...###...........#####
................####......####..#............#####
...............#####.......####..............#####
.................###.........#................##..
..................#..........##..............#####
..................#..........#..........#.....##..
.............................#..........#####..#..
.......................#..................###..#..
........#.............##..........##.....#######..
........#.###........####..........#..#########...
####..######.........#.####........####.##..##....
##....###..............##.#........######.........
###...####.............###............####........
..###.###..............##.............###.........
......#.....##....#....#...............#..........
...........###...##......................###......
...........###..###......................####.....
#.#.........##...####.....................##......
###..........###.##.##............................
####........##...#...#..#..#......................
####.........##.........####......................
.##..........##.........#####.....................
.##...........#.........####......................
..#...........#.........####......................
.###.........###.........###.............###......
###............##.......##...............##.......
.............#######....................#####.....
............####.#...#..................####....##
..............##....###.................#####...##
....................####...................#...###
.....................####.......##............####
.....................##.......######.............#
.....................#.........####...............
......###......................#.##...............
......#.###...............#.......#...............
.....##.##............#.####......................
...####.#.............#####.......................
....##.................#..##......................
.....##...........................................
0 23 5409 73 216783
1 122 5411 43 100279
2 244 2570 122 55388
3 528 2625 31 27839
4 646 6417 94 366768
5 680 13670 28 168486
6 721 4942 125 228923
7 739 13030 36 142274
8 825 2769 117 67068
9 891 8465 28 61492
10 985 4853 69 149807
11 1036 7546 16 88138
12 1362 9428 143 347569
13 1382 8330 29 106053
14 1606 5351 8 21619
15 1611 10443 16 78053
16 1799 2942 7 7690
17 1956 9827 7 24640
18 2259 14342 103 181510
19 2354 2714 90 5453
20 2396 4201 84 64387
21 2419 6615 67 90841
22 2453 9025 31 67222
23 2553 15595 86 757897
24 2593 2979 94 10309
25 2655 5247 113 314357
26 2662 18270 5 46513
27 2677 5245 44 53416
28 2694 4006 87 38623
29 2739 20303 40 150815
30 2789 11044 65 310179
31 2794 9751 116 395800
32 2938 5390 38 51358
33 3004 3227 14 1582
34 3148 11549 37 121359
35 3483 5011 55 106954
36 3489 4895 52 20241
37 3511 7223 8 12626
38 3625 17812 139 1257990
39 3702 3908 14 2655
40 3847 3905 149 6775
41 3940 6804 122 229815
42 3960 6560 136 170594
43 4095 8946 62 119476
44 4124 4444 11 1400
45 4426 10743 5 11821
46 4580 4932 5 2652
47 4833 5907 73 12266
48 4971 9772 51 153160
49 5177 5848 17 2699
50 5263 8750 66 99081
51 5282 7255 112 72512
52 5296 15074 41 167214
53 5605 12185 147 178774
54 5664 16504 22 64563
55 5688 13114 8 33388
56 5731 14375 15 32858
57 5911 6956 62 29262
58 5935 10469 108 257716
59 6133 29139 33 164297
60 6247 7640 6 6698
61 6392 16090 41 378889
62 6444 19050 75 425704
63 6525 9517 62 47008
64 6735 7476 124 106390
65 6783 9471 7 8544
66 6854 11382 25 53038
67 6894 10127 73 173503
68 6951 11873 84 237967
69 7011 11114 87 151823
70 7046 11564 30 58915
71 7141 8013 23 6063
72 7217 20202 66 418655
73 7293 21217 27 92792
74 7352 7925 14 7721
75 7391 26320 137 1275229
76 7432 10871 68 89514
77 7460 7851 25 6181
78 7527 8286 57 11542
79 7529 7608 38 1761
80 7613 14670 117 222926
81 7688 8628 8 4269
82 7724 14194 135 989785
83 7739 9582 57 24169
84 8006 8633 108 19474
85 8096 14020 19 84997
86 8297 12179 129 723234
87 8307 8948 112 30809
88 8308 11210 60 137020
89 8396 11804 27 35820
90 8425 11938 55 79630
91 8499 8865 52 8568
92 8504 18874 14 60237
93 8570 9427 11 2623
94 8724 14795 32 50132
95 8756 15803 34 78938
96 8892 16798 37 271168
97 8908 9710 111 75476
98 9124 10137 15 3646
99 9149 12822 48 80300
100 9277 12302 85 302129
101 9599 19127 103 324813
102 9836 16362 11 46628
103 9846 11881 29 53613
104 9863 13144 40 17162
105 9987 12992 91 216470
106 10033 10851 59 30140
107 10062 14178 28 45139
108 10178 21676 59 158593
109 10345 11626 11 4651
110 10383 13187 77 124241
111 10425 21449 51 227265
112 10439 13824 20 4805
113 10569 10897 80 23351
114 10609 19504 98 327852
115 10621 21889 33 251091
116 10733 12449 7 5221
117 10841 12006 98 36108
118 11021 12594 18 9689
119 11030 12966 146 174772
120 11184 11317 69 5899
121 11335 15115 76 73668
122 11683 11727 12 183
123 11736 14133 99 172887
124 11890 17531 146 644212
125 11944 16294 143 578098
126 11961 12748 28 3079
127 11977 13204 12 9029
128 12054 12856 15 3324
129 12065 17723 14 35301
130 12071 15001 7 1334
131 12149 19135 100 592542
132 12321 14141 145 127565
133 12477 25123 6 25133
134 12562 18445 107 285546
135 12757 13863 11 13113
136 12829 14073 41 41461
137 13164 18849 99 147768
138 13268 24912 11 50566
139 13333 17940 18 22360
140 13337 19677 13 25864
141 13442 18765 125 328323
142 13530 17977 10 12044
143 13544 14451 78 18669
144 13546 15896 62 61023
145 13610 13900 85 3806
146 13751 29486 6 41851
147 13866 16228 32 68642
148 13869 17269 50 80702
149 14025 16410 80 61030
150 14051 16412 11 11236
151 14419 15945 73 126445
152 14421 17764 89 199104
153 14434 15246 6 5030
154 14495 15089 50 63924
155 14501 27983 70 721247
156 14518 15378 66 53096
157 14649 16036 131 257476
158 14739 28064 149 874333
159 14776 15774 83 120129
160 14785 21700 108 290628
161 14885 49204 39 231331
162 14894 15786 64 25890
163 14968 15401 79 12189
164 14971 23334 127 266618
165 14973 22977 28 59497
166 14993 15773 84 146872
167 15183 17035 88 28695
168 15355 23980 73 308680
169 15480 18919 13 9741
170 15676 25639 140 1240498
171 15788 19541 146 219856
172 15933 21444 100 474812
173 16080 31964 4 28469
174 16224 16264 81 4259
175 16321 23517 144 402771
176 16344 22681 47 157558
177 16396 17476 35 7028
178 16546 26487 80 308367
179 16692 16831 48 2466
180 16757 32822 99 483657
181 16780 30536 115 254006
182 16791 16980 71 6019
183 16796 23389 69 236022
184 16893 19159 65 142800
185 17086 20953 63 192241
186 17361 25849 110 199729
187 17536 21681 15 25634
188 17591 25840 8 31901
189 17638 19124 32 8635
190 17647 20857 11 9474
191 17801 34489 28 185098
192 18042 20874 5 8538
193 18063 25324 56 138403
194 18147 22564 139 323231
195 18306 19432 4 1700
196 18351 20838 39 32536
197 18484 19369 146 56692
198 18504 20402 72 36939
199 18561 21380 77 69310
200 18665 24152 9 15181
201 18693 20645 17 15469
202 18701 27235 15 31653
203 18751 20195 144 183839
204 18790 20434 4 2332
205 18836 19027 123 15207
206 18894 25777 93 219013
207 18924 21710 112 87379
208 18992 27923 98 369261
209 19008 20681 117 63523
210 19035 24473 111 565241
211 19182 20052 13 3646
212 19204 36859 90 176494
213 19402 29841 44 96968
214 19474 21497 19 17918
215 19592 21466 62 26657
216 19842 23914 93 132961
217 19986 22587 63 29728
218 20182 30815 15 73747
219 20207 20692 101 26291
220 20328 26963 16 29038
221 20398 20823 25 9207
222 20416 22075 70 98203
223 20596 21414 35 15121
224 20630 24348 96 84154
225 20639 22680 8 9148
226 20727 20758 17 272
227 20795 22238 7 1558
228 20842 30569 5 33191
229 20905 22010 62 58576
230 20921 30780 43 134328
231 20979 39590 17 171632
232 21220 22657 21 30286
233 21223 24712 70 82438
234 21267 23048 30 17132
235 21323 24496 27 23877
236 21343 21762 6 663
237 21383 25179 35 37099
238 21691 23481 128 206830
239 21908 25117 68 80462
240 21931 21933 123 604
241 22054 22354 69 3545
242 22301 24036 133 94136
243 22334 36139 21 99654
244 22424 27431 147 887994
245 22581 26766 31 51117
246 22636 30827 20 30725
247 22659 27301 36 45435
248 22692 27972 18 30784
249 22708 31386 15 66632
250 22710 25874 72 103237
251 22741 30388 18 46111
252 22797 28730 40 64147
253 22816 26383 23 61186
254 22841 26062 32 76437
255 22938 26510 35 80889
256 22966 28807 14 16785
257 23008 29983 73 108114
258 23273 24110 33 7532
259 23300 25966 65 120859
260 23574 26748 53 31641
261 23641 29018 94 103939
262 23680 24334 60 40519
263 23727 34143 105 236398
264 23824 35997 29 399707
265 23842 41173 70 1147265
266 23958 28095 70 149570
267 24041 46123 8 63826
268 24139 24969 57 71631
269 24363 33289 66 403484
270 24372 26412 128 177696
271 24575 24871 127 22840
272 25013 25500 99 30940
273 25037 33085 41 132672
274 25071 30731 84 224227
275 25083 43162 51 154714
276 25084 31532 130 315778
277 25151 39168 39 144931
278 25170 46607 10 164994
279 25272 27679 66 34871
280 25372 25674 120 17679
281 25375 27093 5 8337
282 25431 29784 111 238383
283 25482 25902 24 3757
284 25551 27602 128 108252
285 25586 26471 10 7705
286 25593 26234 17 5210
287 25644 27812 124 77027
288 25720 26140 99 42121
289 26033 26908 105 79321
290 26174 27851 22 22606
291 26476 35036 67 219081
292 26568 27382 16 5899
293 26602 42429 9 59895
294 26656 32387 45 180953
295 26675 27817 49 24743
296 26740 27082 21 2379
297 26842 27053 15 1560
298 26907 27659 145 88535
299 26991 33299 42 97437
300 27059 29338 67 103494
301 27074 33342 79 92619
302 27124 28562 86 86389
303 27147 30340 38 35301
304 27159 31137 125 187153
305 27230 28776 27 30727
306 27246 28463 87 126441
307 27570 32471 27 40425
308 27577 28717 83 138341
309 27698 34637 50 108542
310 27739 33230 78 220500
311 27770 35817 94 430147
312 27794 32654 67 136979
313 27860 28933 34 27091
314 27992 29997 116 35083
315 27993 28346 11 3270
316 28161 32814 109 127103
317 28197 30715 43 107458
318 28399 28704 116 60390
319 28412 35248 17 16082
320 28543 40997 111 360272
321 28676 34663 40 65172
322 28788 28998 134 64002
323 28791 36966 91 255614
324 28814 28877 19 271
325 28886 39832 55 73661
326 28935 38205 5 29272
327 29118 38131 72 219982
328 29130 34519 45 123989
329 29133 35946 102 415274
330 29239 29835 135 40027
331 29349 30147 144 52942
332 29414 32908 60 160651
333 29462 35473 23 27906
334 29482 30254 87 21655
335 29498 32825 51 129171
336 29560 37005 14 27663
337 29574 32542 93 151509
338 29590 35673 24 82189
339 29824 30856 69 26078
340 29976 31734 126 186221
341 30395 31874 75 19881
342 30553 37438 40 130962
343 30605 35166 42 73482
344 30627 36195 44 60006
345 30633 30812 8 1829
346 30654 36724 16 28221
347 30691 47528 99 340521
348 30745 32731 76 37099
349 30797 33214 18 21908
350 30799 31890 75 21141
351 31040 32601 50 26205
352 31097 43816 19 63109
353 31107 31171 40 2220
354 31124 34952 123 239514
355 31273 35456 105 149102
356 31302 34138 34 30105
357 31808 36054 23 170853
358 32418 33022 6 1332
359 32426 34521 130 186295
360 32615 34587 38 16217
361 32635 36360 124 232110
362 32749 34903 50 34486
363 32777 39360 133 251533
364 32812 34722 6 4493
365 33083 36014 93 162171
366 33130 34225 57 78743
367 33222 33782 26 5615
368 33246 33584 40 10838
369 33281 35182 124 225939
370 33455 33895 37 7978
371 33790 38991 22 69760
372 33820 34478 57 11756
373 33934 38141 24 28184
374 34021 34043 80 849
375 34050 43561 99 255289
376 34258 34893 99 26095
377 34326 34527 90 12241
378 34523 34907 10 4402
379 34552 41475 7 65174
380 34627 35200 13 5725
381 34649 35341 68 89798
382 34671 36140 17 7783
383 34672 35538 32 27055
384 34889 35455 54 31079
385 34954 38172 10 10340
386 35015 46906 53 219807
387 35139 35412 109 14651
388 35140 36457 6 1470
389 35274 53892 17 90030
390 35505 45041 141 834152
391 35536 44635 16 66570
392 35578 40733 47 343271
393 35705 43304 119 224682
394 35963 36112 114 6718
395 36037 49264 17 47040
396 36039 36607 25 4670
397 36096 39838 104 120661
398 36267 43506 22 74440
399 36284 36341 28 1075
400 36316 38570 121 196891
401 36383 37941 13 3639
402 36493 40237 23 29845
403 36678 39088 52 31184
404 36753 44338 116 305257
405 36805 38597 69 82011
406 36810 40524 23 92047
407 36817 44046 56 126731
408 36832 38116 99 68925
409 36892 40315 108 115677
410 36953 39097 19 19266
411 37022 40188 61 71959
412 37037 52670 50 101676
413 37411 49307 29 153640
414 37485 38513 87 27152
415 37692 43438 124 168415
416 37777 49671 40 46953
417 37852 39757 16 27071
418 37985 40711 100 124905
419 37996 41679 128 194483
420 38016 39010 101 33239
421 38138 39528 81 38228
422 38182 39298 42 15162
423 38241 49051 67 239823
424 38348 43372 40 107530
425 38492 39199 107 98907
426 38581 47192 129 890321
427 38925 38999 63 1777
428 39160 44238 52 241283
429 39362 42327 38 144196
430 39380 40510 132 148276
431 39419 41422 128 60257
432 39495 51539 58 412483
433 39498 48210 130 201252
434 39553 43713 57 96935
435 39595 42955 59 71977
436 39707 48729 15 43970
437 39751 45014 16 16094
438 39840 42870 86 382540
439 39996 40076 11 1993
440 40256 41510 6 5762
441 40290 48236 127 589101
442 40295 40941 36 6190
443 40444 43700 147 229516
444 40472 40883 74 27282
445 40574 43959 11 22068
446 40652 50616 52 123575
447 40716 44005 26 33363
448 40765 41526 130 34050
449 40933 43516 58 42541
450 41047 44010 8 8870
451 41270 41540 57 18009
452 41283 55702 53 205852
453 41324 41992 48 15879
454 41478 46434 142 168997
455 41507 46981 61 164647
456 41756 48913 43 223710
457 41804 47938 48 63195
458 41886 42245 9 1425
459 41982 46778 17 24695
460 42255 43324 50 29383
461 42258 47856 80 149011
462 42306 44537 117 180968
463 42347 49134 50 296263
464 42454 44602 100 142762
465 42550 46980 9 10156
466 42633 43951 97 130375
467 42798 44402 24 36719
468 42837 48232 44 79012
469 42917 54994 8 16052
470 43046 45727 19 25602
471 43169 44354 145 101693
472 43255 43338 73 4952
473 43293 45631 99 324695
474 43340 55945 84 997934
475 43407 52116 9 25663
476 43439 54126 19 32693
477 43448 45989 91 71481
478 43851 46713 73 137024
479 43929 44463 80 36626
480 44007 57497 104 410925
481 44204 46396 133 132845
482 44246 49999 5 17247
483 44382 46569 142 183783
484 44621 54326 13 59159
485 44732 45537 7 8572
486 44787 45518 98 16882
487 45053 49913 23 90023
488 45149 45864 122 66868
489 45339 46328 14 5113
490 45522 56568 61 406180
491 45536 49251 25 43057
492 45700 47338 21 13197
493 45743 49334 73 176668
494 45833 59839 84 423765
495 45902 49960 98 345182
496 45907 51221 5 8874
497 45947 49198 13 23601
498 46028 47130 17 5968
499 46221 50581 60 100679
500 46227 49166 20 16353
501 46289 46661 68 8713
502 46351 65786 32 158760
503 46494 46863 61 15226
504 46696 51194 25 47972
505 46723 52069 53 180241
506 46739 47071 14 3003
507 46767 61406 25 127386
508 47114 50567 7 5870
509 47315 48235 71 73069
510 47325 48030 144 80620
511 47335 57354 74 291147
512 47356 62022 56 280033
513 47598 65626 109 169274
514 47630 49782 92 133314
515 47657 59653 11 78413
516 47720 51741 99 170803
517 47766 56539 105 406643
518 47767 56095 13 15576
519 47824 48803 87 91872
520 48000 62809 8 32208
521 48155 51997 126 324513
522 48362 53850 49 67678
523 48621 50906 99 164669
524 48698 54101 47 44665
525 48751 60362 111 544975
526 48948 49855 39 17464
527 49048 51015 38 35508
528 49146 51688 47 49169
529 49205 54987 113 433994
530 49223 49793 142 42982
531 49250 50218 71 22411
532 49314 50130 18 5516
533 50008 54219 14 13728
534 50012 65593 16 161157
535 50180 61329 30 224301
536 50191 59983 11 35971
537 50200 61287 128 1129807
538 50260 52048 62 50615
539 50391 51624 126 44658
540 50471 54716 128 263840
541 50612 51638 126 41290
542 50712 52029 87 110192
543 50810 60840 44 268755
544 50883 69595 11 123786
545 50928 56949 141 1286774
546 51060 70743 102 1541508
547 51162 68291 69 460174
548 51166 55563 90 234394
549 51247 55708 96 288609
550 51280 58640 129 525259
551 51292 51832 99 62280
552 51458 64406 95 379817
553 51590 54457 139 337145
554 51650 57146 48 95629
555 51684 58733 95 987696
556 51722 54702 132 132670
557 51765 54584 5 10140
558 51846 63395 104 629395
559 51955 58710 123 464384
560 51963 54452 7 5109
561 51975 56021 14 20088
562 52031 57113 31 51611
563 52040 57740 84 306637
564 52117 55178 122 77863
565 52143 52562 74 11055
566 52193 52471 74 11158
567 52261 57939 56 189938
568 52265 54883 63 24172
569 52439 57679 18 18653
570 52459 95088 132 1082640
571 52480 56372 48 39095
572 52611 68367 39 320409
573 52646 59814 99 126053
574 52802 59642 13 53748
575 53012 58413 49 74345
576 53122 53632 6 570
577 53164 61729 13 26908
578 53170 56088 25 30203
579 53332 59388 70 176566
580 53398 54692 7 2718
581 53460 60655 24 60962
582 53698 58469 4 4218
583 53885 57734 19 77024
584 53967 72137 21 144170
585 53981 54625 44 26044
586 54003 56128 126 211292
587 54035 56694 70 40075
588 54085 59578 20 40043
589 54304 57355 42 100946
590 54367 55418 46 16640
591 54392 56358 96 20088
592 54416 55596 92 125282
593 54458 66975 55 235904
594 54585 56407 31 14990
595 54657 75033 64 667776
596 54709 59243 122 772890
597 54909 60116 105 204925
598 54950 56957 85 153030
599 54980 62457 84 354291
600 55033 58721 63 235603
601 55560 67933 136 656036
602 55727 55953 76 10835
603 55758 66739 46 222796
604 55795 55850 32 3808
605 55864 58445 65 74840
606 55944 58997 82 367372
607 55964 67629 4 31538
608 56023 63265 24 126136
609 56028 63842 69 187455
610 56121 69407 87 436522
611 56464 71127 10 28269
612 56490 56525 19 620
613 56605 69520 37 123871
614 56670 64327 43 121146
615 56735 68295 10 37028
616 56842 71396 58 292318
617 57034 62118 15 34963
618 57072 59793 7 4750
619 57206 64288 5 16070
620 57302 57407 93 17110
621 57738 58595 17 2990
622 57801 65043 6 14087
623 57875 68214 89 328770
624 57919 77736 35 167237
625 58007 61174 6 13003
626 58024 63270 9 14955
627 58134 67492 4 40227
628 58220 85223 42 1352431
629 58256 66221 38 53678
630 58322 62514 92 370609
631 58389 62994 6 36555
632 58466 59466 31 13880
633 58538 61500 123 116246
634 58572 63359 94 127068
635 58699 70269 60 190071
636 58705 60377 30 23121
637 58739 60584 93 173520
638 58799 60136 27 18709
639 58887 65483 47 94896
640 58905 58944 125 3279
641 59090 59726 64 9830
642 59182 63564 6 23287
643 59248 62321 82 114655
644 59416 62233 46 35908
645 59440 70337 89 191658
646 59504 61431 38 37221
647 59819 64371 27 54006
648 59837 60231 14 972
649 59948 60313 7 1047
650 60064 63501 14 5968
651 60147 67382 26 56757
652 60318 63580 132 98410
653 60519 71926 70 349402
654 60748 66598 103 79903
655 60755 67252 90 588023
656 61223 74705 6 34438
657 61246 61308 74 2847
658 61290 67953 73 213495
659 61402 63920 86 85479
660 61501 68191 35 79891
661 61535 67655 114 355256
662 61559 64738 79 301606
663 61647 66786 20 42681
664 61672 61916 119 13933
665 61843 69934 14 34549
666 61988 71566 28 51188
667 62193 63436 108 81272
668 62307 68216 16 14935
669 62310 66270 107 72461
670 62334 72238 22 232797
671 62342 66402 21 83462
672 62494 63506 127 128599
673 62519 64182 37 18057
674 62634 64672 75 50250
675 62757 63459 90 56946
676 63010 76366 38 89213
677 63120 63850 47 13256
678 63346 63910 32 8531
679 63517 65873 112 183422
680 63603 68001 46 46839
681 63629 63776 94 17294
682 63669 67375 8 3410
683 63680 65550 14 10958
684 63682 69621 33 30530
685 63683 64386 73 20538
686 63748 66238 7 2737
687 63875 67681 95 41340
688 63901 64244 16 3068
689 63968 69386 29 88024
690 64049 67084 24 17894
691 64149 70622 38 64049
692 64177 83076 70 196291
693 64260 64417 42 2301
694 64333 73123 35 147370
695 64392 71912 87 134280
696 64424 67648 13 37674
697 64606 74347 25 198855
698 64628 65718 19 11716
699 64702 76622 88 231181
700 64714 68143 8 10371
701 64802 67815 67 76007
702 64895 66932 43 27460
703 64996 66945 130 259837
704 65218 73614 40 150483
705 65373 66667 20 4262
706 65524 70191 21 28485
707 65621 66807 9 3902
708 65723 66910 24 8295
709 65773 69229 103 186357
710 65906 70663 31 136272
711 65933 69781 4 6664
712 65934 66907 116 47174
713 65999 69329 115 72373
714 66119 71906 22 35043
715 66312 67426 31 9667
716 66346 66561 23 4686
717 66458 71925 28 128167
718 66524 72601 100 305339
719 66763 68830 98 113491
720 66857 69846 27 22722
721 67011 75243 6 8782
722 67104 88524 27 178229
723 67152 70189 33 47070
724 67168 72297 147 389328
725 67226 69264 79 60105
726 67250 67517 12 860
727 67366 76695 6 42065
728 67449 70721 59 123797
729 67614 72194 117 176733
730 67777 81035 11 23228
731 67789 68684 108 24061
732 67863 92655 31 176059
733 67938 73535 65 315580
734 67951 69254 149 69381
735 68311 68412 120 3912
736 68441 68476 7 197
737 68752 70982 34 83421
738 68926 69761 96 37113
739 69285 74248 52 112595
740 69375 78052 6 19537
741 69460 73387 80 77198
742 69578 70726 98 32205
743 69637 71707 22 33035
744 69861 72664 8 28196
745 69999 76088 114 500918
746 70003 70612 99 143603
747 70045 72812 4 4525
748 70319 76291 21 18560
749 70590 70891 19 1934
750 70627 70950 104 21598
751 70669 84137 104 385366
752 70760 73723 76 57501
753 70866 73363 25 33536
754 70907 76053 59 87038
755 70921 73571 86 106766
756 70938 70960 40 441
757 70992 79108 9 84354
758 71019 76865 13 23433
759 71135 72111 22 9242
760 71353 79995 57 474091
761 71370 82352 26 94824
762 71501 77602 57 110203
763 71537 72948 84 35891
764 71617 79142 91 139165
765 71633 72856 8 9759
766 71940 74429 22 11582
767 72072 72271 130 10825
768 72138 76478 149 441889
769 72195 72863 26 7937
770 72241 74364 14 10318
771 72261 75571 40 123497
772 72451 73115 71 16834
773 72637 86215 47 191297
774 72681 82111 85 147428
775 72682 77159 85 129281
776 73190 79326 7 15316
777 73285 74518 35 44285
778 73344 84183 102 737119
779 73396 77196 120 263389
780 73398 79393 108 237411
781 73408 75850 129 93774
782 73454 76113 55 169404
783 73525 75196 21 11363
784 73562 82010 21 107536
785 73578 84101 139 822259
786 73657 88227 83 228437
787 73683 81684 5 16528
788 73691 79730 96 438786
789 73747 76498 120 149598
790 73785 79855 95 296229
791 73838 77339 5 13271
792 73917 88139 115 764764
793 73950 79459 5 5988
794 73968 94155 79 205197
795 74055 80501 23 96475
796 74204 80352 105 329631
797 74286 91932 38 115962
798 74675 79944 54 333317
799 74711 75273 27 7412
800 74807 82675 40 130278
801 74845 77914 59 73958
802 75012 79537 91 473500
803 75086 79153 45 52627
804 75349 75442 97 8404
805 75355 76410 38 22233
806 75432 79865 28 133085
807 75450 77771 106 115072
808 75592 93402 10 50155
809 75741 86528 15 18779
810 75790 79496 37 108641
811 75875 77498 19 7991
812 76127 80356 7 16585
813 76240 81293 76 132369
814 76242 81311 95 158218
815 76256 79624 79 206777
816 76381 77300 7 2911
817 76444 83269 22 60657
818 76536 80399 120 213100
819 76637 79188 43 24882
820 76640 78645 18 8763
821 76644 77065 103 21826
822 76659 79072 109 139835
823 76739 79725 7 1796
824 76782 90970 117 343615
825 76831 94838 15 258070
826 76835 77197 56 16954
827 77035 80775 69 115817
828 77119 78013 70 15184
829 77244 80201 86 219589
830 77274 78095 78 65420
831 77308 78010 105 18798
832 77322 77707 16 5001
833 77478 83884 14 14070
834 77501 85025 31 66410
835 77554 80102 50 38510
836 77618 77918 110 19814
837 77631 90976 68 263097
838 77685 87504 74 1306752
839 77738 96905 81 479782
840 78042 89791 7 28482
841 78368 79197 5 2302
842 78705 83146 72 391388
843 78731 79158 21 3487
844 78823 81304 39 80578
845 78851 80108 5 4928
846 79175 84001 80 160729
847 79353 81733 20 65074
848 79487 80148 35 14099
849 79639 84311 104 70675
850 79696 88286 29 104736
851 79714 84512 12 31470
852 79733 84979 38 112325
853 79797 82038 128 130734
854 79871 81652 19 20846
855 79909 84024 38 341394
856 80172 83716 9 9756
857 80183 82001 65 46784
858 80249 98053 17 353390
859 80304 86581 14 51311
860 80554 84962 46 120702
861 80563 94937 41 248886
862 80920 88510 16 60674
863 81084 89716 36 66130
864 81212 85543 107 148273
865 81388 82291 8 3730
866 81459 84112 103 137694
867 81511 89138 69 122420
868 81522 82788 10 4461
869 81695 84468 27 15165
870 81712 88148 115 270401
871 81865 85812 5 16354
872 81910 83348 65 23181
873 82021 82549 140 58171
874 82053 82819 5 783
875 82556 83818 71 22826
876 82587 83486 6 2126
877 82657 83655 74 57234
878 82785 95762 6 40674
879 83394 87674 19 63595
880 83450 86140 15 11189
881 83605 87404 9 12400
882 83775 89047 96 104438
883 83776 84726 42 12094
884 83855 89798 58 330032
885 84461 88521 97 151963
886 84494 85115 36 7322
887 84554 86627 102 50412
888 84701 86388 60 78752
889 84713 87369 5 4289
890 84789 84791 10 16
891 85425 87720 140 159997
892 85514 91832 29 151567
893 85568 87629 54 27371
894 85609 90348 61 178287
895 85722 86835 5 2516
896 85737 88863 94 54926
897 85781 86959 92 71852
898 85905 87423 71 62864
899 85943 87556 98 98344
900 86033 88059 12 10876
901 86047 87378 43 24368
902 86059 86885 97 67788
903 86115 91997 87 332810
904 86129 93086 4 14552
905 86279 88973 39 43633
906 86280 88487 95 62624
907 86350 90678 114 225074
908 86352 88039 120 99339
909 86477 90751 128 402537
910 86500 98180 143 1374047
911 86609 93433 68 133384
912 86648 94085 37 208458
913 86701 88399 19 15833
914 86807 99673 56 472322
915 86840 91851 42 57232
916 86861 92983 113 172069
917 86937 88188 81 15470
918 87159 93441 58 146400
919 87220 88280 49 79556
920 87367 88409 122 28651
921 87414 90299 115 217663
922 87464 99219 56 266738
923 87489 89714 101 119720
924 87495 87508 137 776
925 87743 90223 109 169911
926 87857 91574 6 6785
927 87950 89281 14 4525
928 87990 88925 38 17115
929 88122 91905 8 12667
930 88190 89252 50 43256
931 88246 92651 22 16489
932 88321 92704 17 7377
933 88335 91347 8 21714
934 88361 88495 88 14879
935 88366 99124 5 9267
936 88391 90822 118 58727
937 88459 89081 89 65087
938 88574 90702 111 148753
939 88688 95394 25 53293
940 88843 93592 24 140186
941 88915 90777 12 6298
942 88979 89562 75 7108
943 89151 90198 142 43133
944 89169 93563 15 12978
945 89414 91602 11 11111
946 89477 97519 24 78645
947 89541 91186 11 8040
948 89543 97132 66 368364
949 89711 89997 95 12580
950 90154 92606 88 160273
951 90240 91065 14 1386
952 90451 98029 130 1255221
953 90496 96951 142 415693
954 90602 92526 10 5480
955 90641 93242 30 65664
956 90872 94199 77 52718
957 91050 92631 6 3011
958 91068 98447 9 20996
959 91115 92432 52 57752
960 91157 96357 32 56329
961 91447 91857 101 26582
962 91529 92573 18 19645
963 91835 95907 62 371894
964 91892 93428 86 44401
965 91987 95133 36 75447
966 92125 92641 49 37219
967 92261 95225 24 72068
968 92280 94417 43 26745
969 92592 92910 5 1371
970 92634 97904 87 196670
971 92670 96383 8 8901
972 92820 97606 103 176791
973 92858 97977 107 160113
974 92950 95082 94 189853
975 93082 95701 10 18550
976 93111 93735 85 19690
977 93206 96613 34 85471
978 93488 96922 126 239778
979 93638 98805 14 27226
980 93645 94018 13 3339
981 93692 98473 136 355932
982 94206 95678 88 92617
983 94489 99899 117 357505
984 94495 94856 8 4484
985 94720 95183 78 7776
986 94948 96966 42 60774
987 95098 97130 87 125870
988 95823 96360 88 14119
989 96043 96271 117 11098
990 96557 99830 87 195388
991 96621 96959 51 11326
992 97018 97267 59 5499
993 97147 97969 30 19426
994 97148 98997 93 102546
995 97256 98170 33 13884
996 97817 99471 99 62972
997 97863 99402 5 4080
998 98020 99507 84 83101
999 98391 99608 127 67404
