50 1000 0.037
........##..###...................................
.......#######....................................
.###...####.###...................................
.#....##########..................................
####..##########..................................
#################.................................
###############...................................
#############.....................................
#############.....................................
#############.....................##..............
##############.....................##.............
#####.#####..##.................#..#...#..........
###########.....................####..###.........
....#######....................##.#########.......
....###.#####...................#.######.##.......
....####..##................##############.#......
.......#.####...............################......
.........#..................###############.......
.........#...................#############........
..............................###########.........
..............................#.########..........
...............................########...........
...............................########...........
..............................#..####.............
..............................######..............
..............................##.##...............
..............................#####...............
..............................#####...............
.................................##...............
..................................................
..................................................
..................................................
..................................................
..............................###.#####...........
............................###.##.#####..........
..............................######.#............
.............................#########............
..............................###########.........
..............................###########.........
................................########..........
..................................#######.........
...................................#######........
...................................######.........
.............................##.#.#########.......
.............................############.........
..............................###.#...#####.......
...............................#####.####.##......
...............................########.#.........
.................................#....####........
.......................................#..........
0 33 53758 98 3717527
1 58 383 9 1859
2 195 2153 99 90390
3 351 21646 140 885597
4 367 12396 10 36801
5 464 4288 5 10911
6 526 579 17 594
7 802 1791 146 138482
8 856 5581 70 103674
9 877 1890 73 25079
10 1018 2534 32 38903
11 1023 4668 105 365640
12 1041 2124 10 4463
13 1190 17403 24 140691
14 1353 2313 17 4547
15 1473 14850 56 95740
16 1572 3343 5 6570
17 1591 8200 87 496557
18 1612 8114 25 68800
19 1638 5130 78 103772
20 1659 10791 13 45041
21 1714 9984 29 72649
22 1806 9966 100 409217
23 1843 1982 41 6397
24 1853 2885 75 71543
25 1885 9675 134 432748
26 1935 3952 89 175319
27 1974 2968 76 33578
28 2030 2806 21 9266
29 2181 4930 30 21826
30 2278 9714 21 75426
31 2411 16120 85 378093
32 2511 11647 6 36623
33 2626 4001 87 126412
34 2780 2954 121 12664
35 2793 21896 138 838013
36 2811 6809 12 6475
37 2878 45587 84 4758545
38 2899 14875 52 141794
39 2921 9822 42 63297
40 2979 6784 63 129305
41 2998 9340 19 9368
42 3007 7024 94 222511
43 3107 23995 39 467155
44 3117 8737 11 42438
45 3238 13645 100 305402
46 3258 24049 29 311861
47 3399 8296 135 377126
48 3402 10877 5 46724
49 3405 5637 40 21498
50 3652 9350 20 30586
51 3849 29461 119 1254006
52 4261 10542 16 41192
53 4325 4835 72 35607
54 4749 6057 92 22849
55 4795 6567 27 30113
56 4817 12549 73 56770
57 4840 10923 30 194844
58 4850 8721 121 206135
59 4878 7324 91 47348
60 5100 8461 22 88497
61 5150 6239 15 10021
62 5168 10641 133 395888
63 5208 9776 147 267122
64 5241 15380 26 113933
65 5269 8313 7 14884
66 5374 12500 77 236370
67 5484 21138 22 127396
68 5507 8028 124 93497
69 5692 12560 76 160856
70 5868 8629 15 21458
71 5937 17938 37 508291
72 6249 8257 101 83518
73 6295 14607 36 56106
74 6439 24387 21 110162
75 6461 10823 17 48142
76 6497 41066 16 86835
77 6558 16707 52 153042
78 6697 8556 12 21796
79 6850 10140 7 20054
80 6870 10328 14 17196
81 6918 9042 43 16324
82 7004 7162 13 1612
83 7090 12556 83 95965
84 7133 13380 41 173422
85 7358 14777 103 335107
86 7374 12329 6 14156
87 7461 19694 93 313915
88 7519 10101 15 16312
89 7529 11975 119 161099
90 7555 21326 85 781435
91 7571 9386 90 70330
92 7636 14071 69 232685
93 7830 14770 103 312238
94 8142 8285 22 3528
95 8146 17934 98 907497
96 8330 10137 65 47591
97 8553 17922 67 218011
98 8665 15682 94 402223
99 8666 15211 7 18616
100 8687 12789 63 80858
101 8709 21733 4 11806
102 8806 28185 67 334019
103 8940 16874 41 166106
104 9048 9685 10 1811
105 9094 12558 45 92221
106 9162 9829 96 21196
107 9237 11198 142 297076
108 9249 10937 114 96760
109 9451 17799 54 185794
110 9643 28059 64 144474
111 9663 21329 5 18690
112 9786 16118 47 92071
113 10113 21309 76 451625
114 10120 12075 71 58320
115 10219 10225 62 337
116 10266 16672 15 77217
117 10499 13949 40 68122
118 10548 22523 129 1600549
119 10656 28195 85 271091
120 10899 16303 6 14981
121 10939 13580 36 44787
122 10999 27766 74 119509
123 11016 13414 37 92485
124 11052 13255 9 10562
125 11125 16592 37 90442
126 11888 13688 25 8876
127 11897 27559 24 366808
128 12101 13047 7 2731
129 12253 15197 70 144453
130 12255 23624 9 52615
131 12438 39501 22 236242
132 12456 22136 107 592221
133 13050 20404 23 65010
134 13315 18695 40 79901
135 13565 24376 34 99118
136 13693 27574 15 57017
137 13712 26361 22 119614
138 13898 17168 7 10030
139 14016 54181 4 71722
140 14065 21455 86 138301
141 14082 15139 70 42452
142 14134 21886 28 143590
143 14141 30860 138 1037584
144 14268 17035 70 90114
145 14323 32181 15 69581
146 14490 14857 26 3428
147 14590 28516 41 215949
148 14611 15156 11 3612
149 14693 15379 28 7787
150 14764 18366 105 107662
151 14827 18051 140 784593
152 14881 23360 13 29735
153 14889 27385 86 235009
154 15134 23048 103 531606
155 15161 26034 41 316643
156 15285 21281 10 20881
157 15370 24549 22 57830
158 15458 17247 7 7171
159 15500 35997 83 607406
160 15505 22174 20 111637
161 15577 34967 21 351015
162 15646 19385 44 37801
163 15686 18353 7 8153
164 15760 22606 100 351609
165 15944 19109 129 130789
166 15962 17949 96 49739
167 16049 30008 26 49640
168 16070 16582 93 16979
169 16420 18285 15 10402
170 16445 16749 9 1853
171 16494 16546 106 11149
172 16495 23839 8 21542
173 16780 17869 16 5729
174 16842 17000 18 6454
175 16902 30284 32 318914
176 17062 21474 72 75496
177 17349 27228 39 167031
178 17377 17381 28 122
179 17410 43264 34 246962
180 17472 20220 49 56927
181 17499 46742 124 742870
182 17535 46217 72 420141
183 17768 21397 12 30700
184 17774 30225 43 139125
185 17986 22126 16 113304
186 18005 35758 31 499280
187 18044 20949 35 52176
188 18161 23570 142 105558
189 18297 19431 14 5510
190 18368 43328 133 1679561
191 18433 20018 22 8956
192 18486 39012 15 125469
193 18510 19882 93 41595
194 18518 20497 108 325686
195 18606 28592 36 351586
196 18655 22422 14 31222
197 18761 22777 74 114057
198 18980 25457 12 35210
199 19055 20688 111 38302
200 19271 45774 8 95392
201 19303 21605 72 36327
202 19392 20751 21 9232
203 19602 27122 5 8488
204 19704 28502 112 381367
205 19817 21304 120 91987
206 19854 43754 104 457931
207 20044 21253 99 15992
208 20193 25339 29 19531
209 20290 38554 118 939253
210 20435 23709 98 196768
211 20562 33199 18 99767
212 20588 26797 6 21339
213 20793 27081 62 175415
214 20882 25616 4 10754
215 20956 25868 53 222171
216 21092 22956 40 53940
217 21221 26655 5 23889
218 21350 32339 8 27607
219 21396 25752 97 146164
220 21556 24718 48 141569
221 21608 31563 24 73675
222 21650 33098 31 165277
223 21703 22434 139 79648
224 21710 31556 138 816143
225 21928 26089 30 115486
226 21932 21983 48 965
227 21987 23936 143 217254
228 22053 23859 22 10208
229 22248 22280 14 196
230 22258 37526 6 15698
231 22274 23358 9 4816
232 22339 40793 4 28520
233 22347 26883 75 284042
234 22386 31424 56 73296
235 22476 46936 31 240574
236 22516 33611 148 1421790
237 22625 28875 39 297721
238 22787 41351 17 244333
239 22824 42841 42 221068
240 22827 23108 38 7991
241 22896 33182 65 336314
242 22947 30179 22 98314
243 23121 26548 21 65420
244 23313 26608 116 235405
245 23432 23836 20 3317
246 23666 25429 91 100313
247 23722 38369 83 484951
248 23777 27698 28 146769
249 23795 27549 59 138490
250 23883 27758 30 27179
251 23894 30440 138 451888
252 23930 25773 22 9538
253 23953 29178 81 91072
254 23967 30642 124 207997
255 24095 31091 55 183442
256 24097 29769 104 209585
257 24206 30013 89 159065
258 24209 27156 127 249977
259 24225 34034 90 347024
260 24286 24299 116 2321
261 24304 25197 31 8714
262 24307 28891 24 64433
263 24497 43285 84 399653
264 24600 26182 146 38685
265 24647 25528 52 38977
266 24802 25099 19 2988
267 24843 32920 54 169348
268 24922 25456 130 62194
269 25213 27340 29 67596
270 25581 29388 30 39866
271 25670 28178 39 62011
272 25730 28541 12 26315
273 25946 34462 112 201531
274 26036 27582 38 21063
275 26054 29428 119 453843
276 26163 30574 14 14102
277 26191 37063 14 35377
278 26230 53527 64 369838
279 26265 30417 121 160499
280 26313 30795 58 132563
281 26380 73089 5 65435
282 26520 29568 72 183013
283 26544 29562 37 51565
284 26565 31489 32 52377
285 26748 39875 29 247192
286 26768 27954 48 78519
287 26864 36263 87 875066
288 27014 28947 11 18093
289 27042 43117 52 256211
290 27072 36403 143 719405
291 27078 28739 19 27029
292 27112 29797 46 153179
293 27776 36478 143 473740
294 27836 28520 16 3319
295 28034 33045 74 161466
296 28074 43866 53 174677
297 28140 48139 144 530878
298 28332 29779 117 44877
299 28363 33928 31 82113
300 28373 40272 124 528317
301 28479 33234 136 398352
302 28560 30612 71 80275
303 28749 37674 116 213998
304 28764 41278 44 132616
305 28927 30727 66 57326
306 29009 34421 34 55233
307 29016 41624 5 29473
308 29043 41100 13 56397
309 29117 41126 122 881383
310 29220 38081 129 563307
311 29310 29571 89 26679
312 29448 33480 52 82923
313 29538 38000 124 482629
314 29641 34773 9 24173
315 29686 43758 131 492179
316 30023 35104 141 210420
317 30043 41112 7 35376
318 30091 37087 5 9300
319 30168 31487 36 21937
320 30331 32185 16 25213
321 30378 39110 74 266411
322 30439 30723 142 16281
323 30549 34712 9 9954
324 30599 33961 75 46613
325 30654 32939 125 402666
326 30740 33989 100 390724
327 30818 31502 7 2954
328 30876 39095 26 24472
329 31028 35278 54 113364
330 31048 31930 19 4930
331 31340 43406 20 157007
332 31409 41183 116 674800
333 31436 54417 9 85102
334 31468 54468 56 333835
335 31544 39546 16 69879
336 31595 33075 135 59345
337 31734 34647 41 28176
338 31803 60491 47 393420
339 31862 37679 146 134207
340 31887 39149 50 106583
341 32029 51420 144 1626148
342 32233 44704 119 448858
343 32280 33798 67 52921
344 32406 47316 67 386739
345 32461 34752 124 56237
346 32483 34547 14 11908
347 32529 34857 97 199305
348 32586 40344 77 286934
349 32672 35594 9 16205
350 32731 33659 23 5901
351 32956 33356 45 3688
352 32989 33029 145 4224
353 33405 34516 7 6638
354 33508 73113 124 433154
355 33606 40369 103 549055
356 34041 34433 26 7482
357 34058 34994 26 7961
358 34098 55122 46 329022
359 34255 40678 37 134284
360 34344 42929 4 18758
361 34466 39403 43 55727
362 34557 47279 96 342792
363 35007 37779 61 83799
364 35031 49809 94 347553
365 35073 38093 118 393045
366 35163 57564 115 1759398
367 35269 37471 31 44720
368 35280 39361 142 76639
369 35600 51617 104 593832
370 35740 36622 95 14548
371 35866 43947 45 217519
372 35888 41021 37 195938
373 35939 70358 64 979227
374 35988 38226 8 5630
375 36075 52611 5 71766
376 36118 40393 29 22175
377 36159 37714 100 98690
378 36297 38100 79 80178
379 36375 41741 7 8371
380 36647 51305 118 633787
381 36670 38548 31 38307
382 36945 43534 41 112663
383 36946 47642 10 44258
384 37060 41252 128 244688
385 37142 37712 15 11216
386 37291 41596 110 133147
387 37430 38922 46 25280
388 37479 38512 108 67185
389 37575 40738 27 154115
390 37634 38874 99 216902
391 37635 38592 26 18001
392 37640 38163 16 3339
393 37778 39729 130 109338
394 37810 38597 51 17947
395 37813 39563 78 55110
396 37827 43169 108 259000
397 37852 42377 78 345739
398 38008 51541 144 485886
399 38014 45657 121 181316
400 38076 48152 127 330566
401 38162 39953 30 6033
402 38181 47977 28 84201
403 38225 40559 112 188181
404 38284 41536 102 121334
405 38551 42570 76 151749
406 38557 41590 22 24056
407 38572 60967 11 86004
408 38591 45776 18 104495
409 38681 57457 104 400558
410 38718 40947 65 62939
411 38957 52122 36 68181
412 39052 56082 107 677496
413 39283 44041 99 203406
414 39295 42847 6 19592
415 39527 40745 53 22872
416 39670 50674 6 52387
417 39762 41576 56 28371
418 39949 43249 61 83797
419 40013 41762 92 26818
420 40230 50129 77 309737
421 40247 51150 14 133700
422 40354 49858 143 269628
423 40380 50620 56 294271
424 40521 45646 47 83439
425 40730 62343 7 67308
426 40821 42660 83 138945
427 41020 42276 68 17073
428 41077 42087 12 5691
429 41130 54063 47 323150
430 41383 46407 141 348942
431 41465 42303 123 39759
432 41575 42071 31 3727
433 41638 54289 86 1946242
434 41639 45056 126 120616
435 41779 44968 8 10815
436 41806 49444 15 52077
437 41919 50007 44 102338
438 41929 46179 90 98164
439 42025 51656 7 9787
440 42078 45824 92 387089
441 42092 46925 38 149009
442 42132 45881 94 68211
443 42409 60630 42 536269
444 42518 51773 81 679599
445 42737 48802 91 291178
446 42766 44121 105 53406
447 42948 52867 19 125224
448 43011 70420 71 500497
449 43070 49710 22 34639
450 43090 46986 73 339212
451 43093 46194 97 29651
452 43095 50547 109 222215
453 43290 45840 128 76732
454 43454 55596 5 21293
455 43511 47447 62 108834
456 43552 46833 87 136422
457 43588 58155 93 358307
458 43684 50197 10 48418
459 43853 45301 39 18989
460 43949 76880 36 354877
461 44227 44888 120 50423
462 44246 45106 46 18378
463 44320 47549 17 9538
464 44443 47865 95 153738
465 44634 54086 107 171447
466 44742 51085 62 310377
467 45018 48991 134 256950
468 45122 46003 21 8983
469 45218 52408 17 65003
470 45484 48609 112 310904
471 45791 47302 101 48861
472 45857 48214 33 32092
473 45859 48167 72 42110
474 45950 58227 143 1376979
475 45978 48473 26 10534
476 46038 46731 45 27331
477 46103 48821 63 51984
478 46111 59763 19 236282
479 46146 50112 41 101827
480 46372 49352 10 15286
481 46375 46739 64 9241
482 46426 50468 109 154375
483 46635 83215 31 929465
484 46671 47620 80 42306
485 46721 52191 16 20708
486 46872 49407 123 137251
487 46880 53930 64 94806
488 47002 48455 36 19335
489 47019 69096 11 136695
490 47156 59279 82 478051
491 47256 48861 145 33006
492 47303 48001 116 34789
493 47374 50643 130 594664
494 47468 49934 59 42746
495 47478 48721 37 34520
496 47496 57433 7 35712
497 47615 56716 55 91963
498 47663 50018 7 9702
499 47674 49892 52 22852
500 47680 51056 48 92912
501 47928 48722 118 103042
502 47947 55272 50 63814
503 48063 48403 45 3841
504 48130 52188 50 80367
505 48230 48316 56 3054
506 48239 53371 43 162083
507 48252 49023 17 1562
508 48281 52098 4 10875
509 48304 86102 139 4069579
510 48354 65731 22 97455
511 48464 48749 87 13800
512 48572 50413 23 13808
513 48710 56353 8 26455
514 48832 53139 4 6961
515 48944 56408 52 263863
516 49139 50517 36 20499
517 49148 54890 7 39546
518 49256 59158 7 17729
519 49278 50901 24 25820
520 49308 55324 51 113255
521 49331 62066 75 329274
522 49334 55723 111 321975
523 49358 59412 119 435975
524 49402 50330 28 11682
525 49416 51674 27 37872
526 49571 57974 31 44732
527 49878 57980 114 953543
528 49947 80159 29 536723
529 50206 65312 21 102952
530 50285 57576 69 328876
531 50287 57394 122 336417
532 50361 57703 65 127700
533 50394 79986 140 1882290
534 50448 56811 69 271561
535 50596 53939 42 69658
536 50647 55676 57 70203
537 50734 51998 10 4653
538 51106 56730 31 23881
539 51440 62383 19 197503
540 51486 67286 51 294577
541 51504 53571 5 8217
542 51529 53250 73 44515
543 51628 53839 75 68448
544 51787 54424 25 17137
545 51814 63587 20 86815
546 51967 79118 116 976837
547 52014 57913 12 30849
548 52157 59311 52 193082
549 52164 59693 44 45564
550 52200 53240 55 14396
551 52266 52776 141 54381
552 52383 60677 48 178938
553 52413 52624 24 3215
554 52421 64116 131 287800
555 52616 58643 32 123864
556 52681 65947 24 144299
557 52695 52814 18 632
558 52722 61793 9 58650
559 52765 60146 13 54371
560 52775 54210 10 3495
561 53022 54742 91 51541
562 53048 60796 144 583200
563 53078 57201 30 38297
564 53114 68848 118 2507250
565 53181 56610 75 106483
566 53268 55462 4 1560
567 53275 60944 12 48101
568 53313 66430 124 545166
569 53352 62034 95 250564
570 53420 63568 120 480745
571 53478 54186 22 16096
572 53651 60640 103 288277
573 53791 60603 112 342800
574 53806 61626 141 363336
575 53821 58690 19 29107
576 54427 54682 8 733
577 54724 62117 25 38695
578 54736 55150 118 41063
579 54784 58045 92 127183
580 55186 62253 12 73425
581 55409 61615 66 113102
582 55514 67609 105 512893
583 55669 61314 8 23126
584 55767 56523 111 34995
585 55814 57124 99 79912
586 55927 58569 4 5027
587 56096 64901 5 31401
588 56189 58566 125 162979
589 56277 62830 21 52171
590 56352 56739 29 2894
591 56669 57283 130 136056
592 56671 60011 88 205973
593 56735 58025 36 27816
594 56766 63059 67 338485
595 56908 63321 39 58558
596 57041 67160 53 382018
597 57061 61899 7 15034
598 57347 63404 58 102416
599 57387 63056 141 223909
600 57388 68517 11 101054
601 57402 68824 104 559901
602 57593 63464 123 864932
603 57597 86573 22 189802
604 57669 61546 12 39292
605 57692 65655 122 227464
606 57712 65957 5 8582
607 57775 60420 6 8829
608 57789 65899 83 677346
609 58117 59575 34 15610
610 58152 59182 93 30488
611 58254 61268 39 33330
612 58305 64546 7 14137
613 58371 58929 112 60190
614 58411 62146 19 53361
615 58431 68384 85 619971
616 58465 61328 109 323741
617 58473 74317 41 122832
618 58599 80367 44 632130
619 58617 58844 68 10784
620 58642 60948 68 71427
621 59055 62734 34 23941
622 59082 64122 69 130367
623 59163 67610 137 337435
624 59272 66663 40 135162
625 59632 69464 7 73549
626 59799 61723 96 315415
627 59869 60288 19 5382
628 59940 61982 121 84245
629 59954 90175 60 934971
630 60022 63133 67 63104
631 60062 65536 148 1008553
632 60153 62181 60 80920
633 60157 61902 30 26085
634 60197 66204 12 10890
635 60390 69801 66 329282
636 60396 61128 110 57974
637 60415 70318 33 55009
638 60426 72597 20 151890
639 60568 65595 100 339704
640 60724 61190 100 26533
641 60802 66607 22 47044
642 61322 67399 43 58599
643 61385 79234 91 535919
644 61409 70527 11 50630
645 61420 73791 5 45579
646 61569 70181 95 94473
647 61606 62721 46 33491
648 61770 66867 54 97962
649 61783 65681 123 238978
650 61789 78527 123 1001045
651 61828 68772 87 218457
652 62289 66877 104 743527
653 62291 65382 5 9845
654 62374 89546 39 144000
655 62385 65030 32 41471
656 62452 65479 59 79997
657 62622 76598 43 259407
658 62661 64896 41 41596
659 62730 75801 14 29395
660 62766 73539 61 131759
661 62800 80899 116 690750
662 62885 63181 11 1566
663 62949 64458 122 67447
664 62956 89126 4 31525
665 62963 66126 83 96644
666 63058 67215 16 32808
667 63088 85882 9 52756
668 63141 69230 5 12807
669 63263 68733 127 190883
670 63342 69641 71 387267
671 63390 66882 110 211224
672 63424 66414 141 195119
673 63675 65941 89 39447
674 63691 66334 11 34753
675 63877 67402 108 47293
676 63957 72897 10 43048
677 63995 70469 130 579642
678 64137 64891 94 60410
679 64346 77246 125 878058
680 64370 67763 147 267178
681 64838 78663 79 1074672
682 64860 83841 15 76010
683 64995 70636 97 269527
684 65028 65278 50 7161
685 65088 68382 53 49474
686 65111 65485 134 22441
687 65131 65434 150 41614
688 65212 73336 5 28889
689 65221 83251 90 1551877
690 65228 66865 61 59453
691 65330 67813 108 306584
692 65439 69265 9 17992
693 65443 75130 17 119673
694 65480 67803 7 5505
695 65603 69963 106 410325
696 65740 69168 39 55934
697 65766 65837 59 807
698 65799 68523 122 560806
699 65857 74393 26 116046
700 65868 69074 69 126170
701 65881 72793 16 35850
702 66177 80469 41 189862
703 66205 67782 89 36549
704 66239 66806 33 6234
705 66373 72884 33 70533
706 66417 72286 92 219285
707 66418 66640 22 2978
708 66425 68383 41 40724
709 66469 69734 73 141094
710 66665 68554 28 17126
711 66890 71198 88 86547
712 67156 70571 99 82891
713 67422 70170 75 46352
714 67487 74628 137 594282
715 67535 69309 17 17853
716 67540 68798 138 90373
717 67554 81148 124 419205
718 67636 72700 65 433787
719 67677 67861 107 10150
720 67845 81681 14 56193
721 67860 69139 58 19014
722 67934 69140 120 29854
723 68013 72754 99 174872
724 68191 77470 6 36317
725 68300 74095 131 111648
726 68371 74608 85 712711
727 68641 69750 45 29894
728 68755 70558 8 5039
729 68865 69783 49 21484
730 68935 75500 116 88079
731 68980 94299 122 844898
732 69012 73144 123 64078
733 69033 70073 130 47670
734 69194 77432 48 112463
735 69324 78740 50 255780
736 69515 78064 72 549088
737 69546 70483 142 58866
738 69629 72083 60 115816
739 69713 78252 6 22934
740 69810 77556 30 51706
741 69914 83199 45 191881
742 70156 78251 35 134851
743 70231 90074 150 791545
744 70266 77522 14 40925
745 70292 72812 33 31210
746 70378 73062 146 91364
747 70383 99780 116 555714
748 70462 71840 77 28620
749 70519 73605 122 44546
750 70813 79882 46 239712
751 70837 71655 23 20525
752 71236 97509 21 156071
753 71276 79212 50 106196
754 71310 85214 84 494756
755 71362 91205 135 1395951
756 71415 75904 12 35463
757 71422 78359 30 61375
758 71443 78071 35 93708
759 71511 85463 29 209182
760 71553 83278 92 412592
761 71673 89552 5 19213
762 71839 82145 6 43246
763 71969 72380 10 4072
764 72084 85582 98 681589
765 72117 82227 147 936264
766 72298 82203 6 20978
767 72320 85041 112 791383
768 72366 75361 21 49939
769 72379 82962 129 1314306
770 72404 77304 80 183085
771 72451 77919 150 399337
772 72553 80272 21 107034
773 72635 85128 121 547584
774 72690 81734 48 156503
775 72801 74857 23 15870
776 72840 88635 11 23454
777 72966 76753 30 82770
778 73007 73963 87 27438
779 73086 75694 28 19308
780 73166 75359 63 78680
781 73270 77477 13 22487
782 73290 75226 40 28388
783 73327 73945 58 24015
784 73409 74236 75 19425
785 73470 79460 137 492179
786 73525 75889 50 44919
787 73600 73610 52 331
788 73652 83921 5 28957
789 73657 78123 12 15899
790 74288 80528 52 145833
791 74298 80331 46 157888
792 74362 85986 8 50746
793 74636 77914 58 69155
794 74711 84780 71 317681
795 74980 75282 118 7363
796 74995 89727 4 70854
797 75032 79449 40 61230
798 75275 77908 9 8815
799 75466 80228 36 134151
800 75471 89530 109 784396
801 75516 87078 10 55128
802 75570 76061 98 89772
803 75584 77049 20 14952
804 75674 76013 27 5431
805 75759 88915 118 707433
806 75810 78519 60 112497
807 75866 85486 145 516493
808 76039 83104 36 86023
809 76055 77271 42 10671
810 76066 77209 50 31484
811 76113 83981 45 141322
812 76143 78035 43 22567
813 76441 78865 51 73999
814 76462 82827 7 63472
815 76550 79473 18 23911
816 76589 76705 43 5039
817 76642 87681 147 245324
818 76724 92270 19 129983
819 76732 82565 65 189640
820 76765 83578 91 118951
821 76869 90164 5 33874
822 76931 77009 11 773
823 76950 77832 5 1844
824 77046 81376 136 112787
825 77167 78866 29 11330
826 77171 89769 132 704384
827 77181 79587 127 55114
828 77222 77451 11 1002
829 77488 78732 102 138170
830 77588 79946 19 35448
831 77602 79479 4 3555
832 77640 79943 55 101079
833 77671 80088 84 120849
834 77704 81461 37 36443
835 77806 79631 8 8284
836 77910 94017 19 129208
837 78003 78099 60 4267
838 78117 97364 35 223261
839 78168 84296 57 140260
840 78322 78481 16 3444
841 78381 88197 18 133981
842 78389 81182 90 130518
843 78393 89608 40 252367
844 78533 82174 130 151642
845 78595 79486 16 2104
846 78632 86936 74 204476
847 78647 79907 12 4440
848 78943 83721 10 8168
849 79014 79331 38 7576
850 79109 93420 114 1026845
851 79147 90091 58 529633
852 79290 86829 143 390591
853 79412 86184 113 152502
854 79716 91299 8 155497
855 79768 94851 14 120282
856 79872 87283 16 42380
857 79893 90319 129 465347
858 79894 88090 28 34730
859 79963 81386 130 75415
860 80014 80628 31 10888
861 80247 84712 128 408921
862 80401 81894 89 40749
863 80416 80428 15 200
864 80438 88020 121 186785
865 80516 92950 119 970271
866 80639 89681 22 109315
867 80662 81753 95 19249
868 80665 91602 71 456170
869 80760 81750 64 47528
870 80795 86374 62 117088
871 80862 85369 51 73968
872 80976 87814 78 365625
873 80982 81567 21 9409
874 80983 86869 38 203833
875 81015 84346 61 32304
876 81463 90451 69 243878
877 81549 93003 140 1056415
878 81566 85415 64 87682
879 81630 98829 8 100214
880 81744 84309 73 123886
881 81767 84418 64 56816
882 81838 82759 136 36492
883 82006 83748 32 50508
884 82068 95831 111 878753
885 82138 84631 44 95671
886 82172 87316 19 83143
887 82277 91311 77 352398
888 82636 85586 87 203271
889 82660 84603 32 16965
890 82770 95258 131 1141124
891 82916 87046 61 103964
892 83038 86774 21 25331
893 83245 88686 150 848499
894 83262 85232 15 8080
895 83338 84974 79 95005
896 83357 89042 31 48615
897 83478 85141 20 11693
898 83540 93161 24 46972
899 83569 88017 33 35054
900 83597 95101 5 13101
901 83663 87103 27 37949
902 83694 88422 68 92736
903 83808 84427 126 16291
904 83881 84220 109 10256
905 83997 89338 138 171350
906 84060 91818 16 32982
907 84159 94204 58 188898
908 84415 85627 100 61480
909 84515 90920 9 17805
910 84640 89075 99 298962
911 84731 87209 91 99655
912 84892 87108 72 44038
913 85073 95663 55 311416
914 85078 87179 45 95411
915 85096 89622 139 278298
916 85200 97003 17 97000
917 85266 98485 10 49158
918 85344 89550 5 10329
919 85563 85886 16 2586
920 85687 90947 46 242520
921 85822 89255 117 188430
922 86024 86775 72 8194
923 86081 88423 115 70254
924 86470 87711 124 68739
925 86572 87732 77 40267
926 86574 90591 127 137627
927 86620 91377 73 228802
928 86686 88385 5 5931
929 86718 94981 43 34480
930 86734 95990 98 272897
931 86762 89186 23 59768
932 87388 93602 16 20596
933 87393 91622 5 13269
934 87503 89000 19 6464
935 87556 93293 26 30026
936 87606 87888 147 11366
937 87616 95100 71 327570
938 87659 88319 28 4971
939 87875 87954 56 2545
940 87959 93517 112 428323
941 88024 90997 80 128431
942 88112 99845 75 183099
943 88212 96814 26 163740
944 88390 89271 27 9153
945 88444 89931 61 121934
946 88484 90650 11 6587
947 88620 90455 119 88367
948 89070 99328 58 94457
949 89072 90529 23 10241
950 89123 89733 93 67861
951 89261 96556 6 10353
952 89321 90104 31 16501
953 89334 90832 115 66728
954 89422 92226 56 90912
955 89441 93185 4 6761
956 89452 92575 138 79248
957 90078 92733 140 124620
958 90329 91279 75 14828
959 90860 95915 123 398995
960 91643 97292 28 84998
961 91647 94141 14 70727
962 91723 96126 47 60439
963 91877 96870 31 33544
964 91935 92121 96 34850
965 92078 98908 57 112948
966 92222 94773 138 86190
967 92327 92690 71 12306
968 92335 93432 11 11670
969 92656 98014 125 532849
970 92808 98982 32 38019
971 92940 98345 76 134943
972 93403 98424 19 76227
973 94000 96583 135 67932
974 94035 96136 119 114417
975 94291 94737 38 16646
976 94606 95550 17 7015
977 94626 99416 79 730111
978 94650 99727 20 169034
979 94721 95061 10 1184
980 94843 97673 9 5338
981 94898 96626 31 28091
982 95593 99963 122 98992
983 95861 98003 31 38684
984 96058 99267 87 30259
985 96487 98965 125 49562
986 96545 97704 114 195463
987 96652 97637 114 109164
988 96953 97905 23 10898
989 97158 99016 119 48953
990 97348 99774 46 73074
991 97532 97751 57 4515
992 97814 98289 21 5650
993 98065 98966 54 28225
994 98112 98224 20 1257
995 98435 99487 17 11531
996 98441 99463 145 94566
997 98443 99529 28 41989
998 98772 99375 6 4546
999 98816 99613 34 16325
