50 1000 0.053
..........#..####........#...........###......#...
.........###.#....##..................#.......#..#
....##....##.#......#.................###..##.....
.............##....#........#...............#...#.
...............#.....#......#...............#.....
........#............#.......#...#................
....#...###..#...........#.......#................
....#...........................##...###...##.....
...##............#.........#......#....#..........
..#..............#.........#.#....##.####.........
...#...........##.....#...........................
..##.........#.......................##...........
................#.................................
....#...........#.#.............#.........##...#..
..........#.###.#.##......#..................##...
............##...##...................#.....##....
..#.....#####..##.....#............#..#...........
...........#.....#........#...........#.........#.
......#..##......#........#.......................
....................................#.###.........
##............##...............#....#..........#..
#..##...............#..............##..........#..
.....................##...#......##............#..
....##................#..#.#.....#.......##..#.##.
.............#.............#.##.....###...........
.#.....#....#........###............##..........#.
.#.....#..........#.........####.###.##....#......
.....................###.....##.#...#....#.#......
........#.........#...#.........#...##...#........
.....#..##....##...#...###..#...#.#..#...#........
.....#..#....#.#..................................
.....##..........#......................#.......#.
.........#............#.......#.........##........
..........##..............#...##...#..............
.......#...##..............##.....................
............###.......#...#...............#.......
.............................#..#.................
............#..#.........#...#...#................
............##...#......##..#..##....##..........#
............##..#........##.##....................
.............#.##.........#...##..................
..............................................#...
.........#................................##......
#........#......##........................#.......
.#.....................................###.#......
........##..##.##.#.............##..#.............
....#........##...............#......#.....#....##
.....#........#.......#......##.#..#............#.
....#....#............#...........................
......#...#.....#............................##...
0 192 3069 7 15141
1 261 3128 109 197211
2 272 5944 41 48721
3 375 916 9 3605
4 428 1456 42 41622
5 477 2146 145 227214
6 489 3688 93 142030
7 652 6330 23 57233
8 959 2076 71 90495
9 1098 1365 16 2414
10 1276 2074 55 36284
11 1339 1602 25 3396
12 1342 2010 140 34927
13 1495 2108 29 8332
14 1657 3990 71 53181
15 1735 2022 45 8798
16 1796 20492 72 502852
17 1921 9639 85 532674
18 1925 4264 139 267367
19 2203 2821 62 23597
20 2219 10740 24 50459
21 2231 2778 40 29037
22 2251 3583 7 2534
23 2252 2724 64 27013
24 2387 4161 4 2164
25 2389 4770 45 111339
26 2423 10473 41 118903
27 2444 5097 50 81397
28 2476 3253 136 36991
29 2597 6866 46 53869
30 2676 2975 135 24907
31 2734 4705 22 35557
32 2736 4608 101 113181
33 2878 13809 81 529550
34 2909 5778 96 100407
35 2983 7681 10 17758
36 3048 5784 57 65787
37 3219 7501 55 163482
38 3225 5720 11 19167
39 3313 4219 50 8870
40 3322 5493 89 82879
41 3364 5341 104 86520
42 3479 18122 6 51398
43 3523 4350 27 14582
44 3542 4048 84 11629
45 3605 4747 28 17041
46 3677 10279 101 104564
47 3730 3810 43 1643
48 3747 4808 9 4361
49 3868 4403 145 53866
50 3951 10146 63 213359
51 3963 10314 16 33232
52 3975 6661 45 30106
53 4299 7975 22 20227
54 4346 7255 11 28519
55 4544 10701 36 91368
56 4566 5816 56 39172
57 4792 14665 78 443782
58 4873 8643 33 56264
59 5018 9350 18 21273
60 5023 5715 118 16196
61 5109 8626 19 32898
62 5175 7104 12 14303
63 5229 7714 9 12533
64 5326 10595 6 15426
65 5365 6175 141 130666
66 5410 15718 125 569740
67 5615 8919 61 94428
68 5804 7193 115 72225
69 6078 9015 40 95565
70 6148 7592 6 3351
71 6231 6953 119 117658
72 6412 7804 63 35955
73 6665 9149 59 65254
74 6781 9738 82 157137
75 6794 8810 143 45886
76 6920 9998 6 10384
77 7015 9807 33 20233
78 7071 20297 109 458374
79 7093 13642 110 254170
80 7121 8554 96 61879
81 7517 8328 4 925
82 7793 8326 9 4345
83 7851 8270 58 28248
84 7863 8062 125 9186
85 8018 10213 123 148128
86 8091 15963 108 338150
87 8178 14328 12 8742
88 8179 9330 10 7114
89 8215 10383 62 56787
90 8605 11538 22 20524
91 8826 15313 22 16105
92 8938 16481 113 370616
93 9041 11612 72 32482
94 9080 9129 7 122
95 9126 16861 68 437648
96 9143 9283 16 1245
97 9147 11275 12 9888
98 9177 14106 106 172403
99 9201 11068 111 282157
100 9267 10025 93 36758
101 9294 11048 81 47143
102 9369 15220 86 434007
103 9398 17431 49 96868
104 9608 14668 58 208880
105 9694 10654 75 20450
106 9753 14026 16 38111
107 9818 17369 5 19332
108 9826 13144 40 100831
109 9950 10615 51 23218
110 10000 11700 129 143534
111 10064 13156 44 98375
112 10123 23502 34 535943
113 10385 10893 11 2741
114 10455 12252 13 8308
115 10526 12369 106 119872
116 10592 18230 141 431928
117 10687 24838 16 74837
118 10700 12822 49 51178
119 10846 11063 7 421
120 11039 12525 99 103994
121 11147 12797 148 107365
122 11188 12167 124 70761
123 11301 20293 17 44230
124 11368 15711 61 152337
125 11574 14672 8 15347
126 11646 24066 87 99318
127 11786 12752 17 7413
128 11791 36742 121 719153
129 11955 16737 137 666531
130 12171 15445 14 39414
131 12296 12482 64 7874
132 12305 33218 14 63376
133 12583 20920 84 472081
134 12686 13946 70 41855
135 12764 13945 77 30917
136 12875 14965 131 190869
137 13029 13206 18 2400
138 13069 13992 65 33229
139 13159 16439 51 46956
140 13348 13940 8 4080
141 13466 20516 136 302822
142 13550 14369 77 58216
143 13603 18224 18 28476
144 13641 16825 123 161348
145 13718 13807 89 3529
146 13746 14191 133 19855
147 14288 17055 126 154292
148 14476 14612 7 437
149 14480 23074 54 265484
150 14609 31246 29 119255
151 14709 15416 36 10874
152 14788 29006 133 1340240
153 14844 24553 6 20971
154 14882 15284 6 2758
155 14903 16759 27 25777
156 14932 18319 78 99924
157 15096 17421 96 226205
158 15106 18937 58 96296
159 15179 16708 126 52960
160 15205 15973 16 8056
161 15206 16445 4 2867
162 15214 23878 47 97521
163 15283 19579 69 84649
164 15363 16206 16 4487
165 15556 17095 145 68168
166 15656 18972 93 282209
167 15659 18555 103 127053
168 16316 18715 43 33673
169 16378 22248 9 51091
170 16467 18862 27 25591
171 16553 23630 95 158811
172 16656 17884 32 11970
173 16723 21278 11 19080
174 16731 23530 149 494216
175 16840 23681 8 21916
176 17000 20496 77 80396
177 17090 18263 140 127126
178 17173 19293 84 186161
179 17287 20675 48 182223
180 17303 19381 37 45375
181 17315 29918 12 45854
182 17557 22136 111 229786
183 17668 18726 43 63626
184 17735 20009 112 96690
185 17774 20392 59 153730
186 17813 20439 65 92197
187 17914 19818 112 115613
188 18145 23835 69 114179
189 18391 35128 4 116875
190 18452 19369 93 24154
191 18752 29431 54 224943
192 18833 19275 90 24885
193 18883 20244 35 18593
194 19063 20800 30 30448
195 19196 27585 84 318236
196 19250 19904 55 16864
197 19404 24161 18 41966
198 19439 22191 131 117038
199 19472 22818 98 241839
200 19639 23183 144 225228
201 19675 23706 112 227940
202 19681 22658 142 166986
203 19816 20549 93 25629
204 19879 38150 11 40605
205 19976 22880 144 113439
206 19988 20254 29 13731
207 20013 24101 25 117424
208 20233 21906 136 117669
209 20246 30103 36 84368
210 20425 22608 38 20068
211 20429 21786 19 12826
212 20440 23636 65 97337
213 20601 25703 133 357795
214 20656 21816 60 28626
215 20985 26192 121 211329
216 21139 37010 148 1238415
217 21214 27795 74 83983
218 21250 24271 19 12525
219 21287 22509 51 48427
220 21471 30128 42 221947
221 21506 25078 51 37253
222 21553 23037 18 6880
223 21659 22062 53 10091
224 21670 23813 16 7420
225 21858 22910 50 6592
226 22066 22207 90 15924
227 22166 26566 39 106546
228 22255 30290 11 58037
229 22285 32482 46 192860
230 22327 28333 33 47507
231 22714 26704 27 30377
232 22734 29356 52 125564
233 22944 24685 23 13579
234 23096 26049 87 125796
235 23327 25468 111 31404
236 23336 23691 22 2410
237 23368 30470 15 11861
238 23773 24806 40 11569
239 23779 27379 123 164556
240 23908 27699 64 197108
241 24095 26723 17 17510
242 24198 29879 125 277659
243 24222 24288 47 902
244 24298 30236 100 246227
245 24365 25570 10 3226
246 24379 33115 65 82925
247 24445 27281 33 54251
248 25042 25911 54 16277
249 25088 26086 8 1508
250 25134 28698 54 84990
251 25344 30737 5 11555
252 25413 30823 93 144264
253 25511 26256 35 12445
254 25518 26329 18 12227
255 25553 32481 51 152270
256 25586 38415 96 379627
257 25798 31052 5 8596
258 25860 27492 21 45394
259 25862 27116 21 7147
260 25923 28425 48 59195
261 26109 47519 120 404694
262 26123 29727 20 25123
263 26217 33496 27 80448
264 26254 27478 43 31580
265 26257 27885 10 7988
266 26350 27532 138 77244
267 26384 28167 44 9115
268 26478 26962 13 2939
269 26506 31338 61 105574
270 26507 28945 63 130820
271 26671 30279 5 6742
272 26683 27904 35 8051
273 26746 37400 67 427665
274 26780 28853 125 54630
275 26834 27070 6 954
276 26845 29298 16 12187
277 26853 40479 133 1955994
278 26952 32669 72 91377
279 27258 31700 9 63552
280 27342 29044 135 103584
281 27449 35142 90 117897
282 27516 33684 20 28659
283 27619 36700 96 261163
284 27760 31086 36 67656
285 27801 29104 18 46232
286 27814 33174 66 102426
287 27863 30252 119 108852
288 27868 32191 30 41616
289 28232 28410 147 16493
290 28235 30312 43 30102
291 28320 38952 9 32874
292 28334 29746 9 18793
293 28442 30080 76 53706
294 28521 29713 141 123827
295 28565 32809 11 18366
296 28688 30876 61 62721
297 28828 28848 73 1643
298 28843 29170 19 4553
299 29082 30796 50 104700
300 29132 29984 18 8200
301 29135 30091 6 1862
302 29147 30715 143 96962
303 29245 29822 18 7671
304 29367 33781 19 17743
305 29423 29854 25 6071
306 29598 30862 117 50437
307 29649 30736 84 47002
308 29797 30845 88 32350
309 29813 39828 87 577241
310 29901 30349 24 17553
311 29933 35289 98 269254
312 29964 32208 116 35282
313 30047 36286 30 41628
314 30205 31163 25 18973
315 30389 33943 117 203346
316 30411 34980 5 25834
317 30618 36208 128 502103
318 30712 31190 28 4362
319 30768 41336 16 90923
320 30830 36741 22 41123
321 31025 31761 77 8339
322 31140 33222 22 22653
323 31397 33510 34 20273
324 31420 42930 90 1063798
325 31452 35857 33 60072
326 31626 33282 117 53298
327 31665 33198 9 11333
328 31867 33738 84 31878
329 31907 31918 6 50
330 31962 32602 32 7369
331 31988 40905 58 191145
332 31998 33135 11 6017
333 32257 34726 50 36500
334 32317 38189 123 275472
335 32323 32866 131 42091
336 32361 33897 69 83553
337 32598 32963 93 19764
338 32616 36968 120 121204
339 32673 42653 13 76927
340 32742 35232 67 62502
341 32765 34139 23 30283
342 32816 36319 44 53232
343 32824 37310 10 21640
344 32936 38871 111 1252181
345 32970 39391 18 42757
346 32983 42368 102 426156
347 33015 35192 95 110402
348 33028 37022 33 54719
349 33054 40393 68 161144
350 33193 41875 53 140329
351 33226 34413 8 4629
352 33346 38317 138 126957
353 33410 34601 11 6271
354 33540 33929 8 2312
355 33614 37711 80 122270
356 33704 37734 18 28352
357 33725 39903 6 15919
358 33780 44078 123 500704
359 33958 40897 93 458949
360 34001 37329 115 267742
361 34067 34888 18 4358
362 34122 38548 64 173750
363 34204 34587 26 2636
364 34610 35267 5 2537
365 34681 51608 4 28282
366 34687 43943 109 637157
367 34690 55265 46 433398
368 34778 39986 147 261750
369 34877 39686 60 97045
370 34896 34989 66 6323
371 34928 56742 13 118130
372 35122 35778 37 23833
373 35313 42624 107 470880
374 35624 35886 49 7200
375 35626 36751 44 17956
376 35686 35925 130 15652
377 35834 36802 8 14334
378 36182 41992 43 42989
379 36247 37875 118 125809
380 36299 37285 12 3201
381 36482 37293 80 41285
382 36499 39751 60 58898
383 36645 37681 83 45878
384 36820 37547 46 15702
385 36926 37341 76 10638
386 36951 38529 6 10354
387 37045 39953 22 33053
388 37089 42049 57 132184
389 37095 37229 109 16605
390 37098 38907 123 106450
391 37407 37609 131 7434
392 37645 42512 83 165292
393 37715 37999 103 6973
394 37775 45199 44 37967
395 37954 39486 6 8286
396 38087 39110 46 51261
397 38132 44017 115 102411
398 38219 38281 133 8387
399 38403 46917 64 203519
400 38493 38947 72 19415
401 38522 43577 122 453842
402 38770 45843 111 169578
403 38913 40735 98 259185
404 39101 43607 5 9391
405 39156 45385 126 131943
406 39180 40670 122 56201
407 39267 47933 93 585232
408 39431 44184 6 5688
409 39582 40051 34 20752
410 39626 42048 52 43082
411 39732 39838 109 4239
412 39833 44595 104 181521
413 40024 42855 124 100970
414 40144 42919 94 177679
415 40423 46081 17 13200
416 40542 40839 111 12497
417 40568 41110 141 23380
418 40664 47564 21 74408
419 40704 42869 83 46196
420 40809 40946 74 9349
421 41117 42554 6 1891
422 41134 42364 91 30572
423 41297 56297 131 2187998
424 41310 50431 37 133685
425 41370 47478 41 136984
426 41375 43309 119 71899
427 41378 44505 76 93579
428 41447 41984 75 14800
429 41533 42066 124 39076
430 41570 43376 42 75212
431 41717 44513 24 29185
432 41771 42157 108 113489
433 41959 43371 30 18720
434 42001 45954 19 62700
435 42047 42921 113 35487
436 42067 46184 40 119799
437 42075 46974 15 209525
438 42179 47170 8 17422
439 42637 44845 36 37730
440 43113 44916 8 2729
441 43217 49182 77 326314
442 43305 47180 23 76602
443 43369 44275 39 39375
444 43383 43508 132 35947
445 43389 43953 53 11925
446 43396 49800 73 99007
447 43625 47928 77 226682
448 43672 53447 70 237509
449 43759 50097 109 300082
450 43831 45983 50 14820
451 43897 50842 5 31405
452 44002 46532 148 163092
453 44103 48675 121 366738
454 44174 46623 112 97059
455 44210 50608 117 1090438
456 44420 45745 58 42126
457 44514 46418 110 94667
458 44525 52113 87 264920
459 44597 53397 69 202503
460 44625 48927 10 27129
461 44694 46309 24 19754
462 44732 55947 41 240866
463 44818 49682 135 336621
464 44935 45044 74 2154
465 44955 51085 11 28815
466 45001 49257 141 291680
467 45360 48487 64 95181
468 45418 48050 35 44832
469 45574 56888 132 776486
470 45624 51003 63 70791
471 45777 47058 44 42216
472 45884 52536 44 407352
473 45931 46340 143 17318
474 45948 53910 84 277434
475 46154 46620 72 54088
476 46208 52209 108 463851
477 46413 48993 8 7850
478 46530 46585 33 1306
479 46603 50154 4 2839
480 46626 65774 22 167559
481 46872 49581 6 6753
482 46890 59237 144 727758
483 47098 52898 17 63127
484 47105 49488 9 4335
485 47138 51275 14 41223
486 47156 47667 30 1883
487 47335 51355 16 14008
488 47437 54562 26 36749
489 47527 49474 5 3510
490 47558 50111 45 74776
491 47573 48733 113 26399
492 47585 54908 56 166352
493 47610 51746 17 39175
494 47706 52053 68 49460
495 47870 49221 121 53414
496 47917 50343 36 81853
497 47936 49834 63 67762
498 47950 48297 66 13350
499 48119 51026 133 418988
500 48211 48251 8 239
501 48300 49117 129 35367
502 48333 58895 108 132293
503 48433 57003 66 548408
504 48498 49256 11 3978
505 48793 51594 79 66495
506 48887 55586 79 189817
507 48992 50438 10 8212
508 49038 60136 62 352180
509 49098 57449 12 54930
510 49111 53626 44 37008
511 49180 62924 133 506164
512 49320 49821 21 9624
513 49453 51457 59 55683
514 49507 53600 40 60021
515 49537 62098 128 479667
516 49750 50693 21 6131
517 49765 50078 114 12840
518 49781 54174 62 76047
519 49803 55794 138 245366
520 49872 50102 49 10345
521 49898 53401 42 77951
522 49956 51125 107 47640
523 50030 55866 95 215032
524 50285 50342 29 1380
525 50289 58943 42 246007
526 50513 52115 35 21845
527 50515 50592 10 801
528 50565 51184 8 1812
529 50585 54447 9 25603
530 50755 51090 27 4388
531 50778 52001 33 27258
532 50783 53677 76 149088
533 50791 51633 98 33289
534 50850 51832 47 42734
535 51056 55735 133 255850
536 51418 54041 8 8166
537 51430 56080 130 228476
538 51634 57382 82 218293
539 51907 52999 42 43963
540 52000 52976 42 29515
541 52191 56477 141 286258
542 52228 52410 21 2583
543 52230 52975 80 27896
544 52274 56233 77 62967
545 52349 54065 53 27404
546 52547 54960 31 19945
547 52558 59914 49 146943
548 52583 67224 40 340765
549 52925 72370 26 269630
550 53149 53520 37 8553
551 53361 56229 50 21478
552 53573 57502 44 119573
553 53840 54097 91 6902
554 53915 53988 126 4264
555 53917 56821 32 19401
556 53923 62573 16 114669
557 54023 59913 22 21179
558 54071 55901 6 4151
559 54077 54407 83 30110
560 54094 63244 53 53974
561 54211 55323 73 42060
562 54230 57212 130 136886
563 54310 56032 16 17531
564 54311 55483 8 3442
565 54405 68610 9 46090
566 54456 54679 128 26749
567 54516 59091 86 149973
568 54578 55661 55 43855
569 54672 58499 136 380937
570 54688 56811 79 111644
571 54737 56140 62 62109
572 54777 55575 52 18245
573 54903 55896 13 5624
574 54921 58740 96 126583
575 54980 66267 140 443515
576 55247 59923 89 162310
577 55369 77775 125 1205170
578 55567 58682 111 65758
579 55634 57336 42 13033
580 55782 79318 41 289896
581 55826 55972 60 2739
582 55857 61602 5 12691
583 55872 57958 110 61046
584 56167 57582 127 50525
585 56317 61853 40 157273
586 56334 59793 42 39925
587 56392 68042 10 68910
588 56448 60761 70 83948
589 56473 61442 106 228362
590 56794 63651 19 34854
591 56813 59940 15 28449
592 56825 60447 41 79982
593 56905 63103 120 470516
594 57021 60175 114 147735
595 57101 65124 17 60493
596 57220 57515 39 3898
597 57313 62973 59 49878
598 57374 62891 118 95424
599 57393 58502 35 20769
600 57713 61938 21 61748
601 57921 60017 58 30905
602 57964 58217 6 1097
603 58225 61407 12 7541
604 58242 70845 67 128807
605 58397 64595 142 288497
606 58473 61070 81 129179
607 58534 58888 142 46168
608 58604 58844 51 5960
609 58748 64414 14 44080
610 58800 60713 106 133810
611 58825 63433 87 77355
612 58901 59150 113 10803
613 58929 62059 33 24349
614 58957 61143 8 6587
615 58993 68629 67 127283
616 59012 59341 13 2151
617 59077 61005 12 6342
618 59099 64607 13 51133
619 59106 60807 7 5871
620 59133 67165 52 245679
621 59371 60229 83 46589
622 59438 61765 139 164517
623 59529 61493 10 25278
624 59574 63402 30 32768
625 59599 60299 34 19829
626 59611 67252 138 237629
627 59737 66768 60 157059
628 59815 67190 18 61320
629 59930 70303 121 341635
630 59971 60367 54 20199
631 59999 64516 11 18284
632 60031 65030 140 293221
633 60098 63550 5 5535
634 60100 63218 150 177809
635 60180 63173 144 207771
636 60294 63969 97 214559
637 60407 62831 58 61464
638 60609 67596 52 342631
639 60640 62565 125 145530
640 60997 62724 120 124661
641 61133 61658 116 34770
642 61192 61663 101 47220
643 61201 61723 28 7067
644 61228 63000 17 7149
645 61300 64672 44 53698
646 61337 68111 149 806417
647 61439 66384 121 176815
648 61546 70237 78 351723
649 61618 63051 12 9741
650 61653 62516 67 31959
651 61669 61745 120 4414
652 61762 62438 147 19873
653 61926 65650 72 116896
654 61930 70052 15 127395
655 61955 62038 16 739
656 62023 70831 43 113476
657 62044 62063 34 485
658 62183 67644 141 501390
659 62304 64923 119 125911
660 62353 70173 32 160092
661 62382 63772 17 29548
662 62393 64723 115 123633
663 62470 63027 17 5010
664 62476 64956 86 47192
665 62613 70444 123 177703
666 62827 63876 28 18250
667 63195 64443 12 4881
668 63213 74412 10 28673
669 63404 67532 62 141430
670 63432 64269 4 2348
671 63490 63553 24 1033
672 63694 68368 17 47417
673 63757 71871 137 360483
674 63759 66031 139 133924
675 63946 65528 93 89399
676 63951 69394 23 68717
677 64114 67808 101 164125
678 64205 65529 120 103818
679 64258 72498 133 571007
680 64365 64804 41 3429
681 64418 65171 54 26767
682 64550 67015 22 18311
683 64636 65719 52 28057
684 64707 65578 103 71431
685 64741 66571 120 156552
686 65021 67899 114 370295
687 65207 69313 138 78298
688 65222 70993 12 40588
689 65301 65803 82 2800
690 65330 72659 39 157903
691 65387 69948 4 5885
692 65494 66119 101 31723
693 65513 81434 146 1156728
694 65662 67732 126 38456
695 66050 69083 55 110376
696 66176 67052 8 3248
697 66296 68911 76 223670
698 66487 74384 96 450023
699 66508 67831 6 2196
700 66775 69012 76 49597
701 67039 68735 17 13793
702 67171 71050 11 25717
703 67187 74922 113 463394
704 67349 73198 23 116798
705 67385 70680 116 163641
706 67495 72935 74 118211
707 67555 71114 90 127745
708 67654 76608 12 56153
709 67794 75992 48 121907
710 67822 70956 96 324478
711 67873 74646 101 336607
712 67951 70321 15 21467
713 67956 68517 93 24673
714 67989 68291 40 7643
715 68003 70190 132 87281
716 68063 70869 147 119824
717 68281 76037 11 86496
718 68365 77217 30 96210
719 68423 74689 14 41384
720 68502 71067 4 5565
721 68592 71222 50 41828
722 68660 70615 24 18921
723 68683 74576 11 16331
724 68709 68975 53 6606
725 68749 76960 125 318326
726 68947 72885 97 107462
727 69197 75158 10 19385
728 69208 69826 134 33110
729 69333 69789 77 7601
730 69463 81943 16 63704
731 69628 71934 9 10692
732 69687 81541 17 84771
733 69694 70059 6 754
734 69771 79470 14 51071
735 69778 69977 11 2113
736 69822 72858 30 40850
737 69934 74021 31 83380
738 70081 70625 73 23348
739 70128 71620 52 20579
740 70163 73126 110 67916
741 70333 70343 98 212
742 70836 79465 149 540880
743 70870 74246 141 157071
744 70976 73852 14 25085
745 71122 72219 39 14187
746 71205 83314 103 798827
747 71403 78904 97 157878
748 71419 75870 139 225581
749 71553 72421 70 33614
750 71660 76728 81 77155
751 71667 74939 84 111611
752 71684 74737 31 86911
753 71686 76239 75 124078
754 71749 74811 23 28590
755 71792 77763 48 122842
756 71798 73498 86 98594
757 72000 73324 19 12465
758 72027 74099 26 15114
759 72110 76267 40 40595
760 72262 79507 37 71156
761 72281 83696 125 1048793
762 72345 73613 26 13952
763 72390 80587 59 324863
764 72412 78843 19 52762
765 72692 73313 45 16987
766 72759 78462 15 17899
767 72934 74050 68 26841
768 73037 74190 92 80210
769 73179 86600 81 341417
770 73185 75720 41 66846
771 73288 73689 102 31542
772 73341 73492 61 3249
773 73416 82406 67 107915
774 73445 73919 13 6662
775 73765 75826 105 55700
776 73777 76148 36 48060
777 73812 74130 40 10941
778 73829 74342 9 8667
779 74260 75898 83 34081
780 74309 75461 121 41681
781 74361 76378 108 122593
782 74448 74863 10 4003
783 74490 81094 10 20197
784 74520 74867 20 4202
785 74622 80487 51 41325
786 74692 79287 13 53234
787 74702 80475 16 42426
788 74859 80579 100 111163
789 74932 79931 148 213911
790 74984 82994 46 97443
791 75025 77184 23 19278
792 75420 77919 42 52193
793 75427 75771 103 25987
794 75479 75646 29 2106
795 75760 78272 126 42485
796 75767 78479 51 68823
797 75920 78651 65 92965
798 75983 78524 46 122496
799 76027 83821 121 580890
800 76172 76377 25 1728
801 76452 78522 72 108853
802 76499 76703 53 1633
803 76657 77088 28 12685
804 77069 77445 4 1298
805 77295 92143 54 370725
806 77362 82635 135 184816
807 77368 77966 85 22065
808 77394 77630 33 6612
809 77459 77748 79 19764
810 77488 85459 75 257524
811 77518 79439 145 437053
812 77773 79116 40 7411
813 77826 78855 23 11577
814 78100 87196 146 505063
815 78130 84096 147 872071
816 78391 78784 122 21149
817 78437 86727 27 54975
818 78447 81409 18 34084
819 78625 81392 138 90615
820 78687 79121 110 30234
821 78756 89454 11 38783
822 78857 89362 142 503291
823 78868 88422 106 268601
824 78894 79171 55 4477
825 78909 85301 28 82515
826 78915 79944 28 18284
827 79302 79745 128 24798
828 79303 80328 11 17222
829 79370 81659 35 26395
830 79547 87095 40 164088
831 79631 79665 147 2000
832 79801 83219 25 7872
833 80049 84586 7 10457
834 80220 81623 14 11402
835 80304 80682 143 21381
836 80307 83817 84 88834
837 80428 80471 8 151
838 80549 81733 96 46118
839 80712 92980 29 148775
840 80835 80954 123 12902
841 80857 95314 27 139682
842 80858 82875 139 96935
843 81056 81333 96 5638
844 81163 94657 14 34664
845 81218 89188 28 125769
846 81226 81931 14 3674
847 81257 83410 6 11056
848 81328 92841 18 50628
849 81422 86847 112 125810
850 81445 84589 75 37719
851 81713 86684 36 94767
852 81812 86344 59 157741
853 81844 83316 96 76007
854 81915 91270 47 263565
855 81957 82408 28 2245
856 82124 84048 100 52324
857 82326 82699 57 7594
858 82328 92625 8 142326
859 82446 83635 107 68703
860 82473 85044 20 19294
861 82603 86785 6 6014
862 82621 87651 41 11792
863 82640 90414 45 195121
864 82795 91067 14 37222
865 82915 87984 25 147432
866 83110 83357 133 30140
867 83122 83737 7 6313
868 83377 83469 63 2682
869 83435 90433 129 428063
870 83545 83968 105 48362
871 83566 84734 142 107317
872 83617 84593 28 17743
873 83725 83955 149 13555
874 83751 87313 75 96566
875 83772 83800 87 3018
876 83921 95537 42 184911
877 84066 85617 19 17824
878 84218 84685 123 56791
879 84338 93103 122 744787
880 84404 86084 132 30991
881 84466 86466 22 17025
882 84722 87967 11 17682
883 84783 87658 43 71576
884 84827 88885 71 37713
885 84865 85658 15 4562
886 84921 87812 83 88365
887 85602 90230 37 95112
888 85672 90971 6 16170
889 85729 91044 34 117443
890 85740 92558 127 354329
891 85789 90066 129 124531
892 85927 95619 83 279612
893 85990 86619 13 3185
894 86040 92425 6 10161
895 86082 94460 62 195184
896 86203 93222 144 359242
897 86283 90573 10 23662
898 86356 88547 12 15153
899 86442 87573 117 71576
900 86463 87493 83 78458
901 86475 89246 122 273304
902 86577 97513 45 206419
903 86634 87011 17 6411
904 86683 95747 48 313968
905 86751 90582 46 188027
906 86754 88195 132 29135
907 87148 91099 29 47365
908 87243 89153 26 14530
909 87276 89878 103 66378
910 87660 89859 56 68762
911 87868 90802 109 157967
912 87932 87935 109 162
913 87972 89584 80 27095
914 88127 89431 95 17075
915 88216 95798 111 218466
916 88437 93631 76 102680
917 88593 91302 31 23215
918 88649 89358 49 53390
919 88952 92680 125 685085
920 89038 95877 56 138117
921 89046 96043 27 85063
922 89070 90232 30 28746
923 89113 92141 106 27531
924 89122 93266 132 383888
925 89134 90988 25 39827
926 89179 98748 71 180832
927 89211 98396 64 158155
928 89335 91395 18 20657
929 89414 92495 28 37619
930 89427 90401 84 56222
931 89447 89990 66 22725
932 89455 97681 6 9724
933 89465 92536 9 12231
934 89475 93344 66 189250
935 89492 90495 66 10181
936 89546 92122 113 144696
937 89619 91684 25 12743
938 89651 90381 20 14006
939 89688 93309 10 38249
940 89697 89854 147 20193
941 89888 91229 69 57802
942 89958 94866 83 203339
943 89968 91218 48 49508
944 90042 91020 87 77228
945 90090 90281 111 19768
946 90266 93231 120 74580
947 90348 90389 88 2130
948 90478 96857 17 45181
949 90591 92552 59 45791
950 90780 96272 29 104269
951 90785 95651 64 200101
952 90997 95157 53 60977
953 91016 95132 144 201998
954 91172 95316 123 279010
955 91235 93475 71 188853
956 91471 93131 56 40545
957 91541 98100 17 58635
958 91724 99769 12 55872
959 92012 92058 114 5682
960 92062 98027 19 19865
961 92249 92382 100 9854
962 92689 95071 147 174274
963 92903 92988 23 793
964 92920 92996 121 7306
965 92951 96453 111 253750
966 93152 93559 27 3095
967 93184 96671 7 9092
968 93194 95376 47 39217
969 93400 94366 19 5526
970 93478 95654 93 44945
971 94382 95365 127 72925
972 94407 95233 30 12477
973 94427 97551 126 166076
974 94508 99035 27 49417
975 94540 94786 31 1642
976 94558 94752 56 3032
977 94648 95574 150 58861
978 94748 98536 83 273607
979 94842 95333 7 1508
980 94874 95020 129 14133
981 94948 95021 60 3791
982 95006 98218 81 98400
983 95446 97245 94 56868
984 95822 99476 22 22097
985 95887 96044 101 13663
986 96050 96952 124 26721
987 96129 98573 139 119955
988 96562 97694 45 23118
989 96619 98487 36 54503
990 96691 98915 126 220339
991 97003 99686 72 105872
992 97688 98658 25 8836
993 97873 97941 19 427
994 98096 98102 53 79
995 98140 99641 80 35983
996 98211 98319 27 2647
997 98643 98807 18 853
998 99146 99766 147 105191
999 99748 99837 52 5999
