50 1000 0.003
.......#.......#...#####......................#...
.....#.#.....#.#.#.##........#................#...
.........##......#..#........#......#....##.......
........###.#.......##..........####....#.##......
.....................#..#...#....###....###.......
..................##...##...###...................
....#............##.#......###...#.....##.........
....##.....#....#..##...........##.....#..........
..##..####......#...............................##
#....#..#.....###...#...#................##....##.
####.#........#.........#............##...#.......
.....##....................#..........#.#.#.##..#.
...#.#................#...###.........#.#####...#.
.#.........##........###....##.......#....#.....#.
##.....#..###..##.....#....#........######.#......
.###...........##....###...#......................
..####...###.#........#.........##...##...........
.........#.......................#................
...###.........#.....#....#...............#.......
..##............###..#........#..........##.......
..#.#...........#.##.#.......##...................
..##.........#.#####..........###.........##......
#.#..........##..#.###.##.#..#....#........##.....
#.......#.......##....##..##......##.......#......
...............#.#...#....###.....#..#...###.....#
.#.##.......#..#....##........#..##............#.#
...##.....##..........#......#.......##........#..
..##...###.#........##..............##............
..........##.........#..........#..........##.....
..##......#....................##...........#...#.
.......#..................................###.#.#.
###.....##.....##...##.#....................#..##.
#.##....#..#........#..#...................##.##..
..........#....##.#.............##..##.....#..#...
..........#....#..##.................#............
..............##..........................##......
.###...............#.................##...###.....
##...............###............###...#.....#.....
..................##.........#..###.##...........#
..####...#....###............##..##...........####
.....##..##..........##.##.............#..........
....##.....##.....##.##..........##....##...#.....
.....#.......#....##..#...........##...#..........
.............#.#....#.####........##..............
.......#.......#....................#.............
........................##.........#......#.......
.................#.......#.......####..#..........
..............#.......#.....................#...##
........####...###.................#.......#.##...
........#.##....###................#.........###..
0 17 368 16 11459
1 331 3140 129 137614
2 415 680 45 8421
3 419 959 38 7016
4 649 14365 149 812858
5 749 5844 35 91314
6 883 4011 22 31204
7 999 1086 127 10423
8 1150 1180 64 1465
9 1361 3805 109 107423
10 1441 1531 116 7146
11 1456 12490 8 35646
12 1472 3368 106 130186
13 1565 1734 4 387
14 1584 1939 15 3037
15 1781 8558 135 457488
16 1875 11298 82 370276
17 1996 2347 45 8393
18 2067 4285 36 14639
19 2236 4965 35 59584
20 2251 3467 40 53396
21 2300 6703 5 10368
22 2468 5058 13 16459
23 2552 4063 70 103792
24 2562 2611 88 3989
25 2715 10360 86 275794
26 2729 5360 27 25842
27 2839 4010 66 48854
28 2945 3854 76 74166
29 3066 3425 72 11592
30 3120 9614 115 108123
31 3128 5038 139 184525
32 3229 12805 140 385018
33 3299 9404 15 41349
34 3319 4387 148 47199
35 3336 9773 117 341531
36 3401 4701 127 47803
37 3512 14404 92 156080
38 3711 4746 8 4605
39 3909 4502 8 2326
40 3981 4989 67 105610
41 4196 5943 25 9511
42 4316 5666 14 9754
43 4343 7066 74 59699
44 4449 10957 117 184811
45 4561 4598 26 960
46 4574 8004 14 37364
47 4581 7646 115 137281
48 4585 7042 126 112663
49 4895 8067 34 15777
50 5033 10089 11 38771
51 5136 6039 15 3457
52 5227 5543 31 1350
53 5289 7016 41 22820
54 5400 6728 39 18061
55 5401 6140 27 19086
56 5418 13974 26 36860
57 5474 18859 69 308907
58 5508 5960 102 37103
59 5515 14780 51 172028
60 5537 6571 126 53888
61 5538 7913 44 22180
62 5662 5691 14 439
63 5674 5705 10 240
64 5700 5709 68 395
65 6128 11479 39 80729
66 6143 9057 27 37112
67 6302 6467 15 2661
68 6351 7979 70 65470
69 6578 8669 29 32649
70 6701 10973 146 528757
71 6705 6767 136 9373
72 6833 7876 43 13629
73 6860 8169 115 97775
74 7140 8228 58 22556
75 7198 7610 148 36750
76 7213 21806 4 34031
77 7217 14782 40 148617
78 7531 10276 7 4586
79 7690 8293 121 60616
80 7723 8531 141 33630
81 7760 8543 107 11305
82 7761 7982 20 1304
83 7765 11554 42 61242
84 7773 14887 29 36883
85 7864 13288 121 318696
86 7919 9275 22 10863
87 7933 8055 31 2748
88 8025 9955 65 96556
89 8248 11675 13 14820
90 8378 12116 5 11498
91 8397 12145 60 141893
92 8468 11048 36 80037
93 8507 11273 35 32379
94 8561 9522 4 2584
95 8672 11201 106 55458
96 8709 18030 9 8611
97 8724 9475 80 14173
98 8786 8853 41 2904
99 8807 20093 98 512208
100 8836 10252 110 90462
101 8838 9819 102 14286
102 9044 13776 93 200313
103 9201 10062 11 2718
104 9239 13558 17 49692
105 9248 10300 92 16266
106 9382 25166 12 233023
107 9439 14553 38 75628
108 9580 9921 116 19763
109 9608 12252 131 166879
110 9694 9844 33 2152
111 9800 10364 72 19428
112 9815 16775 9 12253
113 9831 12834 48 109177
114 9919 12555 142 399776
115 10040 12261 13 9308
116 10238 11112 136 59317
117 10298 10459 31 2206
118 10386 11889 20 8128
119 10497 17889 80 124563
120 10691 14703 102 99170
121 10843 15126 22 28359
122 10969 12492 43 11251
123 10995 12757 93 28081
124 11136 12059 8 1714
125 11380 11960 48 8059
126 11381 15724 58 163030
127 11436 12264 7 2498
128 11553 12682 17 22467
129 11626 17577 40 110965
130 11772 13695 133 150398
131 11927 15268 93 115704
132 11971 17325 5 8159
133 12090 16225 48 93471
134 12108 13447 51 132199
135 12396 12487 74 2302
136 12524 13870 120 118418
137 12535 13330 125 33633
138 12543 12671 62 4046
139 12586 12954 29 2621
140 12778 15182 130 300211
141 12815 16773 15 28685
142 12858 14808 92 170470
143 12901 14563 76 106059
144 12905 17766 33 524376
145 12927 22074 53 151893
146 12935 13085 48 4972
147 12984 15431 108 38191
148 12995 13460 46 12776
149 13068 18993 55 155203
150 13089 14930 147 103278
151 13133 16180 13 20253
152 13176 15968 26 18245
153 13429 15691 87 71685
154 13538 14276 13 1632
155 13657 23174 45 254697
156 13686 16954 71 146540
157 13742 15918 27 58203
158 13792 14376 69 21526
159 13895 19761 30 342106
160 13939 17316 91 119633
161 13976 15398 61 60242
162 14005 14674 5 795
163 14141 15225 74 54824
164 14156 22225 46 313785
165 14247 25291 22 160489
166 14459 33734 98 814454
167 14500 14826 28 6915
168 14521 15575 19 4830
169 14557 14858 47 18255
170 14571 15454 66 46797
171 14603 16037 8 7705
172 14686 23978 137 1172626
173 14741 15933 6 3756
174 14759 16293 97 25768
175 14850 15057 21 4519
176 14906 23365 15 49241
177 15239 20865 4 9988
178 15352 18866 35 77770
179 15531 22483 114 269955
180 15766 16546 84 15990
181 15772 18430 38 124397
182 15796 20987 11 40374
183 15851 18751 134 353596
184 15952 16181 100 7459
185 15989 17455 18 18556
186 16126 17651 68 77391
187 16244 19798 37 42299
188 16347 17614 126 17435
189 16350 19610 13 22781
190 16420 22047 106 420071
191 16514 16607 18 1796
192 16522 17628 82 92043
193 16741 17938 101 63878
194 16825 18242 65 22120
195 16866 23227 29 116420
196 17006 21276 15 17203
197 17138 20176 22 107064
198 17202 22141 73 271387
199 17267 17335 4 208
200 17437 20618 50 112084
201 17496 29044 11 25808
202 17736 18903 64 73049
203 17741 25610 59 96173
204 17791 18351 96 10431
205 17950 23654 24 44146
206 17968 22667 25 22331
207 18048 26781 33 155166
208 18082 19021 133 182506
209 18267 22613 150 343953
210 18283 20393 83 195098
211 18295 19859 82 58215
212 18400 20353 54 22399
213 18471 18501 66 2074
214 18511 18975 30 15586
215 18535 21067 29 35094
216 18654 29309 61 455697
217 18743 19239 118 14566
218 18815 20034 35 15077
219 18977 21840 76 92550
220 19215 20080 44 14404
221 19307 24160 48 197688
222 19432 21901 5 2333
223 19566 33200 55 116560
224 19588 21631 77 53128
225 19702 20407 20 5106
226 19799 20879 71 50088
227 19962 20065 68 6018
228 20244 21897 38 13015
229 20253 21508 83 12763
230 20330 26076 29 50418
231 20340 20569 130 22801
232 20658 21629 82 25019
233 20708 21052 20 1602
234 20738 20946 114 15215
235 20759 24065 87 81978
236 20958 22620 12 10903
237 21063 28755 16 27079
238 21236 22039 69 37869
239 21331 23825 21 10238
240 21438 24384 7 13587
241 21441 30161 32 41605
242 21494 22539 12 7205
243 21627 23283 83 80531
244 21647 21799 90 20882
245 21651 24123 107 56691
246 21657 31094 6 32932
247 21715 23711 14 23365
248 21784 26673 81 88118
249 21842 23596 37 90709
250 22033 23490 42 36885
251 22089 23245 37 25647
252 22147 25511 82 54366
253 22316 32758 49 75661
254 22338 23135 11 2701
255 22411 25622 16 8897
256 22561 25395 35 46179
257 22605 25226 118 251544
258 22616 29465 36 42311
259 22783 29175 8 20320
260 22787 28858 92 200204
261 22879 28969 4 14274
262 23048 25530 12 8312
263 23093 24444 57 29680
264 23141 25891 16 21363
265 23476 25110 18 21717
266 23491 24503 37 14681
267 23698 24096 76 23663
268 23774 24126 7 623
269 23906 25606 102 68306
270 23944 24393 14 796
271 24201 25741 19 18389
272 24280 26386 19 35192
273 24305 33994 93 283936
274 24319 30540 142 449063
275 24603 28324 104 548140
276 24609 28699 137 222620
277 24735 36037 56 477612
278 24764 29001 5 7443
279 24775 24824 12 315
280 24850 24935 63 1922
281 24875 26071 129 42004
282 24960 28261 7 9554
283 25033 32358 38 48795
284 25413 26192 22 8588
285 25508 29159 130 271441
286 25605 26273 84 39167
287 25634 26463 63 29611
288 25647 32120 36 200221
289 25760 31822 67 51920
290 25797 25943 76 13729
291 25799 25809 23 268
292 25819 29377 83 152538
293 25824 26385 116 13297
294 25841 31089 7 9515
295 25887 27812 11 10552
296 25913 29437 8 10196
297 25925 28935 6 6682
298 25987 36437 22 123582
299 26035 26534 32 25630
300 26262 28815 28 23841
301 26394 29019 69 69327
302 26423 34981 41 193690
303 26438 26800 38 3368
304 26496 30329 18 20740
305 26669 40987 113 626837
306 26686 29318 13 14632
307 26951 29940 124 252759
308 27054 36291 127 1061112
309 27117 30694 72 74483
310 27192 27612 59 15647
311 27307 27542 10 1737
312 27523 27984 56 14682
313 27613 34817 5 14715
314 27701 34263 24 83496
315 27800 29885 18 36749
316 27877 31982 78 123319
317 28081 29041 21 13984
318 28151 31261 118 151769
319 28191 31117 33 81087
320 28223 29997 58 94523
321 28246 29763 21 15423
322 28350 29505 128 61413
323 28578 36691 48 183458
324 28741 37800 92 422702
325 28745 31098 11 22120
326 28799 31354 63 111713
327 28804 33273 49 101613
328 28955 29653 98 58825
329 29259 30843 144 238545
330 29367 30277 16 3356
331 29381 31110 84 217657
332 29414 32487 64 299287
333 29548 30828 81 17411
334 29676 38903 43 202951
335 29682 34123 114 288996
336 29728 32243 130 330084
337 29745 34847 62 236095
338 29794 33208 41 43143
339 29816 33148 89 112411
340 29999 37719 147 160703
341 30030 31401 50 36649
342 30137 37753 35 86217
343 30280 34619 36 34209
344 30361 30468 34 4012
345 30472 34681 21 54610
346 30576 34564 10 18847
347 30599 44242 51 892039
348 30605 31690 15 5771
349 30667 34966 122 396713
350 30787 32060 48 23773
351 31064 32274 15 3709
352 31170 34188 66 69730
353 31257 36209 53 148240
354 31345 33163 33 35354
355 31464 31751 67 2471
356 31496 32185 115 32917
357 31510 47981 82 436044
358 31639 32562 48 13324
359 31718 32791 5 2317
360 31762 32187 110 13510
361 31768 33354 70 102600
362 31882 35200 79 122146
363 31922 39832 74 172276
364 31925 42077 10 80272
365 32020 32640 99 11997
366 32034 38124 54 73221
367 32054 32801 29 10249
368 32152 36102 36 120348
369 32305 35536 12 15331
370 32377 42063 15 86467
371 32413 33051 7 1700
372 32699 38902 75 105417
373 32879 38524 56 309497
374 33005 36997 20 72455
375 33094 36216 149 320793
376 33234 35793 126 112191
377 33251 35008 135 87775
378 33538 35630 29 11454
379 33867 34596 27 21458
380 33914 36369 143 172606
381 34141 37912 54 84364
382 34324 36458 63 74384
383 34528 35218 27 12643
384 34610 37659 47 45276
385 34678 36518 56 60319
386 34696 37538 11 10669
387 34711 36183 68 57318
388 34778 35457 71 79273
389 34970 36241 122 360363
390 35101 38778 6 9811
391 35178 39821 22 25157
392 35278 43835 70 405257
393 35365 36114 18 13990
394 35381 42021 74 206326
395 35644 36186 21 9170
396 35684 38219 12 27955
397 35724 44686 141 454195
398 35738 36852 143 184312
399 35742 37956 64 51394
400 35750 35933 93 10841
401 35979 42200 107 262389
402 35998 37360 106 100063
403 35999 42420 115 218308
404 36087 36485 40 9761
405 36147 36566 66 22887
406 36229 40260 25 35635
407 36264 39301 90 121308
408 36384 45558 65 425017
409 36561 37665 143 83878
410 36836 39500 35 46324
411 36984 38717 114 119770
412 37157 54991 143 2465755
413 37167 43296 10 18689
414 37239 42652 16 36929
415 37265 41849 128 213106
416 37361 39142 35 107969
417 37446 39074 41 91412
418 37470 37909 120 27841
419 37551 37900 144 36612
420 37558 44093 41 142938
421 37756 39179 40 22848
422 37874 38055 149 9708
423 37978 41121 98 155905
424 38005 38006 45 47
425 38131 40032 50 46549
426 38412 40587 72 55890
427 38569 42513 20 25008
428 38781 40582 33 29624
429 38791 39401 28 2950
430 38811 45884 31 78360
431 38882 42448 56 97511
432 39421 41153 56 28202
433 39423 54834 79 357499
434 39472 45371 25 32904
435 39522 39841 109 22812
436 39770 44455 68 126300
437 39816 40001 6 1027
438 39876 42003 35 13197
439 40005 42353 16 8308
440 40040 40216 16 2374
441 40122 42315 82 188914
442 40193 41023 91 42089
443 40360 45179 20 18309
444 40418 42233 145 86958
445 40427 42329 40 75406
446 40526 41361 95 57456
447 40533 43005 86 33460
448 40657 42197 83 48680
449 40998 41754 86 33156
450 41417 44116 8 8520
451 41494 41795 95 20549
452 41537 42527 67 34764
453 41671 42601 55 60815
454 41673 42118 69 46464
455 41774 53105 65 467027
456 41902 44113 47 83618
457 42121 43675 12 6374
458 42131 42651 128 59127
459 42455 44645 28 10465
460 42525 42710 6 517
461 42526 45442 143 107929
462 42594 47637 27 38223
463 42755 44362 121 127787
464 42757 52512 140 842677
465 42762 45281 36 24660
466 42809 50740 113 857132
467 43125 48684 31 101113
468 43134 43949 116 51371
469 43196 43820 9 2052
470 43358 43953 10 7004
471 43366 44757 131 133705
472 43416 47627 33 36362
473 43453 49246 109 209576
474 43703 46439 26 26036
475 43722 46161 132 46566
476 43843 44352 17 3854
477 43927 45312 19 12028
478 44066 44800 25 21571
479 44144 48467 23 26572
480 44161 47359 24 46002
481 44164 46703 115 45951
482 44191 45568 131 254595
483 44437 51100 148 336711
484 44496 47900 19 47346
485 44656 61793 83 214230
486 44663 45299 100 24018
487 45211 46457 85 29566
488 45276 45944 35 7738
489 45460 46675 87 72333
490 45611 47848 68 63943
491 45623 46031 99 39635
492 45682 45903 7 498
493 45703 48497 101 356314
494 45766 52304 41 97310
495 45800 49251 92 130922
496 45953 48872 86 124338
497 45978 54330 12 33660
498 46057 49953 105 316540
499 46229 46811 18 4274
500 46321 51173 45 99730
501 46599 46857 8 1560
502 46611 47003 39 3369
503 46621 67852 92 697362
504 46740 47177 21 10246
505 46741 47805 22 4613
506 46845 51713 8 29718
507 46848 48471 93 57087
508 46951 48661 105 129544
509 46983 50642 33 45521
510 46984 48511 6 9767
511 47181 51483 17 32381
512 47233 47896 13 3621
513 47269 50174 10 8439
514 47325 51429 31 15791
515 47542 48344 27 8653
516 47710 54263 50 144673
517 47735 49916 79 92770
518 47745 48222 130 9966
519 48033 53407 76 103666
520 48077 49658 74 94962
521 48110 51799 35 15980
522 48193 49574 47 42274
523 48309 53031 38 56057
524 48464 49430 4 2274
525 48792 52066 128 194866
526 48962 52135 16 21175
527 49049 54171 38 69773
528 49236 52492 77 298014
529 49247 49740 5 3749
530 49618 49949 106 40213
531 49888 56394 131 337879
532 49894 51891 8 8730
533 49897 50410 13 2221
534 49979 55962 102 257599
535 50071 50946 116 59379
536 50090 51809 51 78543
537 50144 50918 6 703
538 50160 50173 63 356
539 50312 52736 6 4319
540 50456 52780 9 3925
541 50458 51674 9 6513
542 50564 51800 13 7276
543 50584 64828 125 563073
544 50870 56210 49 65084
545 50947 54042 101 167967
546 51365 52579 49 26872
547 51404 51513 104 4172
548 51637 52515 25 24085
549 51762 53556 77 100851
550 51771 70649 73 528780
551 51841 53185 111 61308
552 51868 54671 5 4309
553 52139 53134 147 52397
554 52147 52813 7 6170
555 52186 54540 122 93040
556 52604 59959 22 98652
557 52867 58333 30 296720
558 52900 64331 132 1104140
559 52969 55299 46 31280
560 53050 54459 90 70554
561 53127 53478 148 27632
562 53145 55175 21 12087
563 53220 62085 52 125626
564 53270 55179 146 216805
565 53437 54442 100 106186
566 53585 55515 31 13896
567 53591 58396 7 18319
568 53664 55396 6 4217
569 53708 65017 144 184597
570 53850 56678 121 252931
571 53946 57628 63 119981
572 53965 57037 70 56886
573 53974 59234 77 72031
574 54115 61626 125 174888
575 54182 56577 19 13300
576 54319 55086 39 17895
577 54372 54923 72 10918
578 54461 56082 116 78209
579 54512 55609 89 47645
580 54993 55168 147 14924
581 55077 57424 113 60420
582 55352 58379 24 11996
583 55364 57989 5 6508
584 55558 58655 31 61279
585 55617 69376 112 488635
586 55812 64495 4 16739
587 56020 56803 89 16995
588 56105 59951 19 18793
589 56109 63492 100 477323
590 56137 57885 45 36847
591 56759 58738 7 10969
592 56825 57721 106 83922
593 56875 57262 136 22122
594 57036 59096 13 12231
595 57479 60201 146 134347
596 57537 61980 77 129020
597 57645 60444 82 114392
598 57703 59663 11 9325
599 57704 58916 90 115985
600 57907 58904 134 112560
601 57929 58546 65 34764
602 57955 69310 103 832557
603 58154 61420 49 124914
604 58181 58670 8 3594
605 58315 61478 27 89336
606 58331 59787 134 133762
607 58345 59513 117 50926
608 58544 59188 57 9151
609 58616 58960 4 767
610 58650 67629 15 116003
611 58651 60253 113 39811
612 58863 59123 40 9785
613 59070 59338 126 20415
614 59115 59764 139 71931
615 59128 59253 100 10880
616 59193 65396 27 66210
617 59321 59752 88 14672
618 59340 59918 76 9852
619 59354 60290 9 2426
620 59395 59535 51 3454
621 59561 61577 99 82609
622 59629 62348 20 94531
623 59739 60911 53 24198
624 59758 62704 34 33669
625 59807 61030 91 52305
626 60288 65647 43 88632
627 60393 61293 150 25234
628 60521 60590 41 1188
629 60623 60828 72 22902
630 60629 63483 74 88545
631 60834 64775 102 220209
632 60860 60921 77 3139
633 61126 61700 142 79428
634 61133 68498 6 26563
635 61141 61363 95 10997
636 61177 69635 18 138405
637 61182 61871 13 3650
638 61230 67876 23 31481
639 61364 81521 12 46510
640 61443 61603 127 43180
641 61629 65117 139 978259
642 61727 68671 140 139134
643 61796 67944 82 108667
644 61992 62172 6 221
645 62215 64375 13 15088
646 62281 63898 120 77388
647 62343 63068 106 33241
648 62402 62418 94 1486
649 62457 65028 35 16515
650 62546 65186 19 22812
651 62786 67371 11 27870
652 63126 64555 124 38745
653 63195 66468 24 12666
654 63218 65662 91 166293
655 63253 63834 11 2051
656 63295 82453 19 305696
657 63418 65173 88 85290
658 63523 64354 118 107196
659 63532 63547 27 238
660 63742 65200 67 29010
661 63764 72332 49 199554
662 63863 64006 148 3151
663 63869 69409 108 606628
664 63928 65410 10 4392
665 63960 64036 90 2771
666 64073 64300 94 25909
667 64132 68442 33 52658
668 64212 65575 5 3728
669 64258 65120 140 55732
670 64356 67065 106 97425
671 64628 65331 140 25091
672 64717 65051 21 2627
673 64718 64885 31 2930
674 64901 65193 59 27809
675 65023 68857 71 165514
676 65078 65452 65 59289
677 65088 66941 47 11150
678 65097 69005 129 185837
679 65105 69447 23 49192
680 65389 65656 70 12221
681 65478 67865 28 40866
682 65537 73241 40 150862
683 65553 65774 144 19799
684 65582 66915 49 15191
685 65808 65895 71 3248
686 66167 68248 30 15695
687 66255 67931 61 28137
688 66311 66719 27 7610
689 66356 69207 58 39815
690 66385 70709 29 37430
691 66455 69419 124 258928
692 66665 69055 130 154623
693 66733 77271 36 181407
694 66929 73261 33 124706
695 67093 69499 35 73803
696 67143 70312 5 12510
697 67202 72736 16 22365
698 67263 69156 15 28448
699 67322 71395 107 420256
700 67410 74074 91 162424
701 67413 72197 21 66502
702 67424 68344 134 38795
703 67461 81181 145 650141
704 67665 71173 15 16141
705 68077 70887 9 3756
706 68383 72216 36 135608
707 68431 77916 116 1719058
708 68452 69324 55 24444
709 68656 79451 9 24488
710 68853 71400 15 32797
711 68884 71019 109 99112
712 68975 71584 109 75770
713 68981 70483 6 2671
714 69057 76163 86 162741
715 69101 69331 127 17184
716 69139 73094 68 129851
717 69180 69218 142 10655
718 69261 76998 88 54579
719 69387 74402 22 100670
720 69504 73352 59 32662
721 69716 71593 18 7953
722 70237 76643 25 75789
723 70268 72162 6 7685
724 70577 70581 143 385
725 70610 74325 13 26703
726 70639 75112 50 107183
727 70817 77431 34 99172
728 70869 74248 12 9269
729 71104 73304 25 15678
730 71152 73677 111 105420
731 71220 72420 19 5801
732 71436 72697 17 5312
733 71451 76308 38 140160
734 71482 75853 82 193072
735 71489 74620 144 1190226
736 71562 71643 11 352
737 71635 73694 62 49290
738 71882 75760 31 80650
739 71902 80745 33 151244
740 72005 77362 19 95526
741 72135 73332 9 2844
742 72153 74408 8 7366
743 72355 79920 34 75903
744 72404 95259 138 2620501
745 72550 73708 54 35748
746 72569 75216 113 95339
747 72707 78320 136 168195
748 72893 75166 34 13902
749 72991 73668 82 42168
750 73077 74283 5 4727
751 73097 74805 22 27428
752 73214 82208 95 608971
753 73572 83938 13 26003
754 73661 76876 149 704478
755 73882 77013 32 42435
756 73902 84574 29 78808
757 73920 85002 124 480636
758 73954 81244 21 73612
759 73977 74860 78 93880
760 74187 75716 31 93320
761 74256 78247 53 118153
762 74359 74398 26 1168
763 74604 82932 44 66986
764 74893 79201 106 143869
765 74947 75947 34 27061
766 74990 75471 25 5848
767 75102 77395 10 10402
768 75183 76286 11 5446
769 75256 80285 81 167030
770 75286 76930 31 19129
771 75300 76627 130 57153
772 75342 77977 138 224545
773 75369 78174 8 11807
774 75686 77308 82 37348
775 75718 81687 6 26360
776 75784 76524 7 1540
777 75904 79930 88 84706
778 75967 77498 134 72556
779 76287 80933 25 65462
780 76345 77380 69 29089
781 76408 81906 122 266999
782 76463 81788 20 59585
783 76608 78640 104 88408
784 76744 89879 103 624686
785 76782 79771 17 13256
786 76884 84746 72 124934
787 77042 77105 11 925
788 77061 78453 11 4155
789 77130 82659 86 209984
790 77424 79273 147 156324
791 77504 78492 72 21608
792 77573 86883 36 114528
793 77722 79889 22 10312
794 77814 92532 51 212518
795 77828 80579 18 45892
796 77953 78173 66 22452
797 78044 79263 51 23202
798 78189 78737 128 73261
799 78193 84082 100 540444
800 78194 80172 81 51671
801 78279 81450 115 472059
802 78342 79028 147 26133
803 78486 81482 124 258751
804 78702 80267 142 120170
805 78855 81452 117 174878
806 78857 79831 106 49370
807 78934 81779 12 15698
808 79026 80553 141 163325
809 79039 79431 61 18902
810 79292 79912 4 790
811 79304 85500 36 137609
812 79329 86539 95 230933
813 79351 81232 5 2298
814 79684 80384 92 41525
815 79763 84777 124 221785
816 79772 80557 41 19951
817 79871 81136 22 13144
818 79979 81997 7 15333
819 80215 80383 76 9284
820 80319 84332 7 14006
821 80414 85345 11 25590
822 80632 83432 143 352049
823 80682 84696 11 28540
824 80766 90667 139 252266
825 80884 84134 30 65504
826 80939 83412 4 2941
827 81079 84369 22 37217
828 81393 81458 16 659
829 81539 82533 104 95036
830 81549 82400 44 21514
831 81599 85452 60 77031
832 81620 86347 145 908744
833 81621 82040 83 22950
834 81665 85415 57 58004
835 81833 82204 5 597
836 81854 86405 17 21501
837 81868 83832 12 15678
838 81896 82332 94 14125
839 81947 83324 8 6212
840 82014 88052 8 29163
841 82141 82770 95 29220
842 82315 82894 49 13094
843 82411 83634 74 37685
844 82525 83675 143 171936
845 82585 85431 141 615999
846 82980 90495 140 417018
847 83187 83822 79 28673
848 83226 83939 23 8767
849 83238 84400 7 5557
850 83267 93543 8 57174
851 83275 88435 119 89520
852 83341 83922 56 15354
853 83425 83990 59 18655
854 83603 85398 51 85206
855 83625 87418 20 31928
856 83652 96221 74 254992
857 83692 88078 70 103011
858 83708 84802 10 4909
859 83721 84357 39 9849
860 83947 84986 35 10833
861 83971 86639 84 107157
862 84063 87908 93 169358
863 84152 85674 144 79685
864 84278 88429 67 87928
865 84338 84785 103 13068
866 84408 85736 38 33449
867 84461 89240 81 273849
868 84589 87245 84 105192
869 84638 94191 17 144652
870 84653 98497 17 78592
871 84658 84699 49 2669
872 84664 85599 139 107031
873 84700 89582 32 82736
874 84732 86118 12 16063
875 84780 87687 143 84935
876 84787 87937 6 7627
877 84807 86726 68 31504
878 84812 86432 35 23390
879 84866 88173 65 77119
880 84953 86644 122 68322
881 84955 87132 8 8691
882 85010 86601 52 33842
883 85225 92023 27 110408
884 85386 89684 48 68850
885 85482 85919 32 5869
886 85486 85973 30 2080
887 85521 87118 10 3147
888 85633 88145 84 75025
889 85706 86139 6 1588
890 85759 92437 10 23937
891 86047 86998 37 13475
892 86169 90489 43 199657
893 86230 89106 38 44747
894 86328 92005 29 28037
895 86632 87774 145 67809
896 86650 92255 78 88400
897 86697 88432 57 97332
898 86714 92340 65 372452
899 87236 89002 22 8295
900 87465 91267 14 26042
901 87527 92078 15 9377
902 87754 89140 68 18328
903 87757 87972 125 34030
904 87765 90561 40 33372
905 87888 89495 72 81119
906 87945 88136 108 11663
907 87955 91142 11 11805
908 87980 89607 8 11337
909 88014 89793 120 101066
910 88056 90511 122 319889
911 88198 90951 23 14092
912 88248 96076 123 689462
913 88521 96500 133 405942
914 88756 89049 6 685
915 88938 92351 20 43509
916 89063 95329 11 38146
917 89104 90466 7 4688
918 89136 90810 18 9485
919 89461 91969 8 7853
920 89552 89937 5 909
921 89562 90740 67 21174
922 89576 91784 48 15276
923 89602 90091 6 2249
924 89627 92237 143 292882
925 89815 93081 12 28244
926 89887 93651 23 50395
927 89986 90420 81 16016
928 90045 90829 116 49441
929 90090 90125 19 662
930 90106 90929 7 1941
931 90111 95498 19 52656
932 90153 90713 55 7602
933 90234 91180 34 29255
934 90254 93796 44 57220
935 90330 93922 15 16503
936 90605 93271 135 82833
937 90708 92064 29 21629
938 90751 95455 21 68686
939 90770 92129 20 15527
940 90802 91840 76 32600
941 90931 91228 104 25589
942 91386 95935 23 74010
943 91536 96561 76 338075
944 91549 91944 26 11252
945 91558 97459 16 35617
946 91654 96005 43 74309
947 92060 94324 120 163127
948 92181 96029 93 90954
949 92236 92404 103 4570
950 92273 95181 91 38608
951 92275 93779 10 16734
952 92398 94997 6 23685
953 92671 94233 34 22214
954 92740 98978 36 41475
955 92902 94430 94 45173
956 92948 93227 38 9484
957 92955 96609 37 64815
958 92958 93534 12 3482
959 92967 94051 92 45306
960 93033 93336 9 1739
961 93077 96126 35 77048
962 93161 93253 24 530
963 93302 97398 19 32683
964 93456 94004 12 5873
965 93586 98486 84 251620
966 93659 95276 36 68718
967 93667 94987 38 42092
968 93704 94298 49 6258
969 93741 95133 33 21193
970 93794 94763 50 14323
971 94060 94819 15 4720
972 94089 96953 29 42124
973 94203 99423 122 241281
974 94681 95244 10 1512
975 94718 95977 10 11623
976 94732 98020 19 18988
977 94815 95995 120 82343
978 94875 98592 89 223084
979 94908 97619 122 153740
980 95357 97997 5 9517
981 95362 99289 75 143969
982 95430 98491 25 11349
983 95468 95819 39 4587
984 95570 98133 45 80186
985 95580 96862 132 87754
986 96008 97000 38 9152
987 96212 96510 52 5329
988 96299 99808 101 58664
989 96470 97053 8 2871
990 96542 99412 117 219477
991 96565 98717 65 54280
992 96871 97610 61 21783
993 96912 97794 106 46344
994 96934 97866 19 21184
995 97090 97392 22 5079
996 97096 99582 134 135339
997 97098 97979 127 92440
998 98962 99181 14 2581
999 99022 99766 15 5445
