50 1000 0.084
..................................................
..................................................
...................................#..........#...
...................................#..........#...
................................##.##......#..#...
.................................###.......##.##..
...###..................................######....
..###....#.#..............................#..#....
..####...#####....................................
...####...#####...................................
.....#...##..###..................................
.....#.......###...............##.................
...............................###................
.................................###..............
.................................#................
.......#..........................................
.......##........................##...............
....######........................#............#..
.....####.....#.#..................##........###..
.......###..#####................####.......#.....
.......##..##..##...........###...##.......##.....
........##.#.................#....#...............
........#..###....................................
...........#......................................
.....##....#.#....................................
............##.................................#..
....###....####.........................#.....##..
....##.......####......................##.....##..
...####..####.###.....................##......##..
....##...#...........................###......#...
......................#................#..........
......................##...............#..........
.......................###........................
.....###................#.............##..........
.....#...............................##.....##....
....................................####..........
..................................#....##.........
..................................#...............
..................................##......#.......
..........##......................#.....###.......
...........#......................##......#.......
..................................#...............
........................................#.........
...............###...................####.........
..............####.....#...............##.........
............############..........#...............
............###.....#.##..........#......#........
.......................#........###...............
......................###......#####..............
................................###...............
0 27 3270 9 18700
1 111 4586 76 230572
2 204 3089 149 175225
3 217 8567 82 146436
4 375 28533 74 469839
5 424 2043 125 39270
6 488 2934 8 8778
7 627 4063 120 579099
8 822 11242 52 150998
9 858 9681 86 697760
10 897 2272 118 148471
11 1015 3385 124 78154
12 1270 5155 43 26136
13 1329 15571 28 95209
14 1362 15668 93 596476
15 1371 2948 92 40220
16 1378 6652 35 22967
17 1441 7183 4 7213
18 1551 12745 106 181922
19 1604 7036 60 163670
20 1615 4060 9 10685
21 1706 3586 145 50437
22 1803 23346 36 208957
23 1895 1976 66 3456
24 1927 4036 142 344635
25 1946 9899 147 867558
26 1949 4045 23 28369
27 1982 10307 97 229434
28 2061 4258 27 20547
29 2135 6922 24 40681
30 2144 8045 67 68662
31 2149 18050 66 175762
32 2317 3447 52 31319
33 2405 5822 129 139693
34 2415 2827 16 999
35 2437 4848 64 94493
36 2712 3344 92 24833
37 2747 8759 33 118824
38 3002 21703 13 108730
39 3049 4284 101 72837
40 3051 6706 66 91091
41 3075 6385 67 71495
42 3220 5945 38 22433
43 3232 6761 100 232807
44 3508 5267 6 5294
45 3619 4615 75 64936
46 3650 16122 139 987211
47 3666 8999 105 106242
48 3679 4110 17 3029
49 3763 7359 6 27401
50 3821 5315 38 76667
51 3938 9729 49 113755
52 4192 24385 5 28258
53 4198 4571 14 1911
54 4350 4850 8 2572
55 4380 6917 19 13950
56 4545 20485 19 117750
57 4731 8108 147 171682
58 5007 39738 20 146056
59 5303 22808 136 770511
60 5340 15494 61 246908
61 5402 10021 141 182209
62 5518 6752 44 31068
63 5602 8244 127 115122
64 5797 13713 71 130621
65 5801 12815 141 681500
66 5910 7655 46 64395
67 5931 10937 12 48475
68 5932 14230 114 471837
69 5951 10558 98 309459
70 6149 11379 5 16812
71 6237 12195 10 13423
72 6339 15000 113 371288
73 6475 17622 17 60733
74 6502 13211 87 156436
75 6549 12035 48 113873
76 6777 7636 90 78124
77 6809 16167 94 482159
78 6940 19333 20 177027
79 6989 21702 22 181128
80 7015 18136 25 143538
81 7072 17738 90 649122
82 7074 8901 28 55688
83 7131 13748 31 133855
84 7206 21321 23 265301
85 7504 7993 9 1528
86 7552 9064 129 74509
87 7557 12542 72 149484
88 7851 7928 111 6757
89 7903 14144 71 142399
90 7929 8319 10 4096
91 8068 13594 57 121372
92 8231 8751 35 8310
93 8268 12160 26 40514
94 8314 20358 43 96473
95 8362 11963 76 64065
96 8696 17328 13 26652
97 8797 16787 146 584370
98 8872 15393 72 334528
99 8902 17651 27 76785
100 8965 11484 75 94889
101 8971 23311 13 78937
102 9002 9708 7 2941
103 9037 9374 42 12179
104 9095 34137 74 889948
105 9263 12604 9 29667
106 9323 21117 45 212066
107 9473 21823 7 34631
108 9474 24758 45 85645
109 9481 16197 133 146728
110 9741 16923 26 32074
111 9858 10069 127 29162
112 10007 13889 146 297170
113 10513 18814 119 425199
114 10533 12539 146 50583
115 10625 16375 109 225412
116 10707 12984 25 17723
117 10750 17701 72 130767
118 10910 20876 48 140034
119 11036 19209 10 79353
120 11167 12198 75 71524
121 11500 12406 136 30487
122 11569 11815 12 9485
123 11631 31565 108 523754
124 11632 11823 89 8122
125 11692 12830 48 92032
126 11702 11759 14 1191
127 11838 15259 24 25978
128 12032 38573 96 2062554
129 12042 29032 18 102581
130 12488 19678 7 29434
131 12589 18881 15 14284
132 12606 22599 26 102415
133 12635 27930 27 96761
134 12645 13399 49 59987
135 13086 14028 58 14778
136 13306 21268 92 146988
137 13330 17597 31 121097
138 13345 25277 54 400729
139 13352 17029 64 52841
140 13353 20777 15 178732
141 13365 20603 102 354952
142 13439 17698 12 15828
143 13495 25427 55 129745
144 13555 13653 83 6853
145 13605 15822 93 192139
146 13606 32573 83 364535
147 13890 16164 68 99840
148 14004 17562 74 49632
149 14055 22069 121 598719
150 14299 15755 59 50423
151 14392 16018 70 92874
152 14485 19827 69 286004
153 14772 18539 41 258198
154 14778 19477 67 248705
155 14829 29815 74 424985
156 15052 29163 79 344219
157 15088 35217 11 65965
158 15188 18273 109 94716
159 15201 21807 5 10246
160 15217 15481 21 4280
161 15232 16667 106 110064
162 15256 28672 50 353070
163 15297 19957 116 161188
164 15389 16599 38 27886
165 15505 26436 69 819071
166 15515 17851 96 208770
167 15716 25221 113 174572
168 15749 15991 122 23257
169 15827 19277 99 196374
170 15996 16413 105 18407
171 16016 21796 40 57691
172 16026 16982 60 5404
173 16312 16499 46 3306
174 16317 27819 99 529955
175 16398 24366 135 774467
176 16445 25283 147 413138
177 16614 32689 12 76081
178 16647 18738 57 58144
179 16823 25471 17 37670
180 17061 29651 108 728065
181 17071 22686 59 51936
182 17120 26729 107 1513282
183 17273 17349 50 928
184 17278 18308 25 18615
185 17294 26924 77 449215
186 17397 20767 83 32863
187 17540 18980 85 97792
188 17717 24423 24 115159
189 17786 28810 45 102712
190 17802 25871 50 194517
191 17980 32983 108 925435
192 18086 20928 100 146623
193 18125 18629 21 3137
194 18161 26629 97 469420
195 18188 20341 90 75828
196 18202 20054 59 134124
197 18255 22474 104 115376
198 18455 25549 74 151837
199 18519 21033 10 10087
200 18585 22063 130 924510
201 18620 23522 110 305392
202 18943 34947 16 55573
203 18968 19089 15 873
204 19225 21481 48 54372
205 19268 41209 40 165767
206 19305 19846 141 20824
207 19472 32420 21 104973
208 19533 20375 28 4679
209 19601 22205 15 12325
210 19602 20326 17 10993
211 19655 28916 19 63056
212 19674 25159 111 583996
213 19720 23290 71 70565
214 19757 21763 73 88486
215 19888 31785 19 159825
216 19964 44826 133 1601070
217 20022 24459 54 122387
218 20405 41818 114 835659
219 20408 29667 16 111140
220 20453 26866 107 282719
221 20503 31334 148 557367
222 20936 38250 7 304094
223 21081 30697 121 298608
224 21085 32882 28 96118
225 21196 41353 11 36837
226 21220 27872 20 31960
227 21526 34293 138 571112
228 21695 22889 32 17978
229 21720 31138 95 198707
230 21864 22033 143 13072
231 22337 33992 17 77220
232 22396 31481 84 250994
233 22500 28228 37 51353
234 22680 30190 90 887640
235 22718 27907 76 119367
236 22727 43284 80 739111
237 22741 26834 71 194400
238 22850 24180 15 11565
239 22979 23232 28 6404
240 23307 26570 56 36766
241 23330 32129 128 216284
242 23437 25164 106 62425
243 23462 37307 15 34973
244 23608 28763 19 74544
245 23741 29232 44 176743
246 23783 69553 136 2459806
247 23789 31028 21 75160
248 23958 24540 17 2589
249 24040 39603 47 257649
250 24050 27981 99 233127
251 24233 27614 32 30477
252 24236 24392 78 6859
253 24265 25569 82 38539
254 24373 28736 40 38853
255 24645 33430 149 574616
256 24665 27317 34 47747
257 24666 29902 53 111687
258 24696 26637 82 65695
259 24707 26683 45 22941
260 24805 25532 11 2857
261 24829 35789 20 152778
262 25543 32473 82 121929
263 25644 29606 135 151524
264 25977 36325 16 103136
265 26068 38602 16 67059
266 26389 29021 57 58290
267 26427 29672 51 59667
268 26551 38173 41 102670
269 26569 28305 29 22294
270 26828 27431 89 37922
271 26854 32055 107 339178
272 26900 28309 18 14198
273 26922 42797 36 69853
274 27063 37604 35 130390
275 27071 27331 56 8779
276 27328 38764 59 564968
277 27446 33860 51 103515
278 27447 46257 23 216854
279 27594 41327 98 519589
280 27695 40703 11 93614
281 27715 30379 85 80962
282 27717 28727 113 65148
283 27801 44693 10 87593
284 27856 28307 83 10324
285 27882 30703 145 88315
286 27884 29376 139 122628
287 28077 60425 129 2456028
288 28154 30535 4 2496
289 28200 44443 22 148418
290 28336 32407 112 194751
291 28344 39239 47 204252
292 28516 39841 105 809105
293 28528 29506 52 32525
294 28557 33597 132 575342
295 28584 43527 95 339028
296 28711 47812 35 403080
297 28836 36089 54 66443
298 28885 32294 23 67651
299 29096 39185 94 588025
300 29154 42180 49 578320
301 29182 35635 47 89990
302 29202 34388 36 32606
303 29252 29864 21 8168
304 29609 35099 102 325226
305 29804 29830 70 1266
306 29821 53747 35 560191
307 29998 43604 116 424627
308 30082 34627 69 77447
309 30127 36822 74 233209
310 30248 37884 27 63266
311 30276 35242 10 12266
312 30380 35247 11 15040
313 30418 33932 6 10160
314 30530 43536 132 432331
315 30573 36014 37 117499
316 30669 40587 6 21289
317 30762 34345 63 119686
318 30813 34370 127 271490
319 30826 34076 27 42696
320 30848 36373 28 25487
321 30851 43682 15 127340
322 30881 54883 134 1054405
323 30895 33633 9 7235
324 30896 46406 20 112041
325 30978 38724 14 67986
326 31003 40551 30 44823
327 31043 35209 103 157423
328 31079 51220 129 301043
329 31130 33807 5 5338
330 31161 35502 85 348236
331 31188 64014 9 88741
332 31198 44936 45 246249
333 31338 35171 143 101261
334 31392 34725 65 113642
335 31505 38208 53 380767
336 31523 36042 96 323365
337 31529 43482 123 463819
338 31567 33699 96 112244
339 31606 34637 51 79382
340 31652 38298 62 153424
341 31806 42056 26 140822
342 32175 48468 51 206242
343 32233 43348 6 19368
344 32432 34910 61 170898
345 32453 34490 74 21748
346 32661 34292 68 28339
347 32691 32752 34 1307
348 32708 51484 112 1171123
349 32733 33212 88 35741
350 32868 34507 26 25245
351 33180 44838 34 224890
352 33292 38324 57 191400
353 33325 42589 5 35067
354 33566 33696 105 6784
355 33656 41693 125 256615
356 33832 33989 38 3612
357 33940 36360 6 5801
358 33995 37425 132 199443
359 34255 45962 95 742767
360 34303 37956 52 74868
361 34368 37921 54 90993
362 34454 34500 31 581
363 34556 39825 26 103448
364 34742 41771 10 21861
365 35016 64606 135 2086826
366 35039 38579 10 17137
367 35094 42122 8 17383
368 35108 42543 7 23240
369 35326 38265 122 111019
370 35327 37619 135 215480
371 35360 36642 4 2696
372 35432 57066 74 847147
373 35519 42890 24 132893
374 35904 45248 73 480203
375 36005 57446 5 54287
376 36044 38253 106 98638
377 36105 39954 12 21386
378 36263 42421 112 118210
379 36338 37390 10 4369
380 36340 37649 49 8126
381 36412 39932 64 121791
382 36491 37149 39 15659
383 36563 44073 16 65802
384 36583 67935 10 89446
385 36631 74528 74 1526384
386 36853 46697 13 52534
387 36865 44686 47 80229
388 36876 37561 105 35048
389 36924 42799 45 58716
390 36991 46060 19 93486
391 37002 40352 34 11922
392 37198 62809 90 772227
393 37290 48389 23 46703
394 37625 42876 25 169165
395 37669 52387 55 382783
396 37720 49868 30 105352
397 37780 38929 8 1287
398 37931 42452 7 7656
399 37938 48376 33 165788
400 37966 40511 124 184528
401 38042 40719 6 9139
402 38077 38922 6 4357
403 38083 47489 12 19766
404 38148 54599 10 22592
405 38160 50692 6 8495
406 38280 39379 79 31333
407 38384 38719 120 29104
408 38386 41685 12 37355
409 38439 40435 46 39993
410 38559 43096 16 53206
411 38682 42113 132 263850
412 38722 46799 53 132104
413 38835 38988 86 6475
414 39013 51199 82 193317
415 39021 50454 10 33664
416 39174 58556 116 2132045
417 39441 43542 23 62614
418 39458 60074 96 929660
419 39546 39830 26 3651
420 39587 48902 114 346140
421 39748 49647 4 25482
422 39905 44787 32 59478
423 39985 40396 78 32572
424 40062 41344 43 118095
425 40134 47960 10 44627
426 40288 41702 21 39116
427 40298 49766 63 437050
428 40312 57098 121 356492
429 40399 42059 65 37160
430 40407 45245 139 336672
431 40452 41497 16 6789
432 40468 45095 121 285291
433 40501 42286 20 20547
434 40591 41158 9 2329
435 40620 54134 64 116164
436 40622 48492 11 17226
437 40627 42852 99 98251
438 40688 44411 125 293513
439 40731 51510 4 28260
440 40759 46971 45 124977
441 40942 47552 25 72590
442 41007 42789 28 43111
443 41121 52907 65 810097
444 41151 45408 44 52670
445 41211 49531 69 95541
446 41214 42553 63 77981
447 41352 45051 149 441513
448 41395 49032 82 169695
449 41400 45965 16 22442
450 41451 45963 33 55544
451 41474 43978 37 31530
452 41731 56213 11 147807
453 41749 46638 52 95591
454 41758 42312 60 23419
455 42016 50923 52 141428
456 42391 47495 28 57317
457 42405 59591 21 117450
458 42455 44177 43 29634
459 42645 47479 21 39725
460 42671 48994 91 129160
461 42688 45640 63 45383
462 42717 53804 74 1265715
463 42821 43404 74 14151
464 43026 43678 49 30082
465 43074 47456 43 174300
466 43166 56037 8 48614
467 43183 52717 11 82759
468 43421 44313 120 34469
469 43690 46841 10 15042
470 43711 44888 76 24842
471 43743 52721 55 292971
472 43747 50799 57 463086
473 43783 49578 41 94471
474 43808 49305 9 30325
475 43820 51268 57 96635
476 43916 45062 48 43151
477 44192 62510 75 649558
478 44321 46931 86 156664
479 44409 64681 12 130948
480 44600 49910 82 287889
481 44607 49942 53 100721
482 44778 75836 37 325158
483 44879 51322 42 66915
484 44938 47735 8 15913
485 44939 52043 4 17277
486 44976 53437 5 23154
487 45031 45986 12 10981
488 45106 48209 39 58666
489 45128 47589 147 313587
490 45144 51213 26 55717
491 45410 48063 91 48783
492 45687 48760 70 228429
493 45710 47117 107 37932
494 45776 46657 43 10239
495 45792 55120 38 63503
496 45833 48836 8 7407
497 45848 47498 135 146938
498 45882 57828 133 588990
499 45929 46240 55 18291
500 46094 50763 68 416075
501 46107 59432 25 121104
502 46137 64022 57 260319
503 46408 46960 118 20641
504 46520 49159 93 202967
505 46560 62017 44 417586
506 46625 48108 47 25186
507 46630 48996 8 8307
508 46817 50633 54 63056
509 47375 53911 79 86957
510 47431 48694 114 158677
511 47554 55664 99 216152
512 47987 65460 59 726241
513 48085 49267 15 12317
514 48101 67831 10 61961
515 48130 49613 107 54897
516 48184 60134 72 363156
517 48583 81376 88 933972
518 48602 49455 56 14429
519 48827 55478 100 458267
520 49029 63094 39 106399
521 49031 50606 5 3423
522 49036 59134 19 102482
523 49045 54328 89 166481
524 49091 53500 21 33368
525 49161 51336 10 16129
526 49533 62392 36 235598
527 49609 57079 39 157831
528 49649 51807 7 8690
529 49802 54781 49 110970
530 49822 59839 87 1559646
531 49979 59531 60 232444
532 50217 52038 71 98585
533 50239 50926 23 3429
534 50417 57509 60 170275
535 50530 51643 35 23539
536 50875 61123 21 105412
537 51005 51083 27 1142
538 51072 55169 6 8166
539 51274 54610 16 12849
540 51306 60152 58 136588
541 51323 52790 30 13604
542 51330 52222 8 6331
543 51421 55389 53 76448
544 51494 60269 10 55481
545 51576 57775 77 78017
546 51579 54495 79 117415
547 51645 54106 121 99996
548 51723 53701 69 35448
549 51774 61785 27 160638
550 51982 63670 61 215330
551 52158 64944 21 245892
552 52204 52828 74 40005
553 52213 57057 66 93702
554 52239 59145 60 420511
555 52242 56029 89 32236
556 52463 56977 14 79363
557 52612 52806 46 3565
558 52676 57215 108 483966
559 52730 55168 90 122506
560 52868 53520 113 77460
561 52937 58588 6 10778
562 52948 52980 13 406
563 52985 59251 73 128386
564 53043 55327 82 115531
565 53109 55294 46 23687
566 53298 56025 25 38046
567 53322 54642 105 43761
568 53483 54937 36 15237
569 53573 53873 142 27822
570 53582 60505 60 264912
571 53608 60633 12 37192
572 53625 56325 11 10632
573 53732 57669 128 186952
574 53770 58146 41 75444
575 53914 60013 17 98199
576 53984 57698 10 18285
577 54014 55447 37 18757
578 54054 72934 60 549445
579 54085 56811 144 211434
580 54091 64777 86 438325
581 54138 54592 28 6671
582 54157 56577 101 104119
583 54167 62491 14 111413
584 54371 71282 110 1270408
585 54464 69242 148 1712385
586 54466 54747 31 1410
587 54504 58102 59 181307
588 54613 66881 11 127295
589 54785 91120 39 355977
590 55119 82471 7 59683
591 55149 64863 105 537420
592 55192 57633 102 382766
593 55310 62432 41 131664
594 55312 63266 37 46655
595 55370 58276 32 45412
596 55401 57732 97 137331
597 55624 66921 32 172078
598 55743 56982 45 30937
599 55858 57736 123 93852
600 56036 63374 38 263554
601 56100 71632 33 177788
602 56132 56558 46 14038
603 56257 60604 33 243051
604 56375 61525 42 200091
605 56379 65449 51 137131
606 56417 76229 134 4057365
607 56538 65013 63 124478
608 56539 68689 60 516759
609 56566 71146 69 467586
610 56899 73709 6 37113
611 56916 64510 86 276939
612 56970 60036 38 60997
613 56987 65812 140 531736
614 57143 57598 48 18885
615 57151 62203 15 18637
616 57192 58832 10 5390
617 57272 70116 34 309179
618 57369 59884 80 66143
619 57452 59845 72 94188
620 57478 59572 63 40716
621 57491 59506 32 23309
622 57527 67703 62 236447
623 57621 63853 11 57546
624 57760 63000 54 101673
625 57973 65222 39 141273
626 58074 63506 22 42828
627 58076 70095 92 1114336
628 58100 66769 65 240814
629 58211 61563 5 18212
630 58212 75104 8 52457
631 58238 61128 10 5312
632 58305 64412 47 129790
633 58351 70433 15 67854
634 58363 63397 82 335698
635 58427 59107 115 35009
636 58437 61309 85 230504
637 58521 66375 28 69412
638 58562 59673 60 28784
639 58632 64494 78 319215
640 58654 72922 13 80017
641 58766 69105 82 396184
642 59187 64693 44 141298
643 59286 73602 8 67213
644 59289 68356 102 324451
645 59345 59871 18 5913
646 59378 60877 142 49823
647 59383 62478 112 96936
648 59438 61623 135 192014
649 59550 63766 78 125107
650 59723 62545 128 246174
651 59730 60541 34 5630
652 59759 65054 34 73726
653 59763 64184 103 115164
654 59883 70529 15 49975
655 59995 81108 22 175857
656 60041 83167 36 624195
657 60046 73688 20 98146
658 60337 61495 11 2533
659 60348 71498 84 745895
660 60663 64674 10 5812
661 60668 86484 91 1286300
662 60726 75748 18 151304
663 60741 69338 114 452590
664 60870 64195 36 21880
665 61040 66743 146 507908
666 61155 72994 109 1245775
667 61158 70457 102 169091
668 61186 65506 107 140136
669 61287 69631 76 402465
670 61292 68248 43 96925
671 61326 61482 108 5619
672 61524 67679 135 312536
673 61594 62391 69 48734
674 61630 62422 25 18526
675 61846 62387 5 1204
676 61902 66896 41 143999
677 61908 62926 54 61452
678 61926 66572 128 233535
679 61973 62157 5 480
680 62016 63488 113 54081
681 62189 67295 23 93955
682 62201 68524 21 48009
683 62329 69788 41 106604
684 62385 63523 25 10718
685 62500 77360 123 432497
686 62793 69753 86 384113
687 62826 67307 85 53488
688 62900 73737 15 44992
689 62920 63824 12 8161
690 62950 71882 117 601085
691 63129 69976 142 652218
692 63190 75989 88 399828
693 63265 66379 56 195183
694 63268 66960 84 110165
695 63419 93521 63 864959
696 63476 69479 18 45375
697 63540 67981 58 187482
698 63860 67341 132 310519
699 64005 64659 140 22305
700 64072 68900 102 73349
701 64179 66331 48 17562
702 64236 67288 11 17885
703 64242 69467 136 407689
704 64333 67870 111 195430
705 64542 68247 41 62118
706 64610 66536 5 2824
707 64740 99756 65 740905
708 64956 68288 38 34659
709 64996 75371 87 201312
710 65070 66139 142 47466
711 65088 67947 15 36333
712 65172 65339 65 7406
713 65231 71193 99 197235
714 65334 75447 22 36707
715 65450 72995 82 167480
716 65452 65947 8 636
717 65603 68064 42 71226
718 65611 66868 5 3816
719 65662 74446 52 228746
720 65773 67373 109 216771
721 65937 67263 90 14474
722 66159 67093 7 6517
723 66213 73694 56 105011
724 66374 71429 92 44929
725 66788 88315 63 407330
726 66870 69920 141 278568
727 66916 83716 100 360260
728 66955 70013 6 18162
729 67039 77375 16 58392
730 67082 89270 131 1102830
731 67159 74313 103 287249
732 67201 69107 123 51266
733 67348 74811 6 16308
734 67358 71612 22 34230
735 67417 70479 32 122372
736 67461 73381 142 249881
737 67595 69844 6 6911
738 67704 72964 22 42393
739 67789 73749 101 182733
740 67967 73463 47 101573
741 68050 68439 12 1777
742 68264 79570 13 40625
743 68473 77745 6 47015
744 68498 70453 25 13781
745 68558 82771 29 394582
746 68588 74505 110 306454
747 68651 94406 38 715958
748 68657 68948 4 227
749 68747 69328 123 31706
750 68794 74545 22 77747
751 68899 71473 19 27292
752 69056 70813 23 23991
753 69096 72231 45 39654
754 69301 80301 46 128164
755 69354 70416 32 40735
756 69360 78095 122 674315
757 69364 77652 34 151333
758 69366 78251 120 628400
759 69481 74024 40 62377
760 69573 83808 88 528708
761 69599 72297 81 80802
762 69601 77385 5 10478
763 69726 73584 68 305386
764 69780 74001 35 129269
765 69840 74208 32 30595
766 69853 70975 7 2953
767 69924 84094 78 199299
768 70026 76106 16 41991
769 70031 80082 115 245955
770 70146 76209 135 215979
771 70160 74718 68 88450
772 70201 74831 145 119036
773 70208 78064 23 78479
774 70282 90022 65 2104637
775 70389 72674 106 141528
776 70708 79055 138 201683
777 70851 73317 46 93704
778 71334 83217 120 550555
779 71655 72655 48 35932
780 71713 78630 14 39861
781 71720 71887 107 4966
782 71957 73273 74 81593
783 72000 86267 137 479908
784 72363 95631 46 1314050
785 72485 79133 9 41811
786 72558 73803 21 6798
787 72647 73473 20 9275
788 72925 79580 15 34988
789 72996 77183 64 123512
790 73018 75204 34 23014
791 73214 80507 79 394318
792 73251 77022 14 27414
793 73278 85847 27 159153
794 73501 82181 140 227641
795 73591 78542 55 96210
796 73614 74220 95 34462
797 73751 77423 68 76720
798 73769 79044 5 18204
799 73772 80985 47 92726
800 73832 81438 52 199573
801 73915 80758 69 271375
802 73974 78373 11 22944
803 73987 78552 48 124335
804 74066 75372 14 13177
805 74276 82815 10 58439
806 74306 89719 65 268439
807 74461 88512 147 551317
808 74462 83000 12 14600
809 74564 80262 61 53072
810 74591 77672 10 16187
811 74737 84096 8 41779
812 74760 77433 125 432453
813 74819 85231 50 280381
814 74915 75159 8 1212
815 75137 76222 150 75231
816 75231 76630 7 4932
817 75237 76143 78 12892
818 75260 75263 124 477
819 75322 75663 90 7176
820 75380 78972 18 54150
821 75503 82291 46 107042
822 75520 77743 28 23442
823 75559 83586 5 46200
824 75890 77328 100 62378
825 76090 76611 50 5215
826 76167 84558 27 108286
827 76296 86868 36 164166
828 76515 78892 106 93416
829 76583 89686 26 99414
830 76707 77518 70 39334
831 76852 80901 143 595335
832 77057 78488 55 34905
833 77131 78255 63 32379
834 77241 81939 126 131457
835 77440 78358 32 23881
836 77617 91301 15 84487
837 77786 87192 64 114096
838 77796 87748 51 319485
839 77812 79119 39 28422
840 77814 92039 71 218218
841 78217 89844 70 364805
842 78301 81537 17 17962
843 78379 93152 143 1551577
844 78437 88061 53 115406
845 78719 81913 7 5214
846 78847 84626 116 159750
847 78986 96160 55 138140
848 79146 85588 95 1457159
849 79215 83968 25 33474
850 79318 80042 132 68337
851 79522 81296 34 40509
852 79597 93379 14 329650
853 79604 81504 112 252531
854 79706 82618 78 117614
855 79838 89694 45 174492
856 79890 80546 20 2931
857 79908 79992 102 3951
858 79964 87923 146 347359
859 80484 97759 78 359797
860 80689 80884 31 2617
861 80737 81429 26 9966
862 80806 81056 11 1209
863 80999 93835 19 104856
864 81043 84233 48 32508
865 81175 86351 28 79636
866 81228 83607 25 25333
867 81492 84461 86 109889
868 81578 90468 20 64729
869 81651 82169 62 21525
870 81775 86558 80 189373
871 81809 86508 28 80278
872 81882 90145 116 623635
873 81898 85758 123 187706
874 82011 82168 99 14496
875 82031 82630 8 2126
876 82212 96722 88 299941
877 82230 91396 90 197888
878 82251 84668 135 107537
879 82277 89937 95 405357
880 82345 94744 29 84676
881 82449 94558 75 160925
882 82453 89449 17 82644
883 82497 96678 13 38335
884 82505 88734 18 60035
885 82723 98939 143 1093273
886 82732 91074 40 188898
887 82768 85080 46 66571
888 83034 99663 148 793275
889 83065 90136 5 20113
890 83146 92207 31 61434
891 83147 83320 126 13235
892 83411 87387 125 74992
893 83567 86409 69 354625
894 83786 99837 54 376259
895 83861 84729 68 24690
896 83934 90847 55 167377
897 84042 93786 126 206224
898 84149 87758 113 335209
899 84171 88321 20 18890
900 84199 86539 101 91705
901 84316 86676 19 12656
902 84499 92371 54 186021
903 84605 92596 11 44526
904 84616 85358 131 36564
905 84628 91917 145 286466
906 84658 85466 112 43452
907 84801 86227 90 28668
908 84835 88764 139 205823
909 84910 86957 128 115220
910 85112 85929 89 62244
911 85235 95211 135 615370
912 85345 87952 62 21498
913 85465 97489 17 74709
914 85538 88911 97 492502
915 85625 87061 118 63444
916 85626 91065 14 25047
917 85705 89726 9 27217
918 85800 99299 12 38362
919 85919 86974 137 58789
920 86021 88492 29 61701
921 86511 87339 98 92566
922 86561 88279 72 102809
923 86791 91997 77 185824
924 86808 93015 75 141564
925 86896 93372 31 75864
926 87041 90105 139 246811
927 87343 93454 30 69581
928 87357 91455 9 23741
929 87388 95415 58 296232
930 87424 87858 114 17332
931 87483 90318 29 56188
932 87589 95034 6 14750
933 87766 92601 140 357416
934 88000 89987 127 147366
935 88109 88152 21 776
936 88253 90119 22 7276
937 88569 97157 38 212270
938 88812 96559 64 308998
939 89209 96929 84 510157
940 89310 89513 23 4466
941 89466 91330 36 56717
942 89553 95996 125 423325
943 89599 93673 86 411582
944 89988 97049 120 89267
945 90455 97823 33 85268
946 90484 92259 23 3649
947 90703 92616 18 10320
948 90843 94305 65 66360
949 90890 96074 100 159633
950 90996 96379 134 679882
951 91072 93866 34 76204
952 91196 94983 109 388600
953 91320 91913 42 10514
954 91500 97424 121 166870
955 91525 92384 75 91759
956 91790 98156 54 85382
957 91883 94608 58 172886
958 92010 93244 117 31212
959 92062 95297 6 5502
960 92072 92921 118 35475
961 92374 94166 106 78561
962 92733 94238 25 41163
963 92785 94059 7 3043
964 92815 96133 102 176222
965 92900 96668 41 39854
966 92902 95411 9 6237
967 93180 95464 6 9702
968 93211 94084 37 15635
969 93275 96226 62 30508
970 93333 96965 93 118251
971 93505 95048 121 117491
972 93586 95976 16 10649
973 93602 98384 11 10955
974 93815 95277 14 6204
975 93879 94431 20 2881
976 93960 99820 127 319246
977 94010 95823 7 5213
978 94271 96604 147 145160
979 94410 98289 36 49486
980 94441 94917 21 3563
981 94764 94999 142 12890
982 94942 97627 58 76312
983 95021 96516 72 64623
984 95165 97415 114 98869
985 95168 95271 5 370
986 95245 98758 144 294904
987 96281 97728 12 23980
988 96440 96944 136 24326
989 96511 97309 94 35539
990 96596 97407 54 29314
991 96753 98623 130 69236
992 96776 99787 87 178865
993 97037 97486 32 10738
994 97468 99708 121 100390
995 97693 99275 128 305561
996 98148 98635 29 13192
997 98296 99714 31 19591
998 98454 99387 31 15218
999 98464 98538 32 1884
