50 1000 0.054
..................................................
..................................................
..................................................
..................................................
..................................................
..................................................
..................................................
..................................................
.............................#....................
...........................#.#....................
...........................###....................
............................###................#..
............................#.................###.
...........................###.............###.##.
.....................##....###..............#####.
...................####.##...................#####
..................#######.##..................####
..................##.#.....##..................#.#
........................####...............##..##.
.......................##.##...##.#........##.....
.....................########..##.##......###.....
......................####...########......#......
.......................############........#......
........................#.###########......#......
........................#.####..##................
............................#....#................
...#..............................................
#.###.............................................
#####.............................................
######............................................
#####................##...........................
#.#...............#..#............................
.####.............####............................
.#######.........######...........................
..##.#...........##.##............................
...#............#######...........................
...............###.####...........................
................#.................................
....#...........#.................................
...##.............................................
..###.............................................
.###.##...........................................
.#####............................................
####..#...........................................
#######...........................................
.##.##............................................
...###............................................
....#.....#.#.....................................
...##...#.####....................................
........######....................................
0 117 9689 114 535106
1 163 5186 12 25976
2 176 609 7 388
3 318 4681 26 172026
4 320 2766 57 89301
5 578 7289 14 34452
6 764 7566 130 162181
7 999 5023 27 20217
8 1187 5277 19 16142
9 1576 17595 128 874943
10 1716 4217 35 65220
11 2158 11343 48 231185
12 2214 36031 27 254380
13 2412 18932 18 40754
14 2486 21719 81 459724
15 2498 10430 61 267329
16 2571 6566 70 84668
17 2652 20991 126 597572
18 2666 24493 70 382073
19 2788 19277 120 506127
20 2886 5899 118 58751
21 3011 5977 99 117309
22 3118 6192 30 24676
23 3148 17014 5 29322
24 3220 22270 8 70478
25 3303 9908 117 495833
26 3361 5981 25 10797
27 3397 14798 119 696662
28 3426 6551 77 92603
29 3471 4944 7 1453
30 3688 9054 73 315969
31 3776 8930 45 81794
32 3839 23845 33 313632
33 3840 4820 93 38990
34 3865 14366 105 295663
35 3874 10463 103 103847
36 3904 4023 29 4138
37 3947 20284 71 226739
38 4171 5532 81 41939
39 4195 12949 90 114596
40 4213 11433 24 225405
41 4260 6975 16 14632
42 4276 13303 112 204631
43 4323 10108 22 72308
44 4357 9343 11 13302
45 4398 4520 63 8178
46 4421 16545 9 57775
47 4493 7212 25 48726
48 4504 4708 27 2105
49 4542 5752 122 34777
50 4762 8653 29 128252
51 4842 12880 7 6783
52 4877 10705 53 169678
53 5013 10505 140 162381
54 5071 11856 21 53683
55 5089 6136 7 1677
56 5185 7210 8 4294
57 5211 9507 15 10411
58 5214 11120 34 125290
59 5216 11448 34 47469
60 5477 33333 146 1314703
61 5547 16245 103 433722
62 5644 12199 66 78513
63 5708 10674 76 240378
64 5751 8413 132 149844
65 5823 20319 136 1156333
66 5836 7614 29 17616
67 6034 7804 44 34750
68 6344 10913 107 239778
69 6462 9083 137 226705
70 6509 12625 49 233321
71 6622 12781 20 77703
72 6628 8612 25 15889
73 6679 16316 6 31826
74 6927 20809 25 250755
75 7022 14203 51 133347
76 7025 13049 10 41876
77 7247 12467 104 149277
78 7265 9666 86 53845
79 7293 8438 21 16756
80 7338 11128 23 24481
81 7514 15590 14 68350
82 7521 11021 17 43536
83 7564 15203 7 23300
84 7569 9591 130 184014
85 7703 12004 131 170908
86 7715 33054 100 1102588
87 7755 8429 25 16104
88 7854 17954 92 279573
89 8050 14278 123 657542
90 8215 12164 11 14074
91 8274 22716 67 314968
92 8356 18473 117 370887
93 8374 21444 32 80339
94 8383 9878 7 12292
95 8471 19326 150 1167895
96 8694 12012 56 82330
97 8749 38190 6 36424
98 8803 11061 83 233761
99 8862 14982 124 282165
100 9182 33137 17 102325
101 9398 10885 128 104793
102 9405 18250 63 396081
103 9430 18021 130 410117
104 9485 10625 47 38697
105 9653 9993 107 21100
106 9703 10867 130 176497
107 9736 15349 41 159809
108 9750 24988 136 2143039
109 9765 10966 45 49872
110 9807 11541 19 14006
111 9893 13839 64 97760
112 9912 52826 5 81102
113 9937 13313 27 10982
114 10255 12510 10 7677
115 10296 11527 16 7298
116 10362 15116 5 10234
117 10552 11020 97 20786
118 10934 34880 16 191395
119 10968 11996 14 7437
120 10987 12908 115 88061
121 10998 12533 130 77828
122 11039 16194 66 85440
123 11045 11198 118 13539
124 11081 11838 86 41551
125 11097 31235 6 62892
126 11103 12867 26 18264
127 11109 15082 59 181147
128 11270 17021 117 157360
129 11401 27939 7 228996
130 11419 19285 13 51069
131 11561 27645 38 207835
132 11566 24779 102 413899
133 11577 16274 121 809428
134 11806 14524 91 83628
135 11826 17513 48 198480
136 11919 21528 75 208484
137 11932 25767 26 67532
138 11934 12401 91 25779
139 12062 66258 59 862336
140 12140 15919 40 223012
141 12378 18951 117 257940
142 12433 22778 51 77166
143 12460 26711 128 934861
144 12483 22552 37 99572
145 12559 17485 87 225655
146 12628 29051 70 353789
147 12958 19466 83 239005
148 13085 56433 7 303822
149 13254 17169 71 79064
150 13480 19886 104 132992
151 13593 27239 135 1803309
152 13650 13912 41 6612
153 13730 38459 83 1555347
154 13828 24755 99 228776
155 14034 16960 37 30907
156 14072 18865 139 135773
157 14115 14706 91 34417
158 14208 18136 139 55912
159 14234 14336 41 3990
160 14241 18635 12 18806
161 14255 16893 82 121702
162 14319 24418 11 44899
163 14342 57342 109 1652606
164 14444 15809 6 3818
165 14460 35424 7 60202
166 14493 21748 20 39668
167 14544 15531 37 12635
168 14639 18259 7 6526
169 14852 27526 52 508594
170 14960 26740 53 267818
171 15261 23514 127 949138
172 15281 20117 131 247577
173 15348 19161 90 134174
174 15688 21128 17 21259
175 15704 17309 54 44910
176 15925 18766 8 11113
177 15978 18629 78 33010
178 16052 17273 25 27388
179 16135 21807 20 51600
180 16155 20300 13 24845
181 16226 16538 37 5470
182 16323 20698 4 3304
183 16461 17745 23 18329
184 16537 23969 47 575650
185 16768 20177 106 196749
186 16895 26391 81 896208
187 16951 30531 39 258256
188 17063 22963 26 26542
189 17231 18822 11 14118
190 17452 19007 22 13187
191 17586 21575 65 99754
192 17626 19253 5 3167
193 17828 18613 93 66511
194 17912 26844 7 72278
195 17937 32812 80 258547
196 18108 19930 74 61286
197 18251 19839 30 5669
198 18310 24959 133 176898
199 18432 20306 61 58998
200 18476 34877 133 1374199
201 18571 18604 98 4216
202 18649 34992 33 421699
203 18713 36020 120 446008
204 18717 19788 59 45165
205 18719 25290 99 176525
206 18735 22093 12 19705
207 18770 18914 149 10349
208 19017 19557 81 15242
209 19078 26679 29 162757
210 19132 20114 114 122204
211 19136 35304 13 58681
212 19138 28754 125 545290
213 19477 23182 103 388209
214 19484 27011 33 69121
215 19510 23440 38 55704
216 19566 22339 90 95392
217 19645 28264 43 74495
218 19734 36149 16 83793
219 19876 26624 7 15369
220 19879 23695 7 26979
221 19933 20090 53 26574
222 20121 26274 118 395378
223 20207 25621 132 615274
224 20212 34061 94 1009494
225 20258 31936 61 339874
226 20312 23227 63 106975
227 20328 25388 10 24281
228 20402 29104 60 391026
229 20408 22588 133 173457
230 20883 25690 63 231762
231 20924 28599 5 11773
232 21112 26982 5 17788
233 21131 51915 108 1523988
234 21198 21705 28 15471
235 21279 37905 10 102275
236 21517 26757 40 106535
237 21574 26567 61 263295
238 21634 22658 19 19349
239 21696 34733 124 582296
240 21924 23764 31 30610
241 21971 28610 149 539130
242 21972 33875 7 35037
243 22171 22489 96 25252
244 22269 24580 122 57848
245 22333 25366 61 27291
246 22434 25561 45 104436
247 22612 24066 96 152289
248 22621 30046 25 52674
249 22651 30500 27 161688
250 22737 37208 109 1013603
251 22747 29463 143 430093
252 22942 30107 7 15741
253 22971 23406 63 5416
254 23066 24069 31 2428
255 23332 30579 30 66589
256 23455 25521 19 17943
257 23550 28016 9 12316
258 23716 24771 36 21288
259 23737 26804 10 18800
260 23758 31092 78 224517
261 23782 33481 94 286740
262 23895 28079 5 7866
263 23899 25667 100 38096
264 23932 36981 23 216904
265 23984 39184 45 327852
266 24082 27079 39 51650
267 24139 42895 23 153876
268 24140 35461 53 343231
269 24364 30295 78 285711
270 24533 35217 109 517742
271 24557 25902 72 48689
272 24576 34521 69 377555
273 24639 37910 10 208471
274 24767 32493 32 119860
275 25098 30801 10 15421
276 25140 34616 8 24833
277 25189 45330 82 602370
278 25410 25798 42 9766
279 25570 37450 125 1200103
280 25991 31845 24 28646
281 26018 28699 21 28412
282 26029 42976 10 29583
283 26095 26834 22 5833
284 26106 32941 17 48565
285 26153 34632 15 60462
286 26181 30047 7 13034
287 26337 28318 15 25526
288 26588 30901 31 45195
289 26652 34447 47 131210
290 26693 30475 96 220223
291 26822 29146 39 45624
292 26921 29429 5 5405
293 26925 27755 5 1317
294 26978 40821 25 69154
295 26987 29970 128 166342
296 26993 27587 8 2425
297 27109 27999 15 38134
298 27191 30917 40 67362
299 27412 28797 13 7659
300 27769 30301 104 190608
301 27895 42284 50 183511
302 28102 36553 102 172158
303 28283 31701 4 5924
304 28355 35181 70 105446
305 28359 36901 91 193776
306 28381 30783 11 3859
307 28393 30821 89 263526
308 28773 37718 5 11885
309 28824 41742 141 258274
310 28878 38711 41 173419
311 29158 29720 29 9011
312 29232 31356 149 218178
313 29233 68361 140 5152746
314 29257 41571 87 440029
315 29284 49421 72 652998
316 29346 30998 127 111903
317 29362 30074 90 8528
318 29382 40751 82 714561
319 29409 40667 49 258416
320 29476 37579 55 224788
321 29504 33437 26 65965
322 29534 48791 106 1004814
323 29551 29629 10 637
324 29579 39358 12 35315
325 29827 30705 110 45270
326 29843 31182 81 22195
327 29927 31750 4 5464
328 30078 30664 129 25780
329 30129 36113 28 50131
330 30135 30951 83 38435
331 30168 33955 47 130701
332 30258 34850 20 36846
333 30359 36817 32 249334
334 30454 30945 9 3878
335 30479 30735 128 11655
336 30596 36181 21 35000
337 30828 41018 34 168112
338 31050 39771 32 334256
339 31153 34622 29 31441
340 31404 31908 21 4413
341 31729 58418 96 950187
342 31783 38649 64 382585
343 31841 42137 80 254658
344 31878 44903 150 891417
345 31920 33388 108 73246
346 31942 38048 26 46470
347 32010 35044 9 9672
348 32066 34192 88 217763
349 32135 32520 82 28467
350 32237 39714 56 273775
351 32261 32555 28 4030
352 32268 43863 97 562866
353 32693 35468 28 20026
354 32726 37806 114 675080
355 32752 37212 98 107531
356 32799 48903 70 641447
357 32910 42250 44 236616
358 33072 44916 96 475531
359 33185 42917 112 167463
360 33250 36560 36 29550
361 33367 36749 52 91061
362 33445 35283 19 17830
363 33504 39349 101 155852
364 33683 35005 7 6092
365 33833 35077 26 15226
366 33947 44734 45 214272
367 33988 37809 28 37576
368 33996 62012 128 444409
369 34113 34814 137 44772
370 34152 38944 93 377529
371 34284 38786 18 38348
372 34425 39738 39 103393
373 34687 36697 87 287218
374 34908 43196 79 258613
375 35068 42008 97 501926
376 35110 37576 91 64954
377 35214 44296 5 17213
378 35230 35750 50 9776
379 35250 35621 17 5276
380 35271 35666 33 5277
381 35323 51090 54 455554
382 35411 42365 5 30442
383 35591 39186 55 134548
384 35783 48446 32 93397
385 35834 37588 132 80318
386 36044 49285 67 205764
387 36120 38148 89 28407
388 36252 39821 24 25369
389 36393 43607 95 256965
390 36490 37037 99 31577
391 36494 36649 7 385
392 36515 51111 109 232729
393 36527 50971 134 396076
394 36570 40250 17 29465
395 36639 41043 29 39127
396 36845 36894 67 5538
397 36879 38621 30 33365
398 36881 39524 45 41546
399 37175 37434 143 20157
400 37257 38348 36 21860
401 37260 46570 44 132808
402 37490 39785 121 85156
403 37527 38632 149 67309
404 37541 40660 8 9513
405 37561 55171 133 2484964
406 37650 55892 109 1900357
407 37877 38442 117 50753
408 37974 43503 10 54374
409 38183 40434 19 26358
410 38420 53402 28 161615
411 38484 53362 78 666143
412 38536 56385 23 154524
413 38646 45183 8 40026
414 38707 39578 5 1659
415 38823 40094 27 47671
416 38840 41968 17 96133
417 39264 39633 16 2763
418 39367 55658 100 459561
419 39515 46831 116 735831
420 39523 46450 13 54344
421 39544 41398 147 43221
422 39546 40014 133 70292
423 39565 53881 132 309753
424 39570 40227 131 68521
425 39572 42212 20 32205
426 39666 42888 116 212020
427 39667 43449 6 32318
428 39696 47966 10 45728
429 39729 49770 66 289232
430 39878 46063 8 14610
431 40415 53142 84 377526
432 40518 44822 26 91844
433 40651 44179 8 5221
434 40837 42958 90 80773
435 40865 42223 89 146711
436 40876 42131 22 22228
437 40937 41079 61 5882
438 40988 47905 129 283964
439 41221 45293 32 62345
440 41260 50813 145 386804
441 41327 43617 13 20624
442 41335 43317 96 197982
443 41422 46428 79 264332
444 41436 41804 58 22262
445 41468 47363 61 100056
446 41802 52427 86 466158
447 41912 44607 66 44904
448 41972 74727 61 1035611
449 42067 42548 36 6052
450 42087 46339 25 61283
451 42236 51006 8 25154
452 42288 42669 27 3452
453 42569 48630 27 80714
454 42704 52057 60 171964
455 42734 51607 136 1138091
456 42777 60032 9 72401
457 42792 54396 134 1315477
458 42803 46756 111 232087
459 43006 51208 14 48208
460 43120 49377 140 346512
461 43182 53917 45 160861
462 43194 47699 125 258085
463 43209 44192 21 21181
464 43301 51530 50 332170
465 43443 48573 125 240593
466 43516 47759 15 51949
467 43565 45920 10 5258
468 43723 48654 26 42086
469 43857 76246 84 1541912
470 43958 44113 119 25523
471 44002 54359 116 128142
472 44049 59756 139 431615
473 44112 56584 44 74016
474 44164 45653 65 37844
475 44327 84022 53 1491280
476 44372 61348 54 284585
477 44503 54462 145 819151
478 44531 49076 54 52519
479 44588 46766 136 63049
480 44646 52714 10 24478
481 44678 44761 98 2497
482 44722 46225 126 87119
483 44867 46163 18 6801
484 44874 45061 95 5230
485 44987 53279 125 187768
486 45028 48141 42 27105
487 45097 49154 29 43785
488 45153 48466 73 63462
489 45184 47462 6 7733
490 45279 47203 97 152021
491 45672 47600 6 5953
492 45766 52833 12 14143
493 45793 49841 70 184258
494 45905 55874 145 183514
495 45915 50066 103 333412
496 46134 50565 145 175709
497 46255 62889 81 503500
498 46265 49587 99 130705
499 46340 73295 97 991028
500 46407 52899 99 330624
501 46610 61508 134 578140
502 46694 50338 60 113393
503 46747 47951 50 56157
504 47014 50855 131 176389
505 47208 47912 129 85894
506 47217 55190 109 151869
507 47221 51764 82 129618
508 47226 52417 107 141846
509 47276 49930 70 114890
510 47277 51192 58 66030
511 47525 53050 8 52101
512 47595 50710 69 153373
513 47856 48848 43 56755
514 48067 64902 55 492570
515 48168 49438 33 14378
516 48299 52977 142 1121714
517 48376 51179 44 33499
518 48434 62492 40 249182
519 48560 54479 62 267293
520 48781 51398 32 40561
521 49033 51013 25 19608
522 49037 63100 50 404600
523 49067 50920 47 38684
524 49232 56582 96 270973
525 49328 52480 10 12553
526 49446 53473 7 22051
527 49651 52486 5 7227
528 49759 51976 51 104754
529 49858 59024 42 222580
530 49861 56480 12 49211
531 49918 56900 108 230463
532 49947 54263 4 9277
533 50182 54723 84 338925
534 50367 55221 100 196883
535 50401 55493 139 125797
536 50439 57945 97 372671
537 50509 53348 47 146121
538 50566 54351 46 86601
539 50575 56574 94 327595
540 50627 52408 66 35779
541 50656 56742 86 171721
542 50903 61485 104 1298349
543 50941 63498 35 40212
544 51107 51307 48 9784
545 51163 53958 41 73657
546 51221 60644 50 318480
547 51299 64754 139 1468376
548 51333 53710 75 48529
549 51346 51543 6 379
550 51362 62393 110 252546
551 51490 54034 14 8390
552 51501 52536 54 15647
553 51517 52273 5 1463
554 51572 74122 89 471675
555 51624 57748 10 23976
556 51656 52142 91 11317
557 51661 52616 77 24455
558 51744 54548 6 3658
559 51895 61286 92 346753
560 51909 64553 76 556938
561 51962 54779 44 132528
562 51972 56081 73 95347
563 51982 52458 63 10627
564 52125 61825 129 297550
565 52167 53608 140 246829
566 52193 54409 42 45015
567 52246 53779 5 1396
568 52281 59078 5 28072
569 52317 54861 100 90816
570 52373 62483 13 57252
571 52485 59972 35 193903
572 52549 58297 16 42848
573 52607 57977 122 65636
574 52877 59244 123 237848
575 52881 60728 95 230796
576 53004 70180 27 323926
577 53111 59035 5 21133
578 53213 65455 130 761723
579 53214 78095 76 322727
580 53452 60859 31 61715
581 53546 54316 4 1644
582 53799 63467 80 208724
583 53920 61412 33 146618
584 53964 59196 12 42641
585 54109 56141 7 7739
586 54112 70926 9 32694
587 54326 58161 99 135695
588 54381 55703 102 78275
589 54515 59212 30 46568
590 54631 59278 66 113585
591 54685 61562 78 209261
592 54699 61261 29 76913
593 54717 63435 106 789954
594 54771 55867 127 82618
595 54875 57677 53 80350
596 55009 61991 137 186153
597 55055 71116 143 972263
598 55305 58784 94 79049
599 55320 79544 100 1743653
600 55331 62501 13 29758
601 55452 68015 6 35818
602 55789 56546 48 34962
603 55853 68885 10 31723
604 55912 70598 118 439277
605 55944 65158 135 316970
606 56033 57779 92 93112
607 56071 57605 28 19481
608 56210 56333 55 3435
609 56272 61986 5 12651
610 56300 63986 14 34123
611 56335 63476 29 66932
612 56346 61339 9 6066
613 56402 63128 16 79517
614 56726 69856 25 155619
615 56927 58993 66 94482
616 57030 59653 10 8115
617 57064 68216 104 184560
618 57066 59432 33 27348
619 57260 59631 78 102291
620 57263 76873 144 1759496
621 57340 58144 109 49720
622 57425 59359 135 284809
623 57516 63666 17 124368
624 57533 58428 52 19256
625 57572 60103 37 34431
626 57592 62308 146 133035
627 57803 60670 107 249858
628 57834 63333 10 20507
629 57865 65078 83 251667
630 57872 58263 18 3758
631 57953 91717 6 145271
632 57982 65373 24 94723
633 58016 60889 116 132034
634 58039 60182 7 6138
635 58159 59343 35 11691
636 58185 73134 81 501880
637 58481 59944 25 19992
638 58597 67337 113 256892
639 58675 66091 8 28428
640 58703 61447 82 136722
641 58716 60707 148 142201
642 58770 60184 25 41333
643 58875 63855 86 249003
644 59302 68410 95 412578
645 59322 64280 39 107563
646 59375 61411 35 21983
647 59621 71179 11 62924
648 59736 61725 144 217509
649 59855 64176 30 69813
650 59881 71866 26 49094
651 59886 72748 36 201242
652 59997 66395 62 66551
653 60076 60261 17 1316
654 60304 77304 48 745102
655 60349 67389 38 80382
656 60358 62887 18 59197
657 60579 64341 28 85784
658 60668 69785 55 80175
659 60721 65144 114 391719
660 60800 75480 30 361144
661 61024 68131 15 43638
662 61118 66462 37 153791
663 61205 62724 147 137277
664 61268 73718 38 101537
665 61283 72654 119 551807
666 61402 61406 18 36
667 61625 66332 145 263617
668 61687 63329 4 3166
669 61728 63046 6 5498
670 61853 62653 127 27957
671 61928 65856 8 15742
672 62024 95855 29 107703
673 62161 66033 21 14652
674 62207 65102 30 32752
675 62324 64515 10 5770
676 62751 71537 33 77867
677 62802 65408 128 148781
678 62985 66432 104 354971
679 63012 68456 26 68947
680 63295 76949 56 310628
681 63348 63985 118 27808
682 63415 66595 134 272341
683 63438 63741 9 1714
684 63510 66499 101 211711
685 63833 70398 30 98034
686 63865 69657 116 285348
687 63991 78930 58 228828
688 64004 68012 132 322893
689 64036 81081 45 277176
690 64636 66902 24 12075
691 64658 73299 80 270502
692 64671 72921 87 120935
693 64695 64824 82 7722
694 64751 73098 19 44427
695 64809 66316 142 80584
696 64830 64996 21 1479
697 64929 83615 112 405954
698 64974 82847 58 301886
699 65176 68465 9 10889
700 65205 67119 124 243500
701 65421 76143 47 97064
702 65838 74246 32 50642
703 65928 67841 48 21746
704 65967 72714 28 73959
705 66003 67986 146 119919
706 66005 73711 71 276831
707 66086 90982 111 1121535
708 66172 71484 109 55864
709 66196 73122 87 653057
710 66244 69047 44 41226
711 66398 82541 132 457026
712 66512 72507 62 487993
713 66689 73086 15 38470
714 66701 80770 64 538878
715 66725 67077 83 39377
716 66822 68320 116 145458
717 66851 69084 138 57203
718 67037 71760 10 17352
719 67164 67959 70 55284
720 67301 67587 148 23760
721 67378 71354 16 16789
722 67777 78506 34 76200
723 67828 71970 6 3149
724 67849 71533 30 56445
725 67851 70252 18 11184
726 67861 71833 130 103262
727 67913 68913 33 57680
728 67978 76651 48 184612
729 68014 70426 104 57560
730 68024 72040 67 121481
731 68120 77241 135 346848
732 68326 71184 26 12883
733 68352 82088 63 503696
734 68380 69429 8 2967
735 68733 71068 81 103031
736 68794 77407 85 292473
737 68799 70659 19 11442
738 68870 68873 59 222
739 68891 79533 147 1073742
740 69099 70811 49 35041
741 69299 70861 43 17699
742 69322 75771 32 67460
743 69347 84377 149 859005
744 69371 71619 11 6490
745 69385 73892 90 93006
746 69439 72034 42 80347
747 69539 69821 59 28717
748 69606 78364 130 689944
749 69620 73126 92 89618
750 69898 86173 77 816444
751 70027 73276 16 29178
752 70083 82491 77 291056
753 70254 71829 138 151043
754 70260 76141 55 95413
755 70576 93991 103 1222831
756 70808 71817 76 22009
757 71344 71835 110 15458
758 71364 76581 29 53029
759 71420 86379 5 30143
760 71471 79904 13 51462
761 71475 86977 140 463159
762 71566 79435 84 384543
763 71568 87681 120 666602
764 71738 77273 27 92847
765 71741 75619 30 71684
766 71863 81530 28 159830
767 71950 76547 70 221804
768 72021 81365 10 65978
769 72128 91643 53 761186
770 72287 73929 105 26651
771 72339 73286 75 29522
772 72423 72801 96 14758
773 72487 75602 96 151621
774 72513 76573 7 26410
775 72551 93839 37 442726
776 72562 81274 8 28389
777 72639 72957 122 28721
778 72677 74340 5 6787
779 72728 73165 72 9788
780 73040 86970 19 98774
781 73075 95342 5 63793
782 73170 81993 23 101599
783 73529 81473 126 309948
784 73666 76228 95 71836
785 73697 76566 12 17048
786 73726 76447 44 41549
787 73744 85917 60 176469
788 73784 74660 10 2252
789 73808 74029 114 11816
790 73834 75453 5 4176
791 73843 85023 18 161615
792 73895 76282 33 15255
793 74130 74434 92 19634
794 74249 81460 149 176165
795 74285 90860 117 566471
796 74297 76008 82 82975
797 74309 87976 115 1425651
798 74544 98066 118 1385581
799 74716 75322 9 5399
800 74926 76722 61 40977
801 75108 75915 146 24787
802 75305 76781 146 213185
803 75387 94654 51 519129
804 75389 78345 92 179936
805 75772 90294 35 348758
806 76071 95846 62 599279
807 76331 81810 26 78682
808 76346 86509 22 54000
809 76367 78040 58 19283
810 76425 76741 4 303
811 76467 80263 144 182493
812 76492 76777 98 23066
813 76557 77576 7 2203
814 76712 83971 13 82508
815 76807 80095 35 51237
816 76874 88335 49 240457
817 76930 91647 105 216094
818 76953 85823 13 59946
819 77068 80826 35 45703
820 77149 80279 7 17133
821 77181 81683 64 132997
822 77343 78521 80 76591
823 77692 91172 116 424171
824 77716 81483 27 20186
825 77731 83250 6 25306
826 77752 90678 80 513671
827 77801 77888 29 1795
828 77846 79599 17 22446
829 77958 87268 120 395495
830 78019 82674 62 304046
831 78021 95736 31 222034
832 78122 90667 23 162894
833 78152 84683 84 211353
834 78259 78319 5 173
835 78299 83713 4 11530
836 78434 84858 10 42743
837 78630 84665 56 109815
838 78693 86402 66 86670
839 78735 79977 130 63040
840 78749 86569 11 117637
841 78840 84092 69 155482
842 78844 83477 122 429526
843 79270 99210 132 1473093
844 79433 80045 76 9150
845 79494 89058 83 357482
846 79674 90920 40 175776
847 79675 80669 6 4257
848 79812 87614 15 20919
849 79816 89865 132 1017736
850 79946 89263 16 46330
851 80023 80226 144 8867
852 80115 86215 94 130789
853 80365 88411 27 93400
854 80603 88698 46 167738
855 80611 81464 143 43062
856 80612 92836 53 162464
857 80648 82280 6 1325
858 80682 82663 4 3215
859 80756 84160 44 54316
860 80766 85405 15 46361
861 80808 84224 141 249996
862 81014 83776 32 25505
863 81085 83537 103 220054
864 81157 82092 92 39802
865 81378 86350 98 179083
866 81501 89100 8 37494
867 81537 81709 40 3202
868 81639 89479 111 619476
869 81802 96187 81 827246
870 81890 83036 97 109207
871 81996 85085 42 73460
872 82125 89244 53 99430
873 82130 99349 116 629368
874 82140 85762 22 45821
875 82171 86665 80 389509
876 82174 96961 6 49610
877 82332 90767 140 511790
878 82365 98857 31 88544
879 82453 87374 133 211324
880 82752 83602 9 3842
881 82913 88668 28 34125
882 82937 85169 90 109436
883 82991 87250 29 102022
884 83054 86684 145 77354
885 83127 84046 139 29122
886 83306 86523 136 388257
887 83566 99283 56 222124
888 83641 90498 82 257330
889 83721 85372 26 32905
890 83927 89994 53 93348
891 84010 89577 8 8104
892 84303 98136 15 90593
893 84545 87280 17 22253
894 84551 95274 57 338335
895 84628 85473 18 4943
896 84695 91212 24 47986
897 84719 84956 55 6676
898 84784 90140 89 184731
899 84882 86524 92 57300
900 85034 91435 139 938291
901 85080 86184 85 24853
902 85086 91210 141 118089
903 85127 93027 93 155348
904 85172 85375 15 1783
905 85339 89353 98 149716
906 85382 86784 17 30461
907 85578 88220 59 33718
908 85615 93255 23 87901
909 85708 97395 7 23920
910 85787 95021 8 8122
911 85916 97378 73 125036
912 85918 87702 147 65691
913 85961 86956 72 42170
914 85977 88603 127 185628
915 86170 88191 17 25022
916 86431 95583 126 511443
917 86438 88571 4 5052
918 86456 87054 105 36527
919 86463 87518 33 11365
920 86567 95498 14 92386
921 86588 88806 67 44901
922 86614 90777 13 49728
923 86650 94708 122 392861
924 86725 93275 95 172000
925 86908 89020 70 49934
926 87009 89804 12 20868
927 87076 92698 82 105426
928 87206 93689 96 256331
929 87217 87497 86 7895
930 87372 92167 126 224361
931 87425 88574 100 64883
932 87493 96862 138 153614
933 87495 97650 23 101479
934 87566 92564 53 116896
935 87646 91712 14 20207
936 87654 95125 78 159521
937 87800 90735 62 134069
938 87863 92131 104 289570
939 87982 90470 26 30093
940 88029 88493 21 2824
941 88358 91521 124 409329
942 88505 92318 7 9236
943 88675 96886 9 89033
944 88938 90041 133 65456
945 88940 96202 113 325597
946 88961 91789 108 93459
947 89085 91676 25 28194
948 89300 99285 104 349411
949 89588 95943 109 141098
950 89923 93598 142 506446
951 90166 94850 104 430573
952 90226 96471 18 49091
953 90233 91826 7 1867
954 90434 95599 28 49941
955 90479 92150 86 123571
956 90521 91129 91 23623
957 90589 93462 94 60189
958 90698 92966 75 108309
959 90790 93099 87 67334
960 90869 97791 57 232813
961 90929 98831 21 44919
962 91106 91802 32 5095
963 91116 97489 14 63026
964 91281 98179 23 105365
965 91361 95422 4 8682
966 91448 98364 9 16770
967 91487 95637 21 22420
968 91597 93509 44 57988
969 92112 94424 26 43719
970 92168 95540 60 99955
971 92279 97561 13 21192
972 92397 98290 17 24517
973 92756 96323 16 33248
974 92841 96451 31 18165
975 92881 98374 4 6533
976 92951 96463 91 117911
977 92960 95552 30 29011
978 93022 97877 11 37923
979 93154 93334 62 3107
980 93193 95232 11 28082
981 94145 98270 12 23348
982 94162 99376 117 139868
983 94514 94578 39 2016
984 94640 97128 19 16693
985 95020 98982 43 146472
986 95102 95966 124 62075
987 95934 96895 84 38808
988 96158 99878 10 6894
989 96238 96905 4 1187
990 96768 98623 132 342422
991 97243 99996 43 45007
992 97274 99625 110 77228
993 97280 99254 135 59869
994 97421 98757 30 8011
995 97482 98814 16 2404
996 97748 99954 5 13690
997 98189 98885 88 10792
998 98641 99651 139 50889
999 99323 99513 9 936
