50 1000 0.003
##................................................
###...............................................
####..............................................
####..............................................
####..............................................
#.###.............................................
#..#..............................................
..................................................
..................................................
..................................................
..................................................
..................................................
..................................................
.....#............................................
....###...........................................
....##............................................
...####...........................................
.#.##.............................................
#####.............................................
##.##.............................................
.#.####...........................................
.####.#........................##.................
.#######......................##..................
...#.###.......................##.................
...#..#.....................#####.................
.....##..................#...###..................
.....#........##.........##....#........#.........
........##....##.......#####.#..........#.........
.......####.####........######..........#.........
......###########......#######..........#.##......
.......###.######.......##.#.#.......#..#..#......
.......###.####..........###.........#######......
........##.####..........###.......#####..........
............#..........###...........#######......
........###.#........................###..........
.......####...........................###.........
.......####.......................................
......#####..#....................................
.......##.####....................................
.....######.......................................
#..###.#..........................................
#...####..........................................
##.#####..........................................
#########.........................................
###.#####.........................................
..#..##...........................................
..................................................
..................................................
..................................................
..................................................
0 57 2850 139 168569
1 140 3115 21 58156
2 164 7591 9 30041
3 168 705 94 19862
4 170 5862 62 237772
5 186 3702 69 149135
6 312 12300 76 167637
7 553 7049 64 82334
8 579 1611 43 17440
9 581 10692 61 281075
10 710 10900 25 72186
11 711 12479 139 1253334
12 746 5315 10 16772
13 749 9426 11 24425
14 815 883 98 6914
15 830 2419 101 63424
16 880 3113 11 24837
17 958 5144 25 38274
18 1020 1487 105 48409
19 1053 1298 13 5772
20 1111 13430 43 210953
21 1283 2038 84 36024
22 1311 7092 10 15365
23 1362 11315 13 30210
24 1582 5232 77 42877
25 1593 20332 17 287936
26 1755 12374 26 311068
27 1877 2644 115 41605
28 1965 8090 110 302553
29 1968 9635 8 15576
30 2125 7745 57 110846
31 2360 4742 88 58553
32 2432 11037 34 336196
33 2598 17047 44 170906
34 2619 23336 116 4092682
35 2664 5056 12 7119
36 2769 4489 40 49152
37 2879 8516 5 9505
38 2951 5528 103 75417
39 2966 3072 88 2139
40 3025 8257 5 8476
41 3117 35104 135 755168
42 3170 6233 24 35225
43 3326 9141 8 26473
44 3345 13822 7 62602
45 3442 12903 81 268982
46 3512 8983 75 353048
47 3561 11181 135 746286
48 3678 10966 22 40893
49 3686 8733 43 97335
50 3840 11171 142 722367
51 3850 22172 129 794667
52 3869 7013 9 7800
53 3937 25117 7 37757
54 3942 10535 124 539330
55 3975 5814 8 13640
56 3978 4013 20 393
57 3983 7123 12 16371
58 4244 13186 78 487288
59 4258 7209 39 43896
60 4308 12084 7 49367
61 4397 6981 16 14568
62 4554 37181 84 1045298
63 4603 5262 145 24328
64 4683 6316 57 32094
65 4747 12202 8 26962
66 4759 8202 134 174999
67 4868 6533 67 39243
68 4888 20349 57 350665
69 5012 5755 131 36563
70 5403 8803 143 571888
71 5448 29904 11 74696
72 5546 6959 41 20577
73 5696 9075 21 27987
74 5777 11605 126 172819
75 5815 17677 46 281928
76 6021 14391 49 123026
77 6118 35092 28 283491
78 6209 20711 50 380480
79 6348 10880 47 94271
80 6376 7777 17 9173
81 6502 8936 7 12953
82 6526 17744 23 98437
83 6576 17522 10 80771
84 6642 6677 23 210
85 6840 12724 97 370175
86 6924 12465 19 54286
87 6930 10827 40 74258
88 7030 7685 51 32648
89 7065 13685 90 808406
90 7113 10265 139 224170
91 7201 8052 112 87497
92 7285 20483 23 95119
93 7355 10246 49 65919
94 7361 35974 7 42550
95 7479 9840 56 43338
96 7567 10121 112 273513
97 7614 11872 19 56664
98 7626 31991 128 1383535
99 7848 30724 61 258806
100 7948 18530 127 357984
101 8185 14341 29 246532
102 8550 14894 44 42836
103 8825 13741 96 195592
104 8830 13695 11 11184
105 8906 18078 26 64716
106 9027 10117 78 26017
107 9034 10950 9 4497
108 9150 9155 103 447
109 9239 19413 8 24353
110 9252 12447 12 19353
111 9293 10108 17 4568
112 9329 25323 73 408816
113 9447 13108 138 183801
114 9566 31270 8 98788
115 9825 14586 11 41307
116 9834 21058 57 238988
117 9933 10206 30 3738
118 10092 18198 50 134825
119 10158 12943 115 68540
120 10250 13068 30 33508
121 10313 13102 104 83442
122 10448 11318 146 103093
123 10451 11582 114 215392
124 10501 13960 17 13785
125 10549 16693 8 8808
126 10820 13123 9 15366
127 10843 17387 101 367391
128 10908 11189 9 710
129 10939 40116 80 2623835
130 10948 12588 82 59128
131 10964 18367 7 18674
132 10989 44095 87 499212
133 11016 32171 8 34920
134 11019 13867 106 149125
135 11272 15993 89 208948
136 11436 35728 6 30383
137 11802 24970 128 374644
138 11831 22096 59 301836
139 12019 29917 54 513472
140 12068 20652 27 125038
141 12091 12938 13 8045
142 12226 19801 19 30265
143 12280 36151 8 69576
144 12534 30217 72 848053
145 12626 14822 14 40390
146 12751 19703 113 194366
147 12854 25051 101 348989
148 13114 30761 125 590762
149 13264 14487 120 108426
150 13385 27583 8 24893
151 13531 24572 28 143931
152 13713 17016 35 54376
153 13854 15614 7 1602
154 13922 18460 22 30050
155 14024 21645 76 150949
156 14105 14892 4 3500
157 14240 23742 126 570512
158 14403 20857 45 192387
159 14467 18173 125 332378
160 14834 18956 106 309404
161 14866 30154 16 126504
162 14915 15619 77 36234
163 14985 32820 84 356255
164 14989 16608 76 116167
165 15068 38822 146 1868206
166 15154 19331 83 218538
167 15185 37027 85 1069219
168 15506 16997 127 108256
169 15528 16550 108 67869
170 15534 18165 103 55757
171 15738 21418 46 57514
172 15776 51611 29 647148
173 15883 17487 27 14506
174 15970 21845 29 74680
175 16044 19755 7 24607
176 16055 38219 69 2054312
177 16129 23668 4 20588
178 16181 24928 89 195185
179 16254 20051 5 7246
180 16361 30060 138 283356
181 16384 33212 5 14584
182 16419 18777 39 21500
183 16495 19214 53 27641
184 16557 31476 11 20322
185 16570 19417 86 61145
186 16713 42090 91 1114525
187 16745 44258 10 188029
188 16751 22126 57 81800
189 16791 26511 29 81023
190 16797 21307 103 321798
191 16837 25762 27 105839
192 16844 19479 18 28730
193 16862 16872 124 1634
194 17003 18735 115 82082
195 17105 20774 15 33102
196 17187 32621 11 33885
197 17203 20797 10 24096
198 17390 26344 113 367721
199 17429 31336 9 62243
200 17555 23836 82 259360
201 17562 18179 33 12516
202 17583 25058 85 213350
203 17626 40414 58 194830
204 17685 21918 40 118527
205 17728 24894 49 209254
206 17765 21384 121 161234
207 17773 21685 82 129659
208 17807 24496 137 353358
209 17830 21131 30 52111
210 18068 28426 25 164248
211 18099 39620 30 443306
212 18140 28683 23 74989
213 18336 30286 43 175499
214 18526 28834 23 116668
215 18683 28381 103 260455
216 18772 19485 24 8657
217 18819 23502 141 697348
218 18898 19312 21 7006
219 18933 33732 116 483581
220 19172 22482 134 112183
221 19226 29130 116 591493
222 19292 22990 35 47546
223 19423 20397 137 66646
224 19473 40426 14 24743
225 19599 23757 28 34836
226 19603 22588 40 41235
227 19607 24136 102 680683
228 19687 23916 45 64753
229 19717 29667 145 262720
230 19774 31861 80 1404284
231 19941 25555 88 590698
232 19954 27275 42 175222
233 19968 41789 31 107124
234 19995 21197 60 12750
235 20198 21838 127 108562
236 20235 22216 13 21289
237 20350 22004 89 88515
238 20430 23591 33 20433
239 20705 27001 93 140072
240 21033 45285 17 186761
241 21154 24507 48 100510
242 21264 24674 28 58830
243 21302 43692 145 951244
244 21492 46352 24 123748
245 21605 23427 132 281774
246 21727 35771 55 172355
247 21868 24471 27 15408
248 22006 29232 98 151543
249 22025 24090 81 36904
250 22100 34992 37 547553
251 22157 37960 76 479567
252 22256 33182 149 141719
253 22350 24109 6 3253
254 22509 24812 104 121789
255 22626 24243 64 22703
256 22682 24209 6 779
257 22900 31084 89 319824
258 23025 23523 57 13540
259 23051 38046 29 268020
260 23154 31020 33 68448
261 23244 35506 19 74853
262 23495 33104 104 539637
263 23565 27318 49 64466
264 23601 35960 127 663238
265 23647 32950 96 123324
266 24009 29449 7 13855
267 24027 33253 60 181116
268 24057 32618 52 463741
269 24152 39978 115 801021
270 24342 36835 4 11620
271 24422 29906 12 23681
272 24467 29212 5 3141
273 24618 29920 6 12948
274 24661 45965 126 1818305
275 24686 27957 14 33822
276 24704 26472 104 46923
277 24734 26995 7 5091
278 24752 28421 22 37703
279 25019 25699 37 27098
280 25200 33976 34 49233
281 25289 25596 76 11144
282 25379 27154 65 107941
283 25385 27946 22 80981
284 25428 32947 32 207703
285 25504 26661 26 21486
286 25523 28950 8 27248
287 25856 40642 10 28227
288 25926 26439 33 4558
289 26013 33602 8 21707
290 26175 32004 119 630603
291 26190 37371 12 101500
292 26263 26951 24 6233
293 26377 33997 90 156603
294 26564 39908 21 71201
295 26582 27510 7 4303
296 26644 28755 57 54217
297 26927 32354 82 172934
298 27298 45841 23 84009
299 27471 43709 58 580404
300 27481 34818 26 66431
301 27514 42683 4 40306
302 27634 32175 80 110323
303 27701 36048 143 455164
304 27705 35407 54 94196
305 27710 27936 10 790
306 27812 34370 29 48130
307 28117 35307 109 224448
308 28152 36683 56 157624
309 28163 37659 98 392941
310 28585 41352 49 596591
311 28590 33968 69 230378
312 28621 38169 6 31785
313 28898 31352 11 20669
314 29176 32461 18 38024
315 29349 34917 144 724038
316 29781 44521 32 217902
317 29825 31854 25 21828
318 29925 43120 53 169011
319 30098 39286 23 79483
320 30174 43586 6 16415
321 30201 31868 56 55668
322 30242 35515 93 198724
323 30246 32426 20 15768
324 30274 50746 59 535676
325 30427 30959 148 30394
326 30506 36628 76 399784
327 30564 45281 38 167440
328 30575 37885 39 374421
329 30578 42653 90 311046
330 30622 36334 110 219393
331 30722 36951 108 140551
332 30743 38333 24 120343
333 30766 42948 6 37236
334 30862 32122 80 49516
335 30908 31936 16 5547
336 31001 42743 50 293588
337 31210 34354 11 9831
338 31328 54860 115 1108016
339 31519 35317 20 52758
340 31540 39531 122 966736
341 31542 32427 12 4465
342 31560 34985 18 36998
343 31567 32345 51 14377
344 31573 31816 75 5885
345 31616 52226 92 1331063
346 31688 38032 60 365305
347 31697 33946 67 92746
348 31756 35564 85 169457
349 31785 36127 140 429273
350 31954 38963 131 325580
351 31955 35485 141 80701
352 32013 49106 114 417979
353 32315 36371 105 71670
354 32408 32410 20 91
355 32717 41951 70 198917
356 32746 38930 62 112536
357 32756 38329 52 147183
358 32855 42382 13 47091
359 32910 43834 134 811312
360 32979 38066 47 95378
361 33069 38779 139 532181
362 33177 39991 7 23448
363 33184 39868 150 626184
364 33216 39572 76 485000
365 33266 36109 22 10532
366 33274 61491 45 783171
367 33571 72974 37 739766
368 33585 35698 119 158500
369 33607 37054 90 120843
370 33615 52753 7 36439
371 33733 44979 11 43039
372 33829 35463 4 1233
373 33883 37431 105 83328
374 33959 54914 4 35441
375 34021 38210 55 117955
376 34034 44347 35 51476
377 34037 42979 41 228182
378 34126 35522 25 15425
379 34214 36030 63 67077
380 34266 34962 4 2341
381 34273 38644 144 243800
382 34281 35028 12 4663
383 34306 37719 38 30156
384 34328 51515 129 1709555
385 34446 51452 32 154872
386 34529 36103 39 18012
387 34617 49614 46 275526
388 34748 49532 18 114926
389 34864 52086 57 391937
390 35194 42067 20 50924
391 35262 37233 140 80996
392 35367 36315 49 9252
393 35444 36408 82 26686
394 35562 44623 136 874109
395 35591 37387 25 19417
396 35761 36452 18 3666
397 35769 43112 34 197766
398 35823 36086 107 33090
399 35883 39260 111 260445
400 35973 40913 71 151098
401 36123 42693 104 348130
402 36126 37415 5 5695
403 36138 50532 100 425109
404 36179 40768 134 220142
405 36463 57358 53 1247024
406 36524 46170 29 188542
407 36566 51246 54 398787
408 36598 51864 7 44374
409 36625 41040 47 151177
410 36762 68506 109 1369014
411 36808 46388 110 742039
412 36809 75401 112 3861127
413 36988 42499 43 59490
414 37095 47704 14 226001
415 37561 38949 82 114291
416 37569 40945 28 41386
417 37829 38222 42 8625
418 38093 52705 141 768483
419 38099 76494 47 791509
420 38158 42998 36 166676
421 38193 39588 21 14469
422 38262 58414 37 383556
423 38302 45074 19 69847
424 38467 49609 148 348930
425 38541 66458 69 1659164
426 38739 41069 107 206029
427 38888 40671 116 79131
428 38958 45702 43 68960
429 39094 39594 120 35878
430 39186 41299 47 11525
431 39487 40627 40 14846
432 39492 40274 82 17763
433 39722 39853 70 10986
434 39772 41210 57 102658
435 39831 42115 98 129553
436 40008 53151 6 56353
437 40107 42193 5 6829
438 40224 41256 18 12289
439 40256 57225 22 223113
440 40285 40806 8 2392
441 40360 41324 14 30811
442 40667 41788 20 7319
443 40851 45834 55 62425
444 41030 44808 95 168991
445 41054 42564 146 120572
446 41138 50954 50 148925
447 41146 47960 108 256173
448 41222 50445 92 329208
449 41363 44958 37 60479
450 41469 47487 55 148869
451 41528 84940 62 801596
452 41538 43760 110 126115
453 41561 55082 133 493925
454 41747 57835 30 130966
455 41843 46645 17 83789
456 41850 61682 25 146063
457 42078 48386 63 898073
458 42138 46647 4 14937
459 42169 46829 27 53328
460 42219 48916 94 137962
461 42290 67061 19 181356
462 42517 43139 93 15466
463 42567 44764 110 111588
464 42661 46710 6 8735
465 43078 52952 63 251068
466 43124 64456 90 471535
467 43140 47502 140 373314
468 43252 47802 123 266640
469 43278 50403 5 27175
470 43452 45392 78 31810
471 43490 49418 145 702829
472 43516 48826 149 387620
473 43604 58504 104 760473
474 43625 43640 90 2256
475 43637 49744 40 141664
476 43663 55104 140 580929
477 43674 44473 36 6891
478 43872 45183 11 16940
479 43964 45660 67 66601
480 43977 49731 8 17165
481 44150 45158 57 15521
482 44228 60676 15 118466
483 44290 55836 25 64343
484 44425 61649 9 47935
485 44499 57161 85 273882
486 44587 46304 84 114129
487 44605 67006 21 139602
488 44632 45280 122 41385
489 44703 64043 144 1393965
490 44714 52381 51 140781
491 44824 48277 31 16416
492 44848 46569 10 3216
493 45010 46335 14 5923
494 45025 46678 5 2730
495 45256 51350 82 116675
496 45269 55930 73 238734
497 45369 67985 55 344092
498 45408 48993 13 32396
499 45462 68799 57 198826
500 45583 49019 100 206953
501 45592 47796 87 111962
502 45664 48128 44 53299
503 45690 53371 102 301031
504 45818 48219 42 58075
505 45874 56558 89 386928
506 46052 48547 143 323781
507 46277 48546 13 12387
508 46351 46665 141 21637
509 46575 47310 6 1951
510 46637 48465 4 2618
511 46789 49125 129 134182
512 46872 55094 5 6083
513 46900 47361 128 14568
514 46973 48948 66 44313
515 47084 57017 16 114719
516 47131 58766 7 30686
517 47209 78145 33 309690
518 47335 51589 8 12165
519 47537 50100 150 119352
520 47558 47658 17 1441
521 47573 57875 87 308760
522 47615 55604 35 113722
523 47908 48653 26 4046
524 47941 63028 10 35382
525 48159 50136 34 36380
526 48235 50281 11 34756
527 48269 70109 41 174526
528 48367 51879 6 4891
529 48460 62340 48 183539
530 48543 55218 21 83355
531 48617 49806 88 13894
532 48619 49152 55 22376
533 48706 51776 45 81913
534 48888 51446 83 150648
535 48965 55424 88 160171
536 49163 75293 39 269740
537 49190 53594 134 354207
538 49353 75529 100 1032374
539 49454 51817 82 111126
540 49576 53292 40 42820
541 49727 73003 119 1347962
542 49826 52901 18 19459
543 49864 51385 7 3600
544 50041 54900 141 341791
545 50117 64947 28 129480
546 50170 55643 31 58329
547 50193 53839 146 297392
548 50267 63002 15 100080
549 50310 53673 8 8835
550 50385 55619 39 52353
551 50433 53723 125 173028
552 50630 53887 27 48673
553 50665 51126 127 115138
554 50798 63401 15 138246
555 50849 70321 129 497900
556 50963 52534 14 16907
557 50998 71335 12 132614
558 51003 58236 62 326826
559 51077 59764 102 1102998
560 51169 54019 48 42916
561 51210 54225 105 80696
562 51242 69530 118 909216
563 51281 56383 5 8930
564 51495 58883 23 115096
565 51497 51822 97 11420
566 51634 56041 55 103603
567 51652 54649 10 23758
568 51991 53116 58 13437
569 52233 53333 31 12420
570 52512 62844 5 24642
571 52535 55901 122 255642
572 52542 60726 19 55436
573 52729 65360 8 47511
574 52754 57216 14 16672
575 52911 58615 110 317413
576 52920 55697 84 65122
577 52947 53867 147 62518
578 53134 56708 26 39911
579 53249 64909 7 13313
580 53257 61395 25 40561
581 53412 57839 6 12496
582 53511 61234 9 16010
583 53650 60535 95 324732
584 53705 62664 8 89095
585 53720 58793 11 52940
586 53725 59731 114 231562
587 54001 55810 144 161368
588 54237 55517 33 10781
589 54269 55144 28 35511
590 54365 61454 16 26825
591 54385 54777 10 4227
592 54442 59499 117 225420
593 54449 54475 46 413
594 54546 63974 102 500860
595 54549 58492 43 14596
596 54589 60736 131 271893
597 54605 54629 25 216
598 54640 59827 31 31850
599 54975 68160 81 546065
600 55011 60048 138 160801
601 55061 58370 18 26645
602 55194 56111 145 101576
603 55250 69356 92 574434
604 55368 58499 106 145402
605 55410 64133 17 53978
606 55481 62479 48 87840
607 55512 63143 141 918793
608 55646 56119 17 5890
609 55729 61319 110 167959
610 55796 63262 107 1283912
611 55813 61400 108 381574
612 55940 67448 45 153406
613 56010 66657 35 131864
614 56043 61838 50 58184
615 56095 61498 137 364329
616 56137 58128 26 18490
617 56159 63069 128 509170
618 56171 66420 11 35595
619 56216 63459 6 71709
620 56339 65432 72 244369
621 56415 61056 96 216611
622 56446 58345 39 33153
623 56610 62812 89 370236
624 56642 79043 69 258974
625 56701 58118 38 10062
626 56714 61998 82 58077
627 56834 57704 109 33644
628 57020 66357 66 127041
629 57043 59941 73 129255
630 57052 77644 50 208550
631 57076 57799 136 106302
632 57164 57609 72 10414
633 57292 59945 54 65535
634 57314 63226 59 161842
635 57371 64101 98 926621
636 57390 58242 89 21060
637 57596 63938 10 14880
638 57662 67318 140 583565
639 57699 61105 14 41277
640 57766 63511 5 6079
641 57960 62704 6 7072
642 58162 70042 114 149164
643 58228 59750 78 66386
644 58238 74779 24 154541
645 58300 63744 17 51826
646 58305 60075 47 69584
647 58496 61115 11 7462
648 58502 60701 72 26120
649 58616 59793 37 38943
650 58672 60439 21 7774
651 58688 79707 120 1445378
652 58737 72293 92 691248
653 58893 78227 27 184616
654 58988 73950 88 400886
655 59056 68063 142 242429
656 59090 62447 15 19799
657 59145 63073 4 5682
658 59229 68708 84 100073
659 59255 71212 53 58212
660 59547 75554 16 225722
661 59626 73572 22 62522
662 59642 64718 126 231700
663 59875 98486 150 980680
664 59947 65236 19 10229
665 59949 65185 110 194183
666 60051 73333 35 444261
667 60095 75675 13 39414
668 60157 64776 53 197941
669 60423 80426 51 532573
670 60465 61265 19 11794
671 60629 63250 82 99879
672 60704 66680 50 104343
673 60791 84768 130 1725848
674 60809 82485 33 150931
675 60845 75055 4 29356
676 60949 61144 90 9018
677 61073 67456 73 446085
678 61670 65889 11 33167
679 61674 65153 80 183550
680 62095 78101 32 275701
681 62225 67316 47 68404
682 62266 63943 23 17985
683 62274 75693 49 169820
684 62279 84125 75 327407
685 62330 69309 56 159197
686 62396 78032 103 778022
687 62554 66965 38 78985
688 62589 69699 58 242425
689 62606 75066 45 104451
690 62678 64504 38 19762
691 62708 65109 48 102413
692 62807 67309 44 40620
693 63156 81134 22 120941
694 63184 66139 39 44691
695 63443 77257 76 345056
696 63529 66190 87 160845
697 63596 74549 67 231622
698 63695 68087 20 23855
699 63818 70172 111 227443
700 64082 65501 9 8159
701 64111 66283 115 80432
702 64402 77469 77 509884
703 64480 72394 70 149333
704 64551 77130 86 239703
705 64574 67553 52 68863
706 64627 66465 31 24032
707 64667 65584 134 41767
708 64737 72863 94 230980
709 64938 69523 54 140178
710 65176 71701 14 26300
711 65234 81376 26 141741
712 65331 88349 64 596385
713 65380 70004 57 60524
714 65635 73330 81 149491
715 65722 71842 33 52592
716 65796 80805 66 715164
717 65858 88588 66 789999
718 66034 74821 124 242244
719 66064 67994 10 29090
720 66294 75001 73 268412
721 66345 73026 36 70846
722 66565 77045 46 203235
723 66600 73059 4 4480
724 66778 87192 117 1288407
725 67097 71448 126 302924
726 67115 67470 142 36295
727 67193 69355 6 7726
728 67301 69542 34 24581
729 67306 88580 118 1241497
730 67322 69287 120 189988
731 67331 73657 124 678366
732 67352 67687 28 9103
733 67400 79574 73 361781
734 67497 70064 118 146633
735 67826 72378 74 113358
736 67854 87261 27 69786
737 67926 74848 45 168397
738 68005 79802 44 93311
739 68157 81876 26 154706
740 68202 78291 86 360653
741 68348 76362 11 54866
742 68627 70015 109 50538
743 68694 76107 42 397090
744 68703 69049 93 16159
745 68710 95368 96 1300190
746 68906 70084 19 26501
747 68968 74468 135 572288
748 69036 93493 100 562046
749 69061 79448 40 113857
750 69195 77256 18 15213
751 69201 77761 99 384474
752 69234 73873 7 19600
753 69254 70989 32 64750
754 69498 79741 46 179892
755 69539 75805 40 82532
756 69601 81241 7 42174
757 69624 84740 61 346452
758 69659 93319 45 273305
759 69728 71289 4 1705
760 69784 81160 50 249358
761 69801 78673 80 572361
762 69828 72587 73 49433
763 70085 72367 7 2669
764 70145 71168 34 11709
765 70153 72887 76 93458
766 70206 71903 13 12695
767 70402 70811 18 4168
768 70420 70718 13 2642
769 70447 97406 4 21792
770 70451 71232 149 54018
771 70738 84016 140 1637109
772 70835 74102 26 16135
773 70856 77000 17 77698
774 70871 74658 5 10000
775 70888 73384 13 14228
776 70970 71078 116 7080
777 71205 98451 52 391280
778 71210 79302 49 297438
779 71277 73093 115 154330
780 71457 92751 142 818091
781 71524 77752 117 295831
782 71569 72373 40 6734
783 71614 74852 7 5779
784 71659 81616 22 101046
785 71677 73091 129 99023
786 71769 76633 46 92725
787 71799 84674 20 73480
788 71818 75934 12 35539
789 71993 72954 80 17406
790 72032 78608 28 123584
791 72051 73447 19 17043
792 72133 76890 102 459939
793 72301 73272 138 69935
794 72418 74101 6 8307
795 72572 91062 33 79399
796 72620 79105 123 191333
797 72876 82873 87 300994
798 72894 78423 92 674430
799 72897 82669 43 215875
800 72938 74749 12 10684
801 72981 80137 71 424138
802 73132 78565 73 123624
803 73203 82918 53 150066
804 73279 80400 10 47070
805 73336 75473 63 46860
806 73434 81116 19 60631
807 73508 87170 106 447900
808 73532 85360 94 482068
809 73537 74993 16 7954
810 73682 92050 85 450820
811 73718 80563 66 224167
812 73745 76194 17 8394
813 73811 78152 143 704949
814 74109 74168 136 7202
815 74112 79538 87 300707
816 74130 79823 35 88294
817 74201 83230 12 63263
818 74509 76862 24 17066
819 74678 77269 65 107083
820 74781 77270 9 3209
821 74907 79118 98 67111
822 74965 82157 93 493823
823 75057 86275 27 120870
824 75356 78522 125 474720
825 75359 76457 15 3634
826 75379 79395 33 22296
827 75381 75809 12 2354
828 75459 83893 98 108665
829 75564 77374 100 75642
830 75565 78731 123 181803
831 75595 80546 44 108697
832 75687 84804 24 68320
833 75771 77280 97 60885
834 75783 78772 40 82147
835 75930 85003 31 177092
836 76141 83227 16 65117
837 76214 78442 64 117844
838 76270 76863 37 11143
839 76459 76543 61 3508
840 76532 80922 66 265936
841 76596 80167 85 329986
842 76603 81951 70 410667
843 76729 79086 37 39151
844 76851 84862 149 359980
845 77103 78211 48 49766
846 77166 80158 15 19910
847 77209 82199 31 33941
848 77457 85365 23 82378
849 77477 87216 124 515877
850 77498 84848 50 103501
851 77924 83302 55 231831
852 77987 83131 47 194388
853 78348 79258 25 5919
854 78470 79952 35 25276
855 78478 79915 130 94194
856 78544 84722 40 181661
857 78877 81802 67 36797
858 78893 81763 46 49377
859 79056 84342 11 18436
860 79190 89374 90 398485
861 79191 81934 83 55219
862 79220 80533 14 38546
863 79259 81279 52 41877
864 79324 84907 19 53034
865 79461 81611 16 6743
866 79544 83973 63 104948
867 79635 90100 74 195243
868 79655 82237 112 660439
869 79675 87195 129 437424
870 79771 88484 82 209898
871 79835 82026 28 19397
872 79871 96218 23 79018
873 80043 80460 6 3211
874 80053 88392 100 401269
875 80531 83030 84 44948
876 80559 81803 31 18077
877 80632 83704 35 21625
878 80671 81645 94 66465
879 80813 83327 105 131924
880 81225 96060 23 89807
881 81227 82394 7 4361
882 81379 84980 53 120989
883 81546 83397 58 55695
884 81554 99559 41 91953
885 81636 99009 149 595954
886 81692 97305 48 285412
887 81859 83856 30 57664
888 81965 98632 121 484121
889 82286 92175 9 10068
890 82324 84658 106 111292
891 82498 96917 133 669861
892 82591 84480 95 106824
893 82593 83068 78 22911
894 82711 85986 47 107945
895 82864 83175 147 26777
896 82874 83122 29 2660
897 82951 92685 7 32632
898 82957 84598 6 7520
899 82996 97410 52 255835
900 83056 85066 87 40280
901 83220 84447 111 101632
902 83301 84456 22 52219
903 83427 92687 78 239573
904 83569 87122 32 33268
905 83599 83954 47 6761
906 83995 86596 55 43195
907 83998 85415 50 31401
908 84009 85414 63 27532
909 84171 93464 78 153513
910 84286 96864 76 384867
911 84885 98578 18 61885
912 85091 88089 111 42181
913 85254 90535 43 120774
914 85524 86351 15 9860
915 85598 87344 139 254073
916 85707 90090 89 141152
917 85745 87323 116 69734
918 85796 85936 140 22818
919 85878 91573 25 20672
920 86030 89469 35 44370
921 86137 90356 6 15924
922 86165 92683 42 251540
923 86255 92142 20 15421
924 86316 87705 119 69857
925 86496 91920 4 14138
926 86585 99902 10 41320
927 86788 89669 9 14621
928 86793 97229 62 102591
929 87185 98703 21 89311
930 87320 91096 75 191320
931 87501 88186 64 33921
932 87580 99219 75 287065
933 87750 89021 7 2908
934 87859 97036 12 14777
935 88195 91193 17 23239
936 88285 96753 48 104905
937 88292 93705 115 206580
938 88482 90490 71 91171
939 88581 91864 62 51996
940 88887 93234 25 41690
941 88952 93276 50 63215
942 89118 93111 99 237914
943 89235 93106 91 225916
944 89313 89461 121 14321
945 89332 90143 12 9792
946 89352 89739 84 33642
947 89709 94847 99 181880
948 89862 90531 30 26810
949 90114 93058 72 82776
950 90122 99662 16 114442
951 90420 91054 41 13791
952 90437 93693 27 44948
953 90505 94945 35 79475
954 90721 94190 29 366073
955 90743 97069 105 187426
956 90778 97374 73 127220
957 90871 92724 18 47907
958 90875 92533 25 27822
959 91052 91311 26 1523
960 91154 98033 28 85363
961 91290 97820 98 461829
962 91612 94320 26 111165
963 91722 93037 88 100966
964 91751 91980 118 18487
965 92039 95784 38 58742
966 92354 97168 8 8015
967 92451 93163 39 11414
968 92488 95036 109 166769
969 92988 99668 18 26804
970 92991 93021 109 1592
971 92995 94749 53 24718
972 93134 95999 34 63588
973 93208 97466 119 409239
974 93230 93323 13 841
975 93666 95649 128 138573
976 93683 94537 134 19672
977 93784 99315 12 13621
978 94096 97843 50 153242
979 94188 94409 38 3216
980 94304 95917 42 12358
981 94390 97814 81 91779
982 94477 96208 47 67477
983 94703 97745 22 22352
984 94876 98749 63 193321
985 94913 95466 34 3199
986 95276 96580 19 10746
987 95333 98304 109 94404
988 95348 96378 121 48411
989 95496 96879 97 53913
990 95893 96132 82 19278
991 95986 96851 38 15177
992 96080 98963 30 39661
993 96099 99979 29 37697
994 96247 96928 93 33562
995 96348 97589 115 46709
996 96782 99338 37 23340
997 96787 97222 25 5018
998 97818 98121 31 12126
999 98812 99379 41 8997
