50 1000 0.056
.######..............#####........................
#.#####.............######........................
####..............#####.#.........................
###...............####............................
###................#..............................
.###.#............................................
######............................................
#.###...##........................................
.........#........................................
.........##.......................................
......#.####......................................
.....###.###......................................
.......###...........................####.#.......
........##.#..........................###.#..#....
.........###..........................#####..##...
.......###.#...........................#######....
.......................................####.###...
.........................................###......
..........................................#.......
..................................................
..................................................
..................................................
..................................................
..................................................
..................................................
..................................................
..................................................
..................................................
.............#....................................
.............###..................................
..............###.................................
............#####.................................
...........######.................................
............#####.................................
..........###.#####...............................
...........#..###.................................
.............####.................................
..............#.##................................
.................#................................
..................................................
...............#..................................
..............##.#................................
............#..###................................
............######................................
.............#.#.#................................
..................................................
..................................................
..................................................
..................................................
..................................................
0 41 4720 25 35144
1 238 3364 17 11183
2 322 2719 63 103499
3 380 12451 63 221490
4 419 9977 111 344118
5 615 6909 14 81120
6 798 1466 138 98813
7 820 3403 32 37306
8 977 15636 5 9616
9 1119 11660 124 427646
10 1129 8840 116 314724
11 1200 1224 30 416
12 1376 15701 7 19840
13 1571 1709 4 303
14 1573 23311 5 19518
15 1630 18273 49 281967
16 1779 3104 5 4604
17 1889 11653 127 344301
18 1972 14444 83 481448
19 2201 4729 6 6931
20 2258 16911 41 420387
21 2404 2892 6 780
22 2567 5502 51 113614
23 2657 11539 19 61176
24 2666 8508 133 113484
25 2668 6216 70 88229
26 2784 11040 83 234148
27 2799 10618 135 234347
28 3115 10583 21 219096
29 3195 5848 16 9708
30 3536 22290 124 1728072
31 3592 11357 34 89231
32 3633 5651 27 51647
33 3762 5086 4 3627
34 3806 5366 28 14380
35 3866 11870 13 51823
36 3903 28122 10 135548
37 3930 5435 44 73488
38 4082 16007 118 527918
39 4095 10391 149 164631
40 4236 33652 76 477570
41 4265 23280 124 584523
42 4267 5558 21 25507
43 4325 13093 92 224678
44 4369 13620 21 103028
45 4475 13780 62 250716
46 4560 9820 71 89493
47 4573 9968 7 19239
48 4737 5094 26 7563
49 4860 5877 78 14337
50 4939 5288 36 4131
51 4985 8627 137 787968
52 5478 9293 123 119527
53 5593 5723 63 3304
54 5658 9573 56 114833
55 5817 8539 44 36569
56 5973 15941 77 238125
57 5992 8716 61 85395
58 6045 18681 41 397121
59 6087 17634 27 305058
60 6109 14130 19 33586
61 6178 6702 62 11111
62 6378 7448 103 81864
63 6380 10778 100 147421
64 6427 6470 7 191
65 6633 10909 79 122769
66 6662 11134 101 377098
67 6965 11887 48 205745
68 7095 27234 9 53990
69 7097 13245 91 188257
70 7143 10027 111 75232
71 7164 16142 18 78346
72 7186 9460 8 9066
73 7277 20755 132 116914
74 7314 8650 6 2231
75 7334 8397 43 18123
76 7367 8908 47 45398
77 7503 16612 62 486365
78 7594 15517 72 179321
79 7618 9241 72 123634
80 7640 8955 123 96183
81 7823 10572 8 13370
82 7859 25577 26 212601
83 7887 8760 100 39193
84 7932 10837 9 6027
85 8169 15516 91 420602
86 8177 50015 95 327115
87 8362 9808 11 12825
88 8411 13709 91 154363
89 8489 11703 131 140877
90 8532 15899 16 48379
91 8561 10823 53 162503
92 8976 9365 87 24870
93 8980 11765 118 266854
94 9029 13014 13 18288
95 9041 12697 95 62541
96 9089 24459 30 486718
97 9108 18262 39 164415
98 9246 9381 134 24957
99 9306 11184 17 26707
100 9421 10897 26 10543
101 9576 12898 15 16355
102 9594 11878 6 2038
103 9668 12054 89 96364
104 9697 12680 139 420634
105 9751 18301 41 890554
106 9774 12157 49 78890
107 9802 10037 61 10258
108 10094 26580 148 1074907
109 10161 15630 47 197873
110 10294 14736 98 397791
111 10365 11438 97 55369
112 10374 12575 124 74475
113 10536 14787 106 258645
114 10688 16635 54 106159
115 10740 14106 108 132851
116 10744 13304 104 90669
117 10772 16248 20 45741
118 10942 16658 53 197072
119 11014 11355 23 1917
120 11145 12580 7 3260
121 11247 12117 27 12658
122 11268 17049 129 1179885
123 11485 22721 120 986298
124 11532 14962 98 146737
125 11668 12470 19 4178
126 11959 34324 5 23285
127 12049 28023 143 612555
128 12083 14202 123 66318
129 12120 14319 126 48269
130 12178 12234 82 7627
131 12213 14874 82 46083
132 12453 15102 10 11800
133 12499 23033 19 144778
134 12514 17145 18 11993
135 12543 15938 21 28192
136 12595 16325 129 205890
137 12600 16382 82 602542
138 12946 14523 13 9826
139 13049 21048 70 122955
140 13162 14350 97 42120
141 13592 17102 17 19994
142 13955 14715 7 3534
143 13994 18822 45 102461
144 14134 16991 114 185483
145 14197 14624 83 15058
146 14239 15940 49 35165
147 14312 46274 26 406571
148 14434 15642 36 30604
149 14531 14923 51 18704
150 14604 20239 107 360705
151 14767 19728 16 35581
152 14807 18114 10 12051
153 14826 15749 79 80645
154 14829 19251 101 212496
155 14969 24549 66 157019
156 14976 14992 33 620
157 14986 17172 40 44720
158 15081 40491 123 3069070
159 15216 18974 18 41702
160 15249 16452 41 16660
161 15423 26139 58 275036
162 15479 25334 63 128711
163 15592 31359 86 482518
164 15646 22247 83 646213
165 15694 20501 43 146447
166 15722 20945 6 6708
167 15748 17795 20 46154
168 15785 24253 104 467624
169 15895 20067 144 322731
170 15958 18562 72 180719
171 15985 29007 57 173537
172 16042 26608 41 101571
173 16110 16686 11 4429
174 16172 39900 73 1231439
175 16302 17176 61 16163
176 16451 19210 70 76840
177 16454 28403 88 650442
178 16554 23256 12 16395
179 16661 17745 95 54200
180 16696 20555 23 51559
181 16714 18636 119 128432
182 16810 18567 34 33504
183 16865 17153 60 11326
184 16891 19289 20 18240
185 17002 18678 49 21246
186 17030 23059 70 156023
187 17157 17837 90 46473
188 17190 17216 109 1284
189 17253 19954 112 581636
190 17385 19263 51 61825
191 17607 22266 69 147758
192 17642 21100 100 445245
193 17695 23303 128 301111
194 17765 20087 91 105195
195 17979 18304 110 10960
196 17992 31069 89 500447
197 18016 19261 130 199462
198 18096 20607 4 5066
199 18133 25913 13 36979
200 18214 21546 13 63306
201 18277 20851 18 12245
202 18469 22907 129 300474
203 18710 25569 6 11977
204 18739 20298 45 14196
205 18965 29424 26 80859
206 19025 26305 108 238631
207 19233 24206 49 85420
208 19270 19315 12 389
209 19352 23181 124 216098
210 19356 20045 18 6200
211 19369 20077 8 4736
212 19446 23842 129 197381
213 19485 29233 79 846409
214 19607 26387 6 9967
215 19643 20967 29 22872
216 19683 22318 9 15909
217 19730 25196 55 83744
218 19897 22076 53 68906
219 19937 26308 17 41652
220 20058 22575 85 93600
221 20129 34310 10 95079
222 20176 28570 35 78102
223 20197 24490 14 10513
224 20250 23429 15 36848
225 20306 27422 57 113221
226 20340 34748 86 246044
227 20586 27378 8 40858
228 20665 20852 28 1966
229 20849 21128 108 24427
230 21023 35440 5 14592
231 21108 25982 105 197333
232 21223 31157 11 26220
233 21402 26263 57 171571
234 21488 28052 5 8039
235 21489 21539 121 2806
236 21549 43040 4 22357
237 21628 21928 60 16153
238 21650 21691 4 248
239 21669 24872 52 43344
240 21817 28486 4 20004
241 21891 36374 105 302491
242 22135 25392 23 34093
243 22154 26632 38 67100
244 22157 22947 113 41212
245 22210 23514 37 44112
246 22431 22999 49 7078
247 22891 27853 18 17446
248 22955 24227 21 6780
249 23150 38899 35 205342
250 23187 27162 13 21391
251 23362 28866 4 6269
252 23463 28597 86 130287
253 23510 27020 117 108453
254 23817 23955 114 17717
255 23860 26068 86 40675
256 23922 24348 69 16429
257 23940 25615 146 91745
258 23963 24719 22 6564
259 24214 35381 138 1175370
260 24248 31805 109 547113
261 24275 31023 21 43228
262 24366 26152 72 28057
263 24407 28358 149 756094
264 24415 25424 24 15908
265 24589 33153 142 375843
266 24944 27664 39 39917
267 25039 27419 59 86036
268 25072 44822 142 463867
269 25235 30754 134 783399
270 25277 26773 128 40437
271 25311 30501 120 330804
272 25480 26193 41 18006
273 25539 31910 29 67628
274 25547 27449 105 38397
275 25966 29317 32 23930
276 26060 34272 95 297583
277 26063 38043 52 269521
278 26073 35586 12 60887
279 26237 26635 20 7815
280 26292 29481 105 168942
281 26320 27875 57 52230
282 26421 27609 7 3530
283 26547 28203 78 41165
284 26565 30507 12 51410
285 26566 29597 23 19253
286 26845 29784 7 20523
287 26865 27820 28 9420
288 26987 43204 36 166035
289 27071 29982 119 167938
290 27247 27517 5 870
291 27289 33859 40 73348
292 27294 41077 122 667240
293 27314 30762 5 2270
294 27369 31105 13 15498
295 27372 28807 57 48545
296 27729 29596 149 50119
297 27851 36717 7 9257
298 27911 40130 119 613995
299 27965 34243 51 76726
300 28062 32240 46 250324
301 28186 30195 14 21140
302 28235 28441 35 7311
303 28237 30447 15 13113
304 28362 33570 55 126104
305 28431 33096 138 165652
306 28510 48021 25 70532
307 28543 29721 81 21268
308 28598 35119 61 121115
309 28999 33628 105 461222
310 29126 29151 78 3340
311 29155 29583 42 8815
312 29173 34652 145 314820
313 29177 52389 7 37724
314 29242 33292 8 6560
315 29307 33606 78 212878
316 29391 33829 43 140581
317 29443 30110 21 26383
318 29461 38176 38 273428
319 29536 31265 54 74114
320 29708 35987 33 27483
321 29715 31036 31 30401
322 29974 37943 142 381561
323 30040 32693 31 70833
324 30048 40794 130 365964
325 30100 31336 26 19637
326 30278 47896 5 19579
327 30622 39855 28 87696
328 30624 37057 128 371292
329 30663 32236 33 33634
330 30689 32434 140 105445
331 30965 31590 23 13960
332 31089 43732 70 161252
333 31179 31849 73 17245
334 31195 36530 82 202293
335 31284 32305 75 28007
336 31298 40591 52 281498
337 31309 33281 28 28900
338 31328 37526 100 1242940
339 31467 37600 6 9693
340 31488 37357 100 455803
341 31506 35802 50 116550
342 31586 32351 15 5792
343 31826 41011 18 62585
344 31834 43396 47 422722
345 31929 33847 8 7349
346 31951 41369 37 220821
347 32008 33543 51 23935
348 32062 34440 72 27143
349 32487 35366 7 11161
350 32503 40112 28 113607
351 32507 38028 118 189034
352 32510 33011 39 22500
353 32646 54441 90 1494698
354 32687 37003 116 244899
355 32801 46452 136 1799048
356 32866 37542 34 54818
357 33084 34708 80 54762
358 33104 33966 130 36748
359 33172 38157 23 67007
360 33198 34183 139 49725
361 33270 37509 24 78698
362 33347 38981 74 376987
363 33487 35709 93 109837
364 33699 39380 13 30166
365 33726 40313 8 21360
366 33769 35915 35 85349
367 33812 35805 89 35108
368 33888 37148 111 160327
369 34006 35888 56 64458
370 34010 36688 82 99885
371 34306 34527 34 12298
372 34354 41315 7 21723
373 34488 36388 21 9324
374 34517 35612 40 23077
375 34724 40387 8 7470
376 34788 47621 142 294355
377 35033 36927 108 110279
378 35169 37606 77 63277
379 35261 40314 94 120011
380 35268 35275 12 72
381 35361 43069 7 4741
382 35479 36366 50 13339
383 35540 44235 97 286394
384 36024 45995 128 279398
385 36369 36967 52 35918
386 36474 42273 65 222418
387 36633 40226 70 112811
388 36639 43761 59 162674
389 36648 54975 6 15120
390 36883 42951 100 358017
391 36972 37011 35 2566
392 37044 40221 38 52278
393 37181 39061 28 34339
394 37196 38787 121 101192
395 37222 47914 12 92786
396 37308 42339 109 84243
397 37401 39436 96 66385
398 37461 50211 89 505236
399 37615 43791 88 209497
400 37655 38690 138 73674
401 37804 39274 136 46807
402 37814 43063 144 809551
403 38105 40163 130 103633
404 38223 53122 13 42818
405 38246 52518 12 84251
406 38359 40489 119 151408
407 38414 39608 35 35534
408 38430 44171 145 303886
409 38443 43429 111 280161
410 38819 39333 148 49436
411 38829 42639 13 38597
412 38886 47314 7 20389
413 38891 45167 12 23666
414 39085 43819 59 182815
415 39365 40569 140 208965
416 39517 43149 137 240406
417 39566 40885 88 118912
418 39622 41413 149 157558
419 39705 44500 70 296727
420 39740 45744 32 88996
421 39819 40583 45 19770
422 39872 48904 60 82124
423 39919 42943 57 79731
424 40026 56244 16 195318
425 40043 45552 50 78917
426 40430 40757 47 9519
427 40478 51799 29 150211
428 40684 42018 12 5486
429 40783 53114 19 69061
430 40813 42620 10 8182
431 41150 48418 82 242038
432 41173 58682 7 59801
433 41183 44192 30 30430
434 41225 46139 43 52805
435 41352 41487 6 1267
436 41381 41834 77 25740
437 41411 53784 26 144202
438 41434 50527 39 122062
439 41465 45449 125 256295
440 41554 42800 79 27400
441 41586 45483 58 129119
442 41905 45170 107 355656
443 41929 58935 4 19906
444 41946 44086 71 32551
445 42122 53626 60 179282
446 42410 46241 19 27733
447 42433 63080 137 1320268
448 42702 47426 7 8283
449 42745 43238 51 10842
450 42754 47383 92 340608
451 42822 42934 28 2832
452 42878 45090 114 84285
453 42891 53609 47 323284
454 42930 54003 93 430369
455 42990 44215 98 38133
456 43177 46521 15 49271
457 43290 67120 73 533729
458 43379 49910 15 32490
459 43386 45060 29 19609
460 43538 44392 9 7305
461 43610 52581 96 558773
462 43666 45185 111 122395
463 43809 51486 66 137511
464 43847 53223 73 162543
465 43881 53342 91 194764
466 43954 58632 119 1413931
467 43963 47292 14 10578
468 44013 44037 4 103
469 44277 46564 83 60171
470 44348 46277 6 6268
471 44364 64447 12 71214
472 44386 46865 29 18827
473 44406 45883 82 55251
474 44455 47821 13 32362
475 44534 44547 97 818
476 44603 47564 130 198913
477 44809 64674 27 85003
478 44994 47516 30 15371
479 45031 47466 79 169326
480 45040 64245 39 271531
481 45041 45369 4 781
482 45044 45565 48 13310
483 45053 51137 6 20098
484 45073 48500 7 9163
485 45164 52475 42 110635
486 45266 47813 77 72970
487 45331 46561 32 14512
488 45874 46175 124 26506
489 46098 50505 76 80361
490 46342 64425 73 505393
491 46360 58038 85 274248
492 46386 52791 29 97333
493 46450 50687 88 314255
494 46514 55596 95 607575
495 46572 48172 109 142208
496 46842 52185 78 70528
497 46895 47554 4 1186
498 46903 50970 17 30264
499 47095 52062 102 92718
500 47103 51526 53 89022
501 47215 56318 8 31849
502 47266 49121 28 39224
503 47604 49099 16 4193
504 47667 51035 113 551193
505 47752 51998 8 22748
506 47775 48580 56 32503
507 47778 47979 67 4355
508 47830 52826 98 366840
509 47905 49982 91 137301
510 47953 57872 47 88458
511 48175 66466 22 63890
512 48317 49232 9 1944
513 48321 56524 127 151398
514 48544 50366 103 79759
515 48599 49292 149 15680
516 48603 50001 22 8730
517 48615 49494 6 368
518 48636 49338 16 3874
519 48687 52382 103 71140
520 48721 48850 150 4998
521 48780 54286 4 10404
522 48969 61497 44 261638
523 49081 49835 32 4142
524 49141 55959 30 63628
525 49399 50204 132 108497
526 49420 51935 71 67345
527 49438 52077 77 108219
528 49556 53901 143 557592
529 49608 52316 87 92662
530 49648 51077 54 21922
531 49756 62362 95 203970
532 49799 51235 72 60914
533 50163 52471 24 17390
534 50420 55128 7 10991
535 50468 56553 90 200906
536 50563 60145 26 89300
537 50619 50883 42 11144
538 50673 55098 68 162986
539 50697 52739 102 68465
540 50707 57181 98 182017
541 50788 50835 13 657
542 51046 51400 19 4560
543 51098 61278 34 51642
544 51335 60952 113 560649
545 51352 54579 86 181170
546 51718 52862 149 83021
547 51733 62899 19 42850
548 51878 55744 12 11273
549 51900 57871 46 75214
550 52167 61250 64 556867
551 52326 60100 7 18672
552 52362 60321 40 156050
553 52498 53254 112 22713
554 52510 54918 118 83360
555 52822 55699 37 97952
556 52823 55192 11 70404
557 52866 60985 29 96545
558 52915 54819 77 79744
559 52968 53647 123 13572
560 52982 63247 61 217284
561 53007 53949 101 49674
562 53175 59586 83 237623
563 53302 56140 134 375725
564 53571 76805 66 366402
565 53673 54436 88 24775
566 53681 53891 14 1508
567 53921 61319 135 598286
568 53985 60495 23 40400
569 54104 57419 34 49183
570 54123 61399 97 391217
571 54180 67949 16 209925
572 54244 54444 120 11621
573 54297 56812 26 33033
574 54331 58080 9 21313
575 54356 56738 26 54063
576 54381 63009 86 306542
577 54470 54551 106 7002
578 54517 54831 67 6004
579 54550 58286 23 43826
580 54586 69003 141 961921
581 54622 56052 24 12801
582 54716 62040 13 24884
583 54862 55073 98 19309
584 55048 63950 38 91181
585 55084 63008 112 271321
586 55134 60519 14 40217
587 55261 57641 64 43326
588 55404 57141 109 73180
589 55406 62967 21 34042
590 55464 56460 26 23862
591 55480 58022 10 12721
592 55586 59287 146 181531
593 55654 61518 99 410301
594 55682 56284 36 20103
595 55691 55781 13 374
596 55780 66794 87 501618
597 55937 57757 52 36960
598 55966 68170 86 387812
599 56107 60503 58 246942
600 56118 58091 35 21472
601 56124 60821 137 220021
602 56179 58003 17 12863
603 56229 59010 122 181780
604 56351 59490 79 126157
605 57089 59718 25 16184
606 57134 58785 62 62687
607 57147 59612 26 17625
608 57343 58146 122 48047
609 57368 64703 7 11537
610 57594 60653 8 14430
611 57699 60367 19 29694
612 57998 60752 56 80346
613 58128 73792 17 230498
614 58326 65164 52 149832
615 58363 59244 80 61327
616 58558 67263 16 124733
617 58580 58925 104 19330
618 58615 64760 44 130487
619 58669 66452 27 162186
620 58736 67899 15 114261
621 58880 62552 5 14242
622 58905 65964 40 208619
623 59026 66981 14 43753
624 59178 71548 144 970493
625 59189 60011 13 12644
626 59331 61273 12 3064
627 59342 59755 70 13039
628 59356 65348 109 173957
629 59573 67260 6 21778
630 59816 61745 6 4785
631 59826 61405 43 32792
632 59868 69571 93 530955
633 59978 79134 77 499548
634 59996 64729 114 305334
635 60051 68957 8 8202
636 60056 68959 56 244286
637 60142 66338 44 62872
638 60148 62348 27 61684
639 60248 60740 69 17706
640 60709 63149 85 98129
641 60736 66414 32 55598
642 60804 71519 123 305647
643 60907 63903 35 97280
644 61007 69623 90 159201
645 61184 67970 12 13643
646 61328 72795 50 182000
647 61345 63186 26 46876
648 61430 85019 107 814422
649 61474 63055 64 55576
650 61514 65819 144 545656
651 61695 66695 83 191977
652 61822 85551 87 1198087
653 61874 65079 48 89368
654 62051 67328 24 115913
655 62242 65855 107 169427
656 62327 64493 149 140304
657 62533 65526 113 144929
658 62571 73246 148 1148983
659 62625 64625 109 79174
660 62837 65759 27 18608
661 62865 62883 44 532
662 62902 68090 70 176246
663 62924 70411 49 94873
664 62997 64537 57 40892
665 63019 66177 56 198716
666 63042 67332 132 307439
667 63070 71837 6 19419
668 63092 63639 45 13858
669 63181 64390 8 8656
670 63271 65083 138 218611
671 63287 63715 42 11557
672 63293 69503 8 25394
673 63485 65148 89 159048
674 63595 94623 122 1312331
675 63644 79507 57 434943
676 63761 71953 43 203907
677 63874 66407 27 21378
678 64140 65547 80 90138
679 64142 66498 33 22225
680 64174 81145 8 53392
681 64228 65044 64 38397
682 64438 69417 36 52638
683 64459 92251 13 55167
684 64528 65035 56 22110
685 64529 73588 32 173833
686 64565 68503 67 157276
687 64643 71512 64 167504
688 64673 64819 37 3531
689 64959 66105 66 49003
690 65082 76243 92 234755
691 65304 77252 144 899671
692 65339 67947 94 84790
693 65342 69931 39 67217
694 65357 68258 90 334821
695 65413 86759 25 226482
696 65617 66517 111 82747
697 65627 69614 10 31174
698 65630 69658 16 22159
699 65636 65956 66 6759
700 65716 75246 21 132683
701 65763 67669 136 190677
702 65959 69432 64 108126
703 65986 68336 12 10257
704 65989 78504 74 711749
705 65996 70513 61 80291
706 66001 81694 119 259438
707 66007 67351 5 4194
708 66029 71764 22 23365
709 66125 78133 58 767087
710 66284 67976 9 8680
711 66488 66910 59 5949
712 66525 66670 81 18377
713 66533 68922 27 69753
714 66715 74441 30 122040
715 66738 70200 54 54173
716 66790 67911 30 34513
717 66861 73460 140 476157
718 67125 73069 94 107673
719 67191 69392 26 30641
720 67210 78445 12 149056
721 67380 69857 29 15744
722 67427 70702 33 70246
723 67479 71689 43 65364
724 67576 73375 75 239672
725 67780 71642 42 52184
726 67853 76037 7 27822
727 68110 73065 140 472518
728 68389 69428 5 994
729 68614 76670 13 61579
730 68633 72243 22 23999
731 68649 70716 28 55916
732 68766 69786 83 51351
733 69080 74971 12 31631
734 69164 72560 21 41684
735 69188 70657 144 52763
736 69195 71081 50 47861
737 69269 69958 94 21038
738 69336 72283 43 40320
739 69851 75227 27 186296
740 69989 73936 61 94891
741 70057 75675 12 16120
742 70215 70783 18 13271
743 70262 72484 9 7313
744 70410 81907 95 705602
745 70535 73892 148 90996
746 70582 71160 26 6578
747 70655 71233 106 34693
748 70922 71048 57 7785
749 71027 84749 130 1046243
750 71175 76162 146 136868
751 71206 89462 149 1897864
752 71372 73423 74 44945
753 71674 74325 12 31317
754 71675 72204 31 18839
755 71709 73387 53 73629
756 71759 78832 87 404628
757 71817 78593 118 1254238
758 71971 73629 61 29037
759 72072 79989 47 97451
760 72130 72820 36 11865
761 72523 74959 69 88548
762 72545 74973 73 99899
763 72756 81248 19 65769
764 73048 73353 68 14130
765 73187 79399 5 19546
766 73196 76451 28 35857
767 73210 76130 60 72882
768 73258 74481 21 5993
769 73276 76147 4 9037
770 73289 76154 85 93896
771 73348 75720 35 48292
772 73382 87612 54 212305
773 73393 75745 9 20406
774 73536 84014 43 130752
775 73552 76223 24 32124
776 73571 79044 90 274922
777 73675 74573 95 11958
778 73813 76735 16 13089
779 73823 77002 29 77945
780 73830 80206 7 19765
781 73995 91230 40 302466
782 74196 79146 38 83074
783 74206 77787 97 189075
784 74219 82385 104 311537
785 74246 80854 4 8389
786 74455 82075 34 116674
787 74456 84471 111 599035
788 74604 83926 17 68082
789 74729 87594 27 160337
790 75047 95612 30 154695
791 75088 76665 126 71891
792 75099 82797 35 112338
793 75100 77919 143 379688
794 75162 95098 21 56525
795 75216 80559 10 22721
796 75387 77775 135 149872
797 75814 83866 15 34881
798 75925 78755 48 41537
799 75982 84748 86 587109
800 76111 87880 53 391105
801 76436 76590 29 2789
802 76704 84211 43 50504
803 76983 80187 53 125438
804 77034 80884 24 36284
805 77040 81685 88 160803
806 77080 95044 92 439864
807 77103 78054 20 34336
808 77211 78979 4 3065
809 77217 84137 65 174407
810 77320 85190 118 227554
811 77446 79250 19 10467
812 77643 80281 98 32030
813 77824 89840 123 344209
814 77971 78039 7 283
815 78122 78574 110 19151
816 78139 78545 126 25636
817 78184 86315 48 118357
818 78197 81845 61 86592
819 78488 81698 41 52837
820 78564 79703 94 64798
821 78835 87339 110 313243
822 78839 88407 11 35791
823 78864 79188 90 11618
824 78871 82900 127 305024
825 78897 80022 142 99602
826 78988 83223 124 197211
827 79125 81120 11 12315
828 79216 81263 10 10275
829 79261 79961 53 16404
830 79436 85362 44 73068
831 79925 80134 97 4113
832 80236 81182 116 57008
833 80282 86110 132 285808
834 80392 85283 23 23224
835 80416 82922 11 9197
836 80562 85360 41 105963
837 80564 86819 99 356825
838 80609 86860 134 700667
839 80645 81372 13 3689
840 80751 83867 19 30333
841 80837 83282 100 73237
842 81262 82296 15 11609
843 81273 89189 46 123287
844 81274 84385 73 99567
845 81592 85654 10 43763
846 81635 84567 117 306712
847 81737 84127 118 71041
848 81768 86260 72 145995
849 81792 83976 89 94808
850 81834 84643 127 255049
851 82001 82176 36 5994
852 82103 83636 14 7869
853 82155 84592 43 38300
854 82220 89638 12 56755
855 82298 84116 54 66290
856 82329 94890 37 306948
857 82351 89142 65 118940
858 82398 86308 109 181159
859 82480 86577 35 54990
860 82492 87122 41 61422
861 82508 84648 129 85804
862 82521 88233 127 691949
863 82821 83437 56 18849
864 82876 94944 34 159251
865 83029 94508 5 24042
866 83177 96814 89 1446353
867 83254 83255 134 50
868 83351 88034 9 74024
869 83371 83550 22 1946
870 83424 91085 20 62646
871 83501 98140 129 1140827
872 83513 94168 136 521279
873 83649 94086 39 566348
874 83722 84331 141 31222
875 83761 90744 45 222599
876 84015 84840 37 7529
877 84034 85971 17 39635
878 84357 89756 112 323997
879 84911 87197 15 13321
880 84943 88376 73 119182
881 85192 89140 54 196943
882 85201 97698 9 34257
883 85209 90341 5 11370
884 85525 92708 59 265152
885 85627 91476 143 737259
886 85811 87792 39 63838
887 85969 88931 62 59929
888 86200 91834 11 34859
889 86354 87913 93 67185
890 86516 88712 120 36619
891 86768 94618 97 338931
892 86809 90297 22 80176
893 86866 99874 80 305198
894 86868 98303 28 233048
895 86965 91301 49 90681
896 86997 88301 39 34928
897 87099 95708 71 263403
898 87131 93497 11 22343
899 87180 89144 96 41414
900 87353 87686 53 23625
901 87375 91533 137 153794
902 87507 97740 119 178710
903 87628 96941 53 180187
904 87712 88930 105 68633
905 87773 89667 52 14074
906 87856 88813 41 37268
907 87871 88477 48 12374
908 88093 90647 55 247897
909 88109 92404 19 56194
910 88150 98129 112 226008
911 88551 89668 25 8722
912 88915 92928 12 14957
913 88917 90709 96 113806
914 89360 96854 97 275213
915 89437 89509 59 3090
916 89545 98945 26 205275
917 89681 99978 80 185111
918 89719 95996 76 261595
919 89805 91969 19 41547
920 89820 96775 140 552226
921 90078 92737 38 15063
922 90171 94185 39 69794
923 90245 90593 7 980
924 90265 99189 4 11773
925 90344 92168 144 134729
926 90455 91800 14 11226
927 90535 97601 25 118073
928 90792 92471 79 62961
929 90824 92663 109 59382
930 90846 93884 41 57610
931 91173 95320 52 39974
932 91226 97036 45 106840
933 91359 96474 60 109930
934 91563 96864 27 67458
935 91688 96326 57 94179
936 91699 91864 16 1415
937 91930 91967 18 337
938 91945 93616 14 21373
939 92095 97359 16 14751
940 92173 95418 54 121725
941 92245 94381 61 30677
942 92262 94401 85 116354
943 92300 93201 47 11587
944 92332 93202 7 5345
945 92453 93833 46 24239
946 92605 93604 15 4120
947 92742 98909 16 37127
948 92863 96113 43 101892
949 92912 94946 43 56651
950 93048 96704 51 167005
951 93121 99521 115 170325
952 93552 99860 70 191465
953 93595 98815 6 15011
954 93650 96582 5 8489
955 93705 97877 94 132501
956 93744 94529 32 8324
957 93869 94778 84 108758
958 93948 94070 26 2189
959 93975 95989 107 125661
960 94063 97849 89 108708
961 94377 96031 56 64135
962 94435 96851 54 253610
963 94600 97227 41 89528
964 94634 95244 111 32824
965 94658 97504 20 23359
966 94921 95216 143 23718
967 94995 97455 17 38318
968 95051 97398 17 28164
969 95173 98100 82 67051
970 95211 96844 115 45169
971 95255 95483 104 9010
972 95289 96803 70 24540
973 95325 95979 116 45152
974 95510 97752 48 55460
975 95517 99181 53 59094
976 95713 96096 130 16351
977 95985 97956 115 107461
978 95997 96199 86 18817
979 96064 99598 28 118563
980 96086 97005 146 84587
981 96280 99003 120 50639
982 96558 96892 8 817
983 96712 97114 82 12172
984 96810 97217 8 1147
985 96842 99308 11 6752
986 96893 97039 67 6353
987 96918 99988 67 159754
988 97427 97862 51 9854
989 97622 97888 5 1641
990 97729 99913 64 74977
991 97923 99002 37 18339
992 97989 98540 116 20765
993 98068 99863 9 22166
994 98093 98983 51 17878
995 98171 98816 48 19413
996 98175 99000 10 3393
997 98569 99482 11 6382
998 98889 99654 17 2782
999 99184 99915 31 7172
