50 1000 0.056
.......................##############.............
........................##########.##.............
......................##################..........
......................##############..............
.......................##############.............
.......................##############.............
........................##############............
........................#..###########............
..........................########..#.............
..........................##########..............
...........................##########.............
............................##########............
..........................###########.............
........................########.#.####...........
..........................#####..#.###............
.........................########...#.............
.........................##.##..#.................
.........................#...#....................
..................................................
..................................................
..................................................
.................................#................
................................##................
.............................#..#.................
.............................####...##............
.............................#########.###........
..............................###.#######.........
..........................#..####.#####.#.........
.........................####.###########.........
..........................##########.######.......
.......................###.###############........
.......................################.#.........
....................######.################.......
.....................#.#################..........
........................##############............
.........................####.#########...........
..........................############............
...........................########...............
............................####.###..............
..............................#...##..............
.................................##...............
..................................................
..................................................
..................................................
..................................................
..................................................
..................................................
..................................................
..................................................
..................................................
0 95 4086 107 162906
1 217 464 73 14813
2 318 5443 4 8852
3 468 10118 4 15620
4 534 1540 57 15796
5 546 12592 74 237955
6 574 7216 24 38489
7 718 1868 47 12536
8 842 3872 78 152781
9 1261 5939 78 194217
10 1433 1668 31 24167
11 1466 2640 4 1941
12 1572 2544 57 31161
13 1633 2965 48 41655
14 1643 2952 70 120571
15 1673 7718 10 42861
16 1732 12900 90 326335
17 2038 7173 103 205325
18 2167 2935 134 55361
19 2204 4588 11 7686
20 2248 7876 104 137479
21 2281 4491 41 57571
22 2344 3261 140 111143
23 2412 3585 28 28350
24 2413 17700 30 138914
25 2644 3271 32 25184
26 2684 8775 135 180948
27 2704 2790 132 3830
28 2783 3341 19 6445
29 2825 3574 111 42100
30 2843 4773 30 13545
31 3087 8410 108 236166
32 3095 4892 96 143439
33 3115 4956 21 33857
34 3168 3183 6 86
35 3327 3883 113 22141
36 3328 5177 27 13382
37 3397 4931 36 18091
38 3401 8212 20 22826
39 3515 4358 18 8226
40 3572 4458 86 24860
41 3619 4061 133 61285
42 3689 14666 124 608024
43 3799 7874 146 520469
44 3851 4699 17 17469
45 4087 5570 37 14255
46 4104 4167 125 9723
47 4108 8359 4 9877
48 4296 4359 5 201
49 4310 12619 37 322843
50 4540 6314 92 41682
51 4590 6688 81 50409
52 4596 13199 52 155419
53 4647 6761 129 377147
54 4890 18265 104 525389
55 4900 20502 70 673178
56 4909 18434 119 781010
57 4978 5567 10 680
58 5071 13277 66 121255
59 5421 18925 105 626995
60 5434 13017 9 53057
61 5671 9680 144 246572
62 5754 9684 71 153595
63 5757 11985 8 23734
64 5957 9151 102 413003
65 5984 9271 29 32993
66 5993 8142 12 11414
67 6097 13298 92 161380
68 6204 8376 108 131391
69 6257 7734 42 32071
70 6300 9385 136 70867
71 6715 13498 82 368733
72 6793 8321 146 97072
73 7001 11268 6 6056
74 7088 9065 98 130211
75 7096 9156 136 201081
76 7134 10754 4 5960
77 7198 26702 45 596248
78 7370 14107 52 287618
79 7423 14500 144 702198
80 7495 8666 96 52778
81 7727 8358 33 7228
82 8088 12359 73 304560
83 8140 9656 149 130204
84 8158 14314 51 142534
85 8295 14170 49 124633
86 8315 12471 67 263435
87 8322 10024 147 127167
88 8383 12893 78 454567
89 8452 14069 113 288985
90 8670 13139 40 173266
91 8711 11124 34 37637
92 8753 21661 102 694396
93 8912 14208 46 125646
94 8913 17396 32 45977
95 8957 16476 5 23076
96 9024 9833 66 44906
97 9067 12419 30 66925
98 9186 9895 130 37977
99 9188 9445 65 10551
100 9199 9468 6 1047
101 9242 15702 55 160191
102 9620 17016 22 93055
103 9860 10537 44 14203
104 9942 10294 18 17790
105 10012 12055 39 39659
106 10070 29250 102 464171
107 10178 19304 104 415514
108 10263 10681 48 9090
109 10380 10635 122 8722
110 10410 11126 54 10884
111 10576 15551 7 25458
112 10685 15608 9 23942
113 10710 21551 113 557578
114 10748 13746 127 227888
115 10837 13237 96 191764
116 10921 12948 11 9716
117 11318 15435 22 8096
118 11375 14674 149 195212
119 11463 12770 37 32658
120 11479 11863 16 2951
121 11671 16137 20 72722
122 11730 12233 69 26367
123 11788 13011 129 262101
124 11843 13465 48 39903
125 12188 16081 63 69380
126 12246 21074 32 134223
127 12291 15145 9 10630
128 12347 12763 127 26758
129 12350 23419 93 541197
130 12561 15137 97 102840
131 12576 12966 77 22811
132 12588 15982 83 243161
133 12664 15615 120 109461
134 12665 16447 34 45611
135 12775 23038 7 21429
136 12817 15143 17 15784
137 12887 13136 52 8320
138 12904 14997 142 356103
139 12910 13598 10 1595
140 13025 38898 18 257083
141 13074 19058 26 128801
142 13104 13106 4 6
143 13138 13407 85 10364
144 13151 13973 100 29294
145 13345 14544 122 45592
146 13489 15641 55 65808
147 13570 14146 72 81077
148 13601 16053 8 8213
149 13689 14759 121 99657
150 13711 23640 84 501860
151 13726 21851 106 591112
152 13880 15216 110 114410
153 14038 15723 17 27940
154 14091 19716 44 77612
155 14246 27042 24 124700
156 14287 25284 26 216491
157 14290 21346 47 299684
158 14311 19258 23 29866
159 14725 19140 6 16290
160 14793 14895 35 5124
161 14966 18609 68 96438
162 15626 25669 65 141718
163 15908 16683 85 23782
164 15986 16908 5 2087
165 16037 33988 10 76676
166 16125 18900 59 50249
167 16207 23113 121 194896
168 16371 19491 109 292192
169 16465 18515 5 2570
170 16497 23743 28 43287
171 16550 19117 5 7621
172 16591 17453 23 9160
173 16609 19109 55 54823
174 16617 16963 121 40280
175 16647 24734 38 104165
176 16741 17083 56 10095
177 16791 22135 47 138207
178 16835 23252 52 98056
179 16897 20193 79 146453
180 16964 30258 100 658395
181 16999 17610 71 19407
182 17053 20959 69 57083
183 17080 25480 87 809869
184 17082 19150 149 83707
185 17211 24572 37 114363
186 17321 27305 131 1745205
187 17376 25311 8 42018
188 17446 17941 97 11745
189 17505 19114 118 79542
190 17581 25094 39 262131
191 17641 19192 12 14524
192 17683 19103 38 41877
193 17751 21539 79 247949
194 17777 21575 53 34800
195 17850 19973 66 16666
196 18045 20614 97 104727
197 18057 26627 137 255376
198 18198 21768 73 59670
199 18428 19561 40 27974
200 18474 19034 142 60913
201 18529 27503 29 142990
202 18569 29871 100 409704
203 18685 21789 46 68688
204 18700 24888 35 76359
205 18712 19445 41 39967
206 18764 21560 148 767882
207 18944 22318 112 194240
208 19106 19797 104 62134
209 19276 21219 54 56016
210 19379 23792 15 47358
211 19503 20708 61 26778
212 19550 26830 61 72257
213 19660 20301 59 9244
214 19777 37294 55 96719
215 19804 30132 138 450099
216 19817 38895 64 454610
217 19883 20617 87 30834
218 19901 28943 31 67371
219 19936 20631 69 18322
220 20006 20238 82 7548
221 20036 20412 52 25762
222 20052 40453 115 961395
223 20270 20318 40 2383
224 20400 21375 24 7145
225 20431 21097 104 32551
226 20460 20813 73 12552
227 20665 25013 30 42926
228 20971 24433 102 116948
229 21140 26873 115 344926
230 21246 25605 74 261664
231 21491 22676 144 58093
232 21517 21546 25 333
233 21582 27665 31 39760
234 21721 28245 39 244392
235 21794 23865 70 38422
236 21905 33586 5 28792
237 21926 30364 60 106871
238 22470 33452 62 203638
239 22578 24356 26 34560
240 22584 22669 144 8654
241 22644 26004 20 39239
242 22696 26700 11 13228
243 22739 25534 9 9920
244 22756 28828 102 226563
245 22837 30895 102 552320
246 22968 23817 57 23686
247 23018 24113 18 22789
248 23397 23721 91 19113
249 23550 34446 98 326645
250 23605 51081 20 150335
251 23779 25299 8 4651
252 23815 25821 23 11258
253 23873 26352 38 55672
254 23903 24376 105 37390
255 24011 27859 127 356539
256 24143 27369 141 122378
257 24222 25250 61 29630
258 24333 30963 92 72355
259 24380 27048 30 8333
260 24495 26614 65 70669
261 24662 32538 45 422506
262 24779 29515 11 23610
263 24869 28865 24 105328
264 24954 25174 59 5405
265 25001 28305 104 131426
266 25047 26025 88 124656
267 25093 25340 37 7638
268 25415 28427 146 298794
269 25469 34704 121 702009
270 25499 25828 144 16690
271 25672 26647 24 14401
272 25987 32323 9 19461
273 26188 34328 64 131649
274 26271 26518 12 1115
275 26291 33430 67 255915
276 26448 28330 13 7129
277 26560 27559 138 103261
278 26690 32143 138 254441
279 26718 26755 116 3723
280 26795 28235 124 43073
281 26838 26972 122 3015
282 27067 28925 18 31601
283 27168 44546 12 85246
284 27377 28530 58 51615
285 27405 37727 84 258344
286 27495 32138 63 212094
287 27544 29786 23 23160
288 27545 29356 69 76348
289 27873 29051 11 13614
290 27938 28674 30 12179
291 28106 30795 86 121923
292 28275 28723 80 28456
293 28308 33762 132 225977
294 28443 28599 99 11873
295 28456 32666 88 175296
296 28819 43333 120 542099
297 28953 29821 18 15106
298 29091 43149 17 77586
299 29219 30612 46 40141
300 29282 31683 59 70458
301 29341 37182 10 54767
302 29387 30215 86 11063
303 29469 32922 11 18109
304 29539 31579 140 137362
305 29581 31149 17 5369
306 29586 45858 20 53448
307 29719 43575 117 1049042
308 29784 35538 27 51397
309 29791 30808 8 5275
310 29860 31346 15 5496
311 30064 33387 59 92213
312 30161 32033 8 10237
313 30225 31462 88 50920
314 30231 37401 28 36699
315 30315 38638 21 29811
316 30350 37484 63 125384
317 30493 32319 91 45811
318 30693 33438 105 115804
319 30773 33816 140 244734
320 30810 40560 54 250996
321 30863 31487 93 24489
322 30885 33697 19 35303
323 31192 36682 33 60891
324 31246 32670 50 25227
325 31248 31553 137 14834
326 31362 33148 12 14049
327 31406 33315 94 106482
328 31560 33802 8 9925
329 31615 37113 138 489899
330 31636 33949 80 61601
331 31672 38889 22 115916
332 31739 38036 89 361124
333 31778 32771 146 51525
334 31960 33118 85 72195
335 31981 36626 141 261052
336 32005 32467 121 13230
337 32108 33919 73 47275
338 32113 40751 47 134170
339 32220 35849 44 26811
340 32381 33769 45 60216
341 32516 33921 118 41564
342 32535 41541 9 26599
343 32672 36123 55 55007
344 32702 36570 96 208939
345 32890 36949 53 84375
346 32939 33287 48 4372
347 32998 44779 128 1157135
348 33035 42194 143 811179
349 33094 36915 54 46809
350 33235 47308 34 373964
351 33377 38833 5 32968
352 33450 38156 17 17164
353 33535 39563 53 334495
354 33789 34035 116 17752
355 33992 34290 45 6014
356 34142 36696 30 29487
357 34183 39948 131 377458
358 34199 40045 10 21657
359 34289 34881 16 4137
360 34541 44970 5 31831
361 34656 41555 136 325723
362 34703 39295 133 300938
363 34752 39428 49 200384
364 34890 36371 68 98073
365 34904 39882 146 267679
366 34963 36386 35 51976
367 35005 37992 100 108451
368 35193 38030 116 194639
369 35332 35553 57 4222
370 35365 36065 57 13880
371 35413 37410 107 82316
372 35434 36991 20 42899
373 35444 43285 64 191971
374 35549 38211 9 21704
375 35551 35967 15 1899
376 35865 37439 120 136982
377 35981 39241 118 416024
378 36002 38415 69 74470
379 36131 44137 97 252166
380 36139 38935 6 5635
381 36231 38908 55 46661
382 36270 49317 20 176247
383 36286 38405 16 26703
384 36376 39445 132 74092
385 36634 41792 118 163304
386 36646 48623 7 40544
387 36944 38495 68 70768
388 37037 38981 6 11152
389 37161 39498 139 58593
390 37184 40316 7 10344
391 37229 50339 55 559096
392 37434 37593 123 17075
393 37673 41123 37 69847
394 37772 40503 8 11434
395 37857 39229 11 6411
396 37870 41253 69 202564
397 37883 39834 70 83352
398 37977 38072 7 532
399 38049 38336 22 4616
400 38093 38575 11 2790
401 38229 41227 28 13670
402 38559 47251 73 182093
403 38678 43995 54 125057
404 38876 47437 39 126935
405 38966 39720 133 30818
406 38975 41618 35 43327
407 39080 43370 60 194009
408 39120 42918 49 62570
409 39167 42427 76 146457
410 39253 39354 38 3304
411 39348 41771 61 30670
412 39399 49306 100 436457
413 39485 40641 12 4995
414 39708 40131 93 24540
415 39752 43316 134 202429
416 40021 43175 4 6755
417 40081 42316 25 18056
418 40103 43951 138 184305
419 40118 56139 48 256009
420 40196 57905 9 34253
421 40257 41924 54 28620
422 40374 42691 13 11019
423 40415 46058 5 13755
424 40449 46782 6 14329
425 40528 41431 89 110452
426 40558 49462 15 83609
427 40657 46640 53 80251
428 40828 50557 58 129264
429 40915 44922 54 37961
430 41298 42301 31 23861
431 41317 48562 8 34074
432 41481 43548 23 21832
433 41720 44071 42 54022
434 41798 50608 30 62021
435 42018 45837 73 103016
436 42083 42687 114 34103
437 42287 43425 53 67482
438 42339 47255 23 58973
439 42459 42852 18 6765
440 42519 49595 14 42178
441 42609 47402 47 118336
442 42662 43074 99 100738
443 42783 43421 111 41647
444 42988 47862 18 77583
445 43030 48306 139 289643
446 43064 45787 7 2234
447 43264 43368 112 16092
448 43386 45137 85 53774
449 43474 45738 16 30656
450 43504 43819 48 8598
451 43525 50558 18 39377
452 43721 46409 43 31664
453 43887 45160 85 117256
454 43897 44839 12 12671
455 43948 58415 38 365440
456 43976 54741 148 566273
457 44040 48357 7 26176
458 44052 45557 36 28103
459 44091 45838 103 51231
460 44146 45743 15 8349
461 44147 49123 90 344700
462 44430 45354 73 43004
463 44439 54552 54 202537
464 44582 45239 115 57518
465 44728 47725 138 169188
466 44745 47486 27 14889
467 44763 51588 68 278284
468 44881 45382 105 27908
469 45329 46993 107 123646
470 45350 49366 31 70332
471 45385 45436 115 6252
472 45448 62025 61 347334
473 45673 46679 134 164454
474 45705 51371 13 36554
475 45857 48777 6 10953
476 45873 52126 4 12305
477 46037 47102 149 156422
478 46331 47905 13 15497
479 46436 47970 65 25367
480 46476 51096 8 35096
481 46507 53868 6 19418
482 46540 48490 94 115008
483 46554 48409 26 26290
484 46564 60245 39 59848
485 46601 47630 41 18380
486 46663 47036 110 27099
487 46711 50505 93 100723
488 46726 47168 101 51955
489 46878 49783 12 11035
490 47061 47819 112 85804
491 47201 49155 8 5344
492 47217 49560 51 89422
493 47274 50175 74 29937
494 47323 47737 114 28911
495 47473 47834 45 12281
496 47617 70986 110 712655
497 47760 49624 24 21625
498 47830 48462 19 21828
499 48041 57691 26 153723
500 48174 48193 31 249
501 48182 49369 68 54435
502 48273 48783 66 9516
503 48459 60953 105 896343
504 48488 50246 105 143768
505 48494 55132 41 78295
506 48620 49504 22 8251
507 48702 50021 25 10371
508 48753 52384 56 108167
509 48755 49297 145 55200
510 48982 51525 7 5101
511 48994 50002 6 2062
512 49196 52284 53 64902
513 49368 49782 113 13920
514 49498 52734 51 55152
515 49673 52450 109 120140
516 49890 62371 5 55053
517 49902 50331 16 3740
518 49954 52482 5 2011
519 50032 52509 22 17542
520 50196 59630 7 22391
521 50315 54254 92 113263
522 50744 51374 76 55352
523 50746 52668 93 140915
524 50794 64050 5 15271
525 50799 51512 128 22959
526 50808 61418 11 33744
527 50814 52562 100 73884
528 50952 53984 46 36721
529 51010 52035 23 11589
530 51126 63452 110 422765
531 51183 53754 18 9547
532 51220 53746 29 21478
533 51228 57649 41 269936
534 51393 54081 78 143432
535 51404 52464 111 58829
536 51516 55537 38 154480
537 51664 53593 39 79490
538 51717 59304 135 167967
539 51735 52063 68 12981
540 51888 53751 88 35696
541 52113 53527 65 37202
542 52256 54928 54 112944
543 52263 53117 82 61096
544 52347 57448 14 25974
545 52556 63800 22 42522
546 52617 55256 141 207200
547 52737 54427 71 26211
548 52745 54046 14 26845
549 52826 56015 51 43368
550 52918 55832 10 11304
551 53004 54009 57 86392
552 53030 65412 125 541411
553 53241 53545 60 6345
554 53469 54827 30 17906
555 53508 56257 96 50426
556 53636 58560 52 221943
557 53849 54247 9 8809
558 53897 58933 61 95008
559 54064 63234 50 720300
560 54286 56529 19 27591
561 54287 58901 25 74957
562 54321 54475 133 9399
563 54349 55540 9 1795
564 54576 58102 17 18079
565 54588 62443 12 31436
566 54676 62926 18 70975
567 54693 60969 5 14905
568 54719 56018 61 22888
569 54767 58296 15 17711
570 54922 55648 18 3702
571 55027 60434 11 19224
572 55209 55260 71 1640
573 55259 59216 114 159110
574 55273 56496 15 3764
575 55286 59297 48 148792
576 55354 56766 131 87773
577 55378 56463 91 34739
578 55461 64327 42 236786
579 55509 67368 37 193718
580 55599 59107 19 47372
581 55735 55916 80 5820
582 55802 57816 19 21184
583 56066 64191 47 142144
584 56124 57366 60 28758
585 56132 61558 134 729368
586 56236 65659 114 357207
587 56296 63879 50 153920
588 56341 64297 117 227592
589 56369 57941 20 46736
590 56375 66471 91 469742
591 56471 61396 51 114751
592 56662 64017 49 126969
593 57128 58105 106 81753
594 57278 57805 62 11314
595 57328 62578 149 130904
596 57330 60473 105 69874
597 57465 65221 64 262004
598 57695 58293 71 8748
599 57723 61465 76 433737
600 57915 68716 132 528382
601 57922 65131 75 326645
602 58011 62798 17 20669
603 58028 61468 32 25099
604 58101 60631 113 44623
605 58111 59001 10 5661
606 58366 58432 109 3409
607 58389 60941 141 216555
608 58469 59856 66 32280
609 58684 67664 123 339547
610 58750 64683 8 25488
611 58769 59195 69 13685
612 58787 64193 96 227001
613 58910 59391 130 33325
614 58930 65555 100 315888
615 58939 60072 36 17023
616 59206 59418 30 3116
617 59214 60302 32 27667
618 59224 62740 106 110950
619 59265 64234 71 65708
620 59359 63037 7 14962
621 59383 63266 107 182234
622 59494 62000 132 91093
623 59597 66021 7 18653
624 59668 62781 129 109826
625 59907 60158 133 14534
626 59945 60694 5 1750
627 59982 68092 134 469282
628 60032 61831 138 92614
629 60044 71233 11 49257
630 60053 60964 36 8589
631 60192 63185 94 130334
632 60225 61513 85 14476
633 60292 66365 37 110465
634 60515 66551 65 103696
635 60539 62151 116 32766
636 60610 80040 45 904802
637 60619 64117 42 80404
638 60830 79169 104 1237991
639 61001 64287 80 87972
640 61023 63154 32 40422
641 61073 64212 51 103242
642 61093 67505 77 384559
643 61130 63044 59 44769
644 61244 68934 40 237618
645 61703 62690 57 14257
646 61723 63871 20 26115
647 61743 64721 17 15052
648 61872 62931 58 20692
649 61882 70642 76 291786
650 62358 62559 23 2454
651 62376 64786 102 85149
652 62394 63626 17 10578
653 62489 63811 7 8498
654 62525 62754 56 8002
655 62604 66563 64 103010
656 62621 62986 7 1574
657 62648 66524 24 28589
658 62711 68939 57 229339
659 62721 62912 4 382
660 62918 70859 7 22157
661 63135 63178 26 677
662 63441 66342 20 51255
663 63442 65197 94 60009
664 63482 66773 97 91407
665 63571 67234 139 324897
666 63655 69713 28 78565
667 63659 63824 18 1432
668 63726 69884 105 329268
669 63756 82474 70 800464
670 64091 65479 64 95464
671 64211 67287 19 20340
672 64664 80344 29 193052
673 64893 68370 12 16316
674 65040 67382 6 8035
675 65099 67603 134 113757
676 65211 69349 7 28059
677 65491 66301 65 13376
678 65607 66817 99 85684
679 65707 73126 34 196463
680 65791 66864 28 13225
681 65892 70635 77 332097
682 66068 67839 90 62094
683 66280 68120 38 19646
684 66353 66935 129 82936
685 66436 67761 25 16408
686 66543 67253 55 22295
687 66577 71752 145 343496
688 66616 67949 91 141580
689 66645 66730 55 2685
690 66668 91363 73 696385
691 66710 67773 46 18380
692 66741 67408 32 13916
693 66845 74759 68 186323
694 66964 71556 12 48693
695 67012 69588 6 15281
696 67073 68936 14 3493
697 67145 70139 26 32554
698 67378 71050 49 94828
699 67415 67940 7 1996
700 67438 67890 14 2502
701 67452 69273 17 7330
702 67540 72147 28 88874
703 67558 68605 136 155523
704 67675 68818 41 33317
705 67834 77450 6 31690
706 67901 71063 13 19022
707 68089 70957 136 357044
708 68099 72209 90 141736
709 68100 69585 24 9612
710 68135 68772 19 12423
711 68240 69458 143 89826
712 68280 79628 52 244767
713 68293 75387 137 308378
714 68464 70913 63 40749
715 68468 72750 122 161396
716 68487 68737 60 13312
717 68693 75591 102 714907
718 68722 72800 42 73768
719 68731 69735 48 24677
720 68988 73287 49 75751
721 69006 71503 6 16900
722 69050 76864 29 114851
723 69070 73636 119 189194
724 69130 70059 119 41324
725 69298 70771 53 30392
726 69360 69797 134 42441
727 69401 75418 8 33802
728 69402 74431 133 467612
729 69421 76495 5 18520
730 69429 71531 21 20113
731 69667 75515 17 45190
732 70146 71164 108 44556
733 70167 73495 11 10613
734 70188 72739 128 149121
735 70244 73379 8 6330
736 70246 76706 80 265774
737 70251 71248 5 9425
738 70273 77708 56 206394
739 70289 89829 7 51840
740 70338 72339 129 316492
741 70528 70646 5 268
742 70659 79396 31 37632
743 70758 72788 14 27821
744 70932 75503 136 261531
745 71028 74221 141 357208
746 71104 75981 66 121029
747 71125 73149 90 347106
748 71371 77800 41 56538
749 71385 79679 6 35940
750 71499 71798 91 3586
751 71554 73270 129 303060
752 71594 72685 5 3917
753 71720 72878 99 105592
754 71755 73497 12 14790
755 71793 72121 73 16299
756 72156 81052 24 56248
757 72188 75764 148 476139
758 72337 76002 36 108066
759 72416 85665 54 131569
760 72700 74956 54 45225
761 73383 89756 12 177127
762 73540 76730 12 20866
763 73592 99880 29 155014
764 73599 82312 32 104166
765 73685 79521 20 13134
766 73994 75279 63 23227
767 74197 80274 12 30982
768 74220 84554 18 174312
769 74225 75097 18 4818
770 74249 82978 44 230533
771 74371 74685 60 9773
772 74401 80738 144 118340
773 74635 76333 5 3042
774 74724 79878 78 172592
775 74764 77563 142 171020
776 75244 84227 28 61692
777 75262 75609 102 45021
778 75385 76025 62 27896
779 75527 78238 18 7515
780 75557 79427 40 35825
781 75684 79889 108 169892
782 75783 76315 52 36400
783 75860 77363 12 14299
784 76012 78309 96 106125
785 76108 76478 107 21637
786 76349 77064 80 41882
787 76523 77030 7 1559
788 76565 82234 63 454968
789 76635 80365 113 175440
790 76740 84826 83 445161
791 76894 80589 43 48087
792 76903 82302 16 38153
793 76908 77959 55 23656
794 76964 81542 149 191791
795 77079 83857 78 127786
796 77467 79747 128 43817
797 77551 79622 26 36341
798 77560 80118 118 191950
799 77568 80140 56 96923
800 77756 78675 44 39880
801 77770 78017 5 858
802 77856 80624 101 140380
803 77994 78610 41 21349
804 78133 82543 51 225997
805 78415 79452 16 6798
806 78634 78807 33 4942
807 78653 82331 55 100071
808 78949 84555 14 15413
809 79510 79852 32 5413
810 79569 85164 78 198044
811 79757 82088 21 17655
812 79902 83860 101 194259
813 80031 82086 53 75005
814 80082 93604 65 775504
815 80110 80504 13 2997
816 80323 92076 29 146575
817 80404 81491 41 21654
818 80480 83066 68 125174
819 80593 82077 104 88534
820 80730 81534 19 4579
821 80737 81158 79 17340
822 80851 80896 129 1041
823 81043 89619 99 289397
824 81060 82277 141 206589
825 81243 82848 6 13342
826 81309 93303 73 783464
827 81314 84206 54 42576
828 81359 85171 59 110088
829 81431 86615 41 59008
830 81568 95761 6 45476
831 81782 83175 147 142949
832 81890 86448 27 40135
833 81993 86275 12 26659
834 82015 86397 111 367836
835 82110 85663 94 72247
836 82152 88687 24 75452
837 82186 82528 125 23118
838 82204 84362 92 53717
839 82250 83194 9 6120
840 82403 87832 83 218044
841 82492 83597 13 7205
842 82681 85929 51 196104
843 82846 85738 24 46600
844 82861 84293 67 22490
845 83027 90797 72 579460
846 83116 89130 48 95454
847 83155 85386 79 86034
848 83167 87666 14 41819
849 83239 87462 38 126123
850 83248 87651 21 56213
851 83322 89101 36 153134
852 83453 86420 33 66791
853 83463 86498 15 8195
854 83562 95819 123 1831694
855 83746 85214 11 9491
856 83775 90116 134 191918
857 83804 85960 59 47206
858 83997 84706 112 67294
859 84103 85615 9 6458
860 84143 84970 51 16730
861 84296 89419 14 33686
862 84476 86877 48 54995
863 84512 87522 133 165879
864 84652 84914 51 3681
865 84725 84750 21 667
866 84947 85500 37 9650
867 85008 93894 56 343420
868 85206 94385 122 190586
869 85258 86625 46 31391
870 85450 88477 122 74271
871 85556 87748 132 126453
872 85604 86085 73 22154
873 85644 85768 127 6038
874 85879 86826 5 3275
875 85900 91857 83 220929
876 85962 86246 73 13538
877 86076 90759 94 393055
878 86097 88649 43 157459
879 86274 96343 29 130404
880 86334 90576 40 132097
881 86359 87043 85 32571
882 86403 88445 90 115436
883 86426 86780 70 12948
884 86503 89087 134 105250
885 86535 88947 52 94448
886 86556 89678 50 108254
887 86565 90999 18 28483
888 86577 93508 24 79172
889 86647 87524 132 76742
890 86648 89979 17 32038
891 86671 87609 41 6712
892 86863 88908 34 39542
893 86982 90562 11 33933
894 86985 90915 135 313160
895 86986 92941 108 117417
896 87063 88344 133 43913
897 87111 91953 97 203221
898 87337 91479 15 25935
899 87505 94454 24 112870
900 87599 97265 23 45958
901 87650 89366 103 84378
902 87709 88103 122 24728
903 87758 96310 134 267879
904 87775 89341 36 16416
905 87933 89104 150 93075
906 88112 97632 13 119770
907 88193 98026 20 80588
908 88397 93652 73 337494
909 88530 94901 51 98900
910 88614 89543 81 51468
911 88733 88777 17 392
912 88756 91412 136 426364
913 88883 88897 5 69
914 89210 92564 37 47262
915 89369 92586 47 105251
916 89546 98433 66 320573
917 89634 90627 138 49243
918 89641 90923 91 54997
919 89680 90128 9 3530
920 89721 90157 130 21448
921 89928 90390 39 5003
922 90000 92335 21 24087
923 90018 94941 25 140442
924 90067 95549 113 68608
925 90273 92473 47 70010
926 90399 91316 28 6988
927 90441 92553 102 83992
928 90467 97499 121 567237
929 90527 93245 9 5063
930 90587 95202 24 59822
931 90905 91425 61 11893
932 90914 92000 34 26417
933 91130 93850 48 58270
934 91236 91541 19 2056
935 91395 98461 99 183744
936 91530 93992 44 44667
937 91716 93253 8 8196
938 91795 95228 108 103545
939 91843 93227 110 71106
940 91893 94986 51 165002
941 92059 94615 80 69964
942 92227 94774 37 59152
943 92500 93722 10 4225
944 92600 92875 74 8693
945 92638 94023 10 12792
946 92641 96634 118 584051
947 92658 96814 8 27113
948 92753 94463 7 5689
949 92966 93140 25 2640
950 93018 94962 57 46238
951 93061 97428 58 257926
952 93123 94709 46 30457
953 93166 99700 50 180136
954 93202 95001 24 37134
955 93368 96904 52 52677
956 93538 95279 11 3204
957 93873 99175 41 111656
958 93880 96463 8 4380
959 94038 98854 64 72707
960 94130 97702 35 56701
961 94318 98290 31 31717
962 94338 94923 41 66991
963 94474 97259 93 171788
964 94581 94733 20 1334
965 94587 98477 75 126223
966 94732 95276 125 103217
967 94815 95916 6 4029
968 94835 96060 70 24829
969 94860 96211 128 68694
970 95016 98058 108 387801
971 95180 98047 7 3194
972 95351 97319 99 174886
973 95436 96110 6 2190
974 95452 95926 57 22161
975 95511 95642 8 931
976 95588 96103 130 17346
977 95623 97789 112 188392
978 95651 95814 107 10230
979 95718 95804 19 678
980 95782 98825 117 313085
981 95947 97561 93 72313
982 95973 96432 21 8920
983 95974 99640 5 6512
984 96187 99138 140 47871
985 96416 97077 148 41160
986 96422 98438 31 37718
987 96447 97227 12 6944
988 96458 98107 68 75297
989 96526 97850 85 59362
990 96607 97193 78 8445
991 96753 97879 88 40702
992 96998 99348 6 6303
993 97303 98158 37 38944
994 97429 97647 39 4005
995 98266 98595 47 8535
996 98728 98920 41 3468
997 98752 98812 11 459
998 98793 99930 124 98985
999 99389 99421 40 310
