50 1000 0.065
....#........#........###......#...#......###.....
#......####.#####......###.....##......######..#..
##...###....##..##..........####........###...##..
........#..######.........###..#...............##.
.###....##.......##.#...##...##........#.......##.
..#.....#....####.##.....##...........##.........#
.......####..#..#.................#.......#.......
.......###.....##..................##.....##......
...#......#......#....##..#.#.............#.......
..##....###.###..#....###.####.....#......##.....#
...##....###.##...#..##.#.#.#......##....##....##.
.........#####....#....##.##........##...#....##.#
....###.........#......##..#......#.###....###...#
...###.....#..###........#####.##.#.####..........
.....#.....#..#........#####..##...#.#.......#....
....###..####.#.#....#...##....##........#..##....
......#..###.....##.##.####....###.......###.#.##.
.........####.....###..##.#.....#..........#..##..
.....#...#.......##.#...#.#..........#.....#....#.
#.....#.##.......#............#......##........###
##...###.#........#..###....###..........##.....#.
####.###....#.....##.#.#....#.#...........##..##..
.####.####.####...###.##.#..###........#..#...##..
.....#...#.#..#......###.#....#........#..#.......
....######..........##..#..####...................
...###.###........###....#####........#...........
....#...##......#.##..................##........##
......##.#.....###.##.....#..........#.#.........#
.####.#.........#..#......#.........##.........#..
...##..........###.#.###.......................#..
....#..........#.##.####....#.............#....#.#
..#.##..............#........#..#.........#.#....#
..###.........####..........######.###.#.##.....##
...#.#..#......................#####.#..#........#
...#.####.#...#.................#..###............
......#...#...####...#.....###....####......#.....
....##...##..###...##.............#..##.....#.#.#.
.............####...#.....#..........##....##.###.
..................#..##...........#..#.....###.#.#
....................###..........###..###.###..#.#
......................#..........#.#......###....#
......##.................................##.#.....
#....###...........#....................##........
#....##...#........#.....###.............#........
......##..###......#.....#.##................####.
.......#.###................................###..#
.......#.........#.......................#...#.#.#
.....##.#........###.........#.#####..#......#####
.......###.....#..##........##....##............##
..............#.............###...##..........###.
0 404 8179 61 138602
1 406 4659 78 95385
2 471 10645 116 713323
3 501 877 31 5673
4 536 4525 17 69864
5 542 14578 19 46360
6 578 3976 31 67475
7 590 8651 7 15919
8 655 1307 83 19861
9 724 1170 33 2553
10 769 4028 87 126004
11 807 2292 61 31864
12 881 2742 139 161842
13 891 9373 93 564677
14 937 1388 10 3157
15 947 1753 89 53272
16 1268 2909 35 13920
17 1301 1539 33 4402
18 1366 6205 31 114892
19 1444 4851 6 3516
20 1472 5008 4 6936
21 1585 2064 63 19477
22 1696 3343 9 13086
23 1884 6517 80 384696
24 2014 3112 84 44990
25 2025 4182 81 78470
26 2037 3097 30 35659
27 2131 13428 8 33790
28 2311 2672 11 1664
29 2354 4243 30 54190
30 2599 3361 108 66489
31 2653 2831 115 31380
32 2670 3344 74 43299
33 2707 3817 22 7431
34 2727 7670 71 114590
35 2799 10962 91 356855
36 2847 9707 57 168154
37 3273 5025 66 96390
38 3369 7417 120 420803
39 3381 6572 63 68259
40 3539 6743 7 9665
41 3558 6323 5 4839
42 3662 4993 126 77870
43 3673 4472 36 13764
44 3682 5545 8 27590
45 3745 4172 138 39632
46 3833 8390 149 317170
47 4004 8869 53 187209
48 4016 4586 110 37572
49 4060 8708 108 109403
50 4195 4291 7 684
51 4345 12532 14 56302
52 4717 5712 16 10272
53 4807 8463 83 78257
54 4837 6260 142 59390
55 4875 8677 6 29274
56 4908 5126 52 5178
57 4929 9054 51 64347
58 5077 6519 66 41925
59 5105 12100 4 4380
60 5345 10850 57 93513
61 5406 7958 145 345363
62 5467 9038 32 82706
63 5506 8260 141 130608
64 5509 8219 42 24024
65 5544 17237 45 297919
66 5617 8757 73 193945
67 5771 6818 24 16922
68 5802 6415 22 8501
69 5828 12313 7 21534
70 5864 10685 12 13787
71 5937 7844 77 51803
72 6432 6503 21 2769
73 6481 8173 68 42421
74 6588 8328 92 174473
75 6668 10187 47 56098
76 6701 8140 111 194176
77 6889 9662 65 86581
78 7083 17703 21 75958
79 7118 11105 11 9150
80 7214 13393 5 18320
81 7223 8755 43 15160
82 7251 7493 5 1361
83 7412 14007 19 40948
84 7498 11436 90 221670
85 7532 13790 93 582225
86 7786 10929 28 42428
87 7865 13536 40 81532
88 7935 12763 69 255999
89 7992 10725 103 542258
90 8220 8608 54 2104
91 8476 20215 50 177222
92 8545 12514 87 192694
93 8598 16882 69 140278
94 8610 15866 24 20703
95 8668 10261 11 3730
96 8712 19640 83 615981
97 8966 14222 13 37463
98 9043 10767 64 30957
99 9108 10584 96 47860
100 9125 11701 90 81403
101 9232 13833 75 137664
102 9283 10909 52 24700
103 9332 11715 20 18501
104 9508 9875 58 8972
105 9598 11461 102 65069
106 9705 15348 97 159192
107 9783 10701 58 19523
108 9933 23028 22 43750
109 10023 14384 103 159579
110 10049 11521 21 25669
111 10051 11573 18 20962
112 10173 16395 6 21656
113 10239 11238 98 52992
114 10319 13352 121 69673
115 10554 12447 145 168108
116 10967 11111 69 5328
117 11066 12733 73 36736
118 11113 13358 20 27538
119 11402 11932 9 3519
120 11457 12490 122 34976
121 11781 11944 16 6004
122 11808 13631 49 40472
123 11840 12086 135 14077
124 11843 13255 136 92208
125 12112 20625 113 1014203
126 12174 17395 42 45461
127 12311 14615 24 7313
128 12439 18357 103 332379
129 12805 14748 115 81539
130 12821 18164 132 657762
131 12853 14532 79 201967
132 12869 13348 138 55157
133 12926 14047 129 132902
134 12991 19805 39 221738
135 13003 13545 13 1174
136 13041 28018 5 31839
137 13301 14665 24 15377
138 13322 19647 113 389190
139 13408 16180 34 20551
140 13427 17035 114 59629
141 13458 13966 56 11000
142 13533 22642 53 339544
143 13765 18282 8 17483
144 13882 15386 10 10143
145 13963 15367 103 57217
146 14160 16108 9 7575
147 14284 31166 7 75769
148 14341 15190 131 42807
149 14510 15334 63 14088
150 14602 15690 68 54886
151 14731 17354 27 91732
152 14754 14882 115 22334
153 14758 22013 6 24483
154 14827 17208 65 195100
155 15011 15208 42 5550
156 15143 17628 73 113932
157 15221 26254 76 365758
158 15408 18765 9 17319
159 15714 17230 5 11183
160 15745 15835 5 330
161 15822 22451 141 245792
162 15920 28396 38 205324
163 16014 16155 12 665
164 16160 20367 8 11759
165 16195 22132 31 80272
166 16291 27215 113 438419
167 16350 19330 7 12822
168 16379 21378 133 498987
169 16558 26503 96 244216
170 16716 17953 94 65878
171 16986 17080 108 5236
172 17031 25818 119 676823
173 17048 31428 19 230989
174 17211 20310 43 34988
175 17299 23310 93 124341
176 17304 20003 34 51616
177 17447 18578 10 2663
178 17479 20757 104 133478
179 17492 18178 27 6127
180 17505 35985 108 1188868
181 17530 19989 58 70468
182 17540 23216 23 40139
183 17566 18692 95 40996
184 17637 18289 134 33564
185 18130 22728 85 239584
186 18144 18397 57 7261
187 18353 26906 24 82828
188 18396 23445 118 274914
189 18419 22021 29 35679
190 18521 20340 4 2189
191 18629 20181 105 32938
192 18651 19265 37 7949
193 18893 19059 42 3987
194 19101 23548 33 38097
195 19206 28876 97 373952
196 19293 21734 72 170641
197 19407 20842 9 5798
198 19460 21282 9 16064
199 19502 22439 55 94000
200 19520 19716 89 9769
201 19539 20152 55 6956
202 19684 27109 17 46732
203 19772 20048 75 4933
204 19825 27630 44 213109
205 19880 20411 32 12567
206 19890 20162 75 11096
207 19927 22554 6 5758
208 19975 28970 51 201844
209 19978 21683 26 25367
210 20001 24373 115 152626
211 20045 29784 5 16822
212 20086 21044 90 57459
213 20207 23481 7 6534
214 20209 28877 110 384520
215 20358 21441 108 48218
216 20422 22544 64 102145
217 20612 23031 92 211492
218 20808 25228 35 87610
219 21016 22789 22 36768
220 21113 39426 54 230629
221 21130 21915 5 1084
222 21190 22046 60 17267
223 21255 23845 21 16517
224 21333 22902 74 49814
225 21407 23142 5 12090
226 21538 27235 124 918459
227 21548 21977 103 55517
228 21555 24060 111 141308
229 21919 25542 56 105291
230 22035 28730 43 359246
231 22179 22556 128 39949
232 22209 32003 60 520795
233 22213 31393 11 77304
234 22275 23740 134 165738
235 22403 33846 86 460255
236 22632 22802 19 1294
237 22717 25517 12 12901
238 22809 23989 144 98750
239 22824 23836 6 453
240 22912 24563 134 107183
241 23013 24830 39 19273
242 23018 25930 86 85423
243 23254 23840 148 31115
244 23446 24877 48 25929
245 23491 25498 33 59395
246 23709 41648 14 91794
247 23737 35558 10 105397
248 23776 25091 141 128453
249 23864 28950 29 37549
250 23986 29539 16 37479
251 23995 24576 80 37626
252 24045 30564 144 193188
253 24063 25568 77 46359
254 24289 27900 109 541427
255 24407 35228 34 169531
256 24434 28342 9 19330
257 24619 28549 7 6910
258 24738 30030 83 389957
259 24817 26391 53 74199
260 24900 28130 65 86870
261 24949 25394 36 6282
262 25088 28622 7 4644
263 25353 27224 88 126157
264 25533 26736 50 23733
265 25658 30246 7 14897
266 25709 28086 93 26461
267 25769 28709 124 240238
268 26164 27736 65 36900
269 26202 27058 21 7870
270 26204 29350 141 239676
271 26314 34877 41 240161
272 26409 30290 134 642273
273 26829 32749 42 93281
274 26846 27186 46 15825
275 26909 27650 8 3035
276 26965 29210 115 362042
277 27024 29407 5 1482
278 27043 34980 114 389086
279 27078 30214 14 32144
280 27125 27948 44 6072
281 27225 31088 72 251032
282 27266 27586 31 10032
283 27374 28742 52 24062
284 27400 29916 5 4457
285 27600 30052 83 129613
286 27610 29195 9 3299
287 27961 35462 5 19249
288 28098 33397 146 163934
289 28258 31309 51 61612
290 28303 37472 80 169210
291 28460 31147 57 37304
292 28502 29143 21 5531
293 28526 34379 40 176249
294 28543 45240 79 344236
295 28670 39012 6 30623
296 28914 36899 15 57230
297 28963 29264 42 11441
298 29004 30320 16 6413
299 29268 32775 97 92875
300 29373 30346 129 41429
301 29433 29506 120 5177
302 29520 29998 94 25873
303 29617 37282 23 62370
304 29803 32062 30 44966
305 30247 33195 21 28401
306 30268 31013 15 5233
307 30444 41263 121 910041
308 30489 30642 43 4156
309 30541 32267 78 93357
310 30696 33349 18 93782
311 30698 33133 14 13374
312 30838 33812 80 275280
313 30922 31377 28 4763
314 31121 35641 20 38985
315 31280 36114 124 442814
316 31339 32475 148 107522
317 31448 34401 64 118506
318 31459 37612 98 205345
319 31466 34891 91 95781
320 31537 34907 140 452609
321 31548 34682 32 31613
322 31580 37116 116 249826
323 31633 37575 14 29203
324 31737 35620 14 14322
325 31852 34076 24 18308
326 32001 33438 25 15751
327 32014 36004 26 26616
328 32076 36023 28 61623
329 32164 37859 47 103296
330 32173 33361 40 64474
331 32255 32365 53 19710
332 32416 38193 90 149339
333 32428 38398 39 54001
334 32447 41053 29 186456
335 32510 37906 112 565612
336 32514 37073 12 11449
337 32747 36897 11 18937
338 32953 40811 5 10976
339 32975 33191 47 6612
340 33110 40787 23 88072
341 33132 36466 79 74329
342 33205 33934 138 103702
343 33219 33829 7 3176
344 33246 35122 121 102938
345 33536 36442 29 79628
346 33642 41936 31 145391
347 33730 37399 39 96457
348 33768 35207 74 58145
349 33775 35796 43 16097
350 33979 38440 56 96340
351 33985 36052 16 11022
352 34184 52175 40 228159
353 34233 38719 51 54896
354 34293 39057 46 78614
355 34497 39200 31 11862
356 34572 43034 16 64025
357 34624 35204 30 21637
358 34643 35909 128 29138
359 34745 35208 71 17432
360 34752 39823 75 134204
361 34837 35297 6 1069
362 35250 36086 18 1932
363 35329 37256 143 258849
364 35364 36249 80 41312
365 35383 46073 104 672861
366 35393 41270 103 110986
367 35419 52731 92 450010
368 35428 36501 18 5156
369 35523 39389 30 29171
370 35525 40812 25 66005
371 35626 37797 68 60244
372 35847 37900 103 28327
373 35941 43494 46 134251
374 35960 36862 59 25938
375 36041 36379 61 9148
376 36192 38566 43 55167
377 36206 37955 23 22949
378 36484 39798 13 26460
379 36515 36541 7 281
380 36516 38178 38 21163
381 36664 51569 18 100390
382 36680 43504 58 129637
383 36884 37503 11 3901
384 37054 39438 31 30212
385 37081 38975 9 15562
386 37095 37295 22 1533
387 37189 41854 48 167816
388 37258 50629 21 100083
389 37354 38796 34 44753
390 37381 44441 8 46384
391 37473 40898 12 4513
392 37492 37872 7 1704
393 37695 41415 66 413717
394 37930 56842 117 1220872
395 37966 39354 132 136740
396 38315 53199 47 518934
397 38409 40164 107 221336
398 38419 39778 52 32013
399 38467 40306 22 25385
400 38599 40284 78 52279
401 38639 48507 62 166809
402 38729 39589 128 174918
403 38797 45518 15 37940
404 39018 41359 26 94685
405 39170 43279 62 84332
406 39302 39663 12 1373
407 39324 49964 12 41960
408 39383 44962 112 133027
409 39433 45935 87 168589
410 39590 45547 62 101405
411 39742 42500 66 106965
412 39825 42001 87 123807
413 39855 39935 80 6874
414 39863 69765 123 904361
415 40142 40567 101 17765
416 40190 45036 75 181899
417 40227 40344 6 235
418 40237 43053 35 42634
419 40259 43291 93 89218
420 40269 43893 126 393146
421 40323 46584 79 229897
422 40343 44735 121 102911
423 40355 49684 48 334330
424 40366 40909 32 5473
425 40413 40457 24 991
426 40504 41772 61 58998
427 40620 42655 71 44914
428 40765 42391 26 12846
429 40771 40832 16 783
430 40831 42161 10 5981
431 41116 44279 20 27702
432 41250 46273 4 20167
433 41286 47325 11 61702
434 41366 42388 39 6766
435 41469 45379 64 65616
436 41472 42597 27 28745
437 41473 43335 14 13484
438 41874 49472 52 114008
439 42022 42562 123 45010
440 42232 44280 13 10506
441 42511 43398 31 7769
442 42513 51508 35 160563
443 42662 46285 17 121084
444 42769 45969 9 26570
445 42861 47716 133 334570
446 43010 44072 29 17721
447 43097 46516 74 60635
448 43110 45708 24 35594
449 43115 49204 15 24283
450 43184 46068 120 59651
451 43263 49250 91 212013
452 43361 51707 103 724014
453 43390 44639 72 19352
454 43497 58844 39 233558
455 43590 48067 44 105208
456 43721 43928 42 6335
457 43959 58464 23 135108
458 44071 44468 14 1863
459 44361 52096 68 464015
460 44392 47745 48 96805
461 44421 61163 117 473030
462 44529 44656 127 10847
463 44567 45605 35 11432
464 44617 52220 103 236585
465 44684 45782 5 1203
466 45014 48224 75 97972
467 45072 48319 22 15667
468 45172 48953 81 170006
469 45309 52112 145 302088
470 45340 50174 29 19821
471 45586 46568 17 3994
472 45628 52198 13 23281
473 45633 46361 5 845
474 45701 47887 68 33611
475 45711 47176 74 54367
476 45752 54644 46 333742
477 45897 48676 65 139262
478 45898 46432 27 5344
479 45953 45989 134 6170
480 46060 55104 37 340893
481 46069 51369 16 111850
482 46152 47492 107 100740
483 46335 47599 92 28615
484 46346 54287 31 127238
485 46389 50909 45 66860
486 46531 47656 39 16328
487 46540 56543 147 654591
488 46776 49689 6 8029
489 46798 47237 131 16152
490 46985 49591 45 55040
491 47099 48434 145 138415
492 47287 49073 42 41297
493 47762 51769 30 40779
494 47886 48773 143 60479
495 48153 51342 10 11096
496 48448 50481 28 102658
497 48911 50880 7 5675
498 48947 51633 134 194130
499 48954 58071 27 264543
500 49139 51794 5 12822
501 49340 59423 128 941914
502 49436 51344 42 69899
503 49557 51014 16 14759
504 49612 51234 19 32926
505 49619 50862 53 65299
506 49686 52444 76 130241
507 49722 56598 108 213146
508 49830 60754 5 37771
509 49909 53959 21 37201
510 50006 55397 9 19304
511 50090 58702 15 50931
512 50276 50864 35 6464
513 50375 55262 98 272283
514 50384 51070 54 10544
515 50392 52925 126 79110
516 50616 67792 34 264671
517 50673 53170 130 65434
518 50843 51694 96 32012
519 50965 53688 6 6504
520 50980 52171 6 3289
521 50997 53598 44 83551
522 51056 53398 56 47512
523 51367 54032 43 64413
524 51409 55599 7 10865
525 51646 56494 58 74979
526 51768 53957 7 9421
527 51856 63493 56 226992
528 51991 60661 17 50470
529 52010 52144 34 5755
530 52143 53136 41 10030
531 52341 53780 34 51828
532 52654 59055 48 195484
533 52689 57377 72 79422
534 52780 61606 17 69179
535 52918 62670 140 447344
536 53150 54318 46 15202
537 53163 53851 96 30466
538 53213 59098 57 122580
539 53225 66960 86 668347
540 53330 55933 21 19167
541 53347 53745 113 17293
542 53388 63121 53 238229
543 53518 58889 140 86695
544 53585 63202 14 134796
545 53597 58357 7 5830
546 53774 57883 41 56659
547 53797 58212 22 18804
548 53840 62282 11 44729
549 53852 59936 114 198611
550 53876 68508 59 315513
551 53913 55274 70 36433
552 54061 55814 5 2672
553 54118 59930 81 112511
554 54195 56953 73 64144
555 54203 54863 65 27420
556 54230 55197 33 37611
557 54245 55719 9 6849
558 54370 54442 28 2444
559 54601 55288 6 2779
560 54643 55618 53 20509
561 54708 58644 82 35937
562 54728 60733 18 35211
563 54755 57446 6 8502
564 54854 67556 81 344529
565 54906 59790 52 56063
566 54910 56060 134 118320
567 55035 59386 46 56600
568 55089 60048 106 80161
569 55139 63530 95 180668
570 55393 56229 13 7942
571 55413 58455 15 13417
572 55574 63025 77 480600
573 55706 59326 63 209863
574 55722 58973 121 460396
575 55750 56666 97 47708
576 55803 57509 23 23848
577 56332 56395 73 1105
578 56344 60670 105 174742
579 56500 57615 25 15615
580 56590 56926 125 21409
581 56613 74818 71 403396
582 56727 59927 57 55489
583 56764 58099 86 24703
584 56837 77150 50 353183
585 57093 59484 53 27228
586 57222 59704 27 35743
587 57370 67170 94 169935
588 57420 58943 15 5858
589 57464 69719 108 195741
590 57485 58672 32 23820
591 57622 61253 139 88636
592 57629 68681 60 107371
593 57646 63259 121 1057668
594 57676 66168 71 118052
595 57796 67770 123 223712
596 58202 61575 91 106069
597 58443 65567 96 116548
598 58513 59432 10 6494
599 58880 58903 41 727
600 58897 77617 134 656121
601 58956 59295 8 5054
602 59071 59203 44 5402
603 59146 60608 146 132813
604 59183 60785 12 9087
605 59358 86767 12 45877
606 59412 60195 41 26448
607 59561 63261 105 150244
608 59701 61566 39 49470
609 59765 68338 67 210524
610 59794 61489 26 8230
611 59861 60215 14 3850
612 59871 68160 149 583246
613 59993 62323 135 259157
614 60061 62528 117 101251
615 60093 66003 12 99084
616 60114 61457 24 19205
617 60144 62550 11 14528
618 60217 62850 17 16723
619 60558 73703 57 301859
620 60577 70825 89 793616
621 60634 61640 117 37694
622 60778 66590 26 78623
623 61230 62036 125 103487
624 61239 61740 95 31464
625 61283 62753 43 21533
626 61312 68646 135 239828
627 61352 73014 98 577683
628 61745 64854 17 22490
629 61975 63583 6 8273
630 62019 65151 102 304943
631 62103 63637 37 53513
632 62155 62981 21 5675
633 62167 66176 52 74516
634 62229 68316 6 19275
635 62235 62412 122 13730
636 62301 63751 34 20297
637 62327 66083 31 33429
638 62369 65694 80 130866
639 62390 64847 46 66763
640 62452 64305 5 4515
641 62574 68158 106 140272
642 62576 66865 14 64418
643 62628 75178 8 42238
644 62655 63071 10 2946
645 62673 62797 37 2891
646 62949 67877 27 69171
647 62987 63852 80 32210
648 63026 63617 23 2793
649 63062 63863 28 20527
650 63096 67092 114 186128
651 63148 63966 47 22253
652 63229 67729 128 540534
653 63343 63714 132 18932
654 63358 67558 40 52211
655 63420 70331 110 340025
656 63584 66357 45 122100
657 63826 66448 41 46161
658 63849 66655 37 81758
659 63931 65041 41 19347
660 63933 63985 76 5227
661 64072 66443 67 67472
662 64101 67037 94 130291
663 64145 68525 37 62594
664 64328 65896 41 41160
665 64337 71214 5 36712
666 64355 64930 37 5149
667 64381 77633 79 188325
668 64484 67157 95 82382
669 64568 69043 86 136191
670 64669 84813 98 1616942
671 64779 65162 111 28615
672 64887 69403 6 10295
673 64897 66756 95 34248
674 64911 66118 21 10496
675 64962 65330 117 18651
676 65008 76115 122 697993
677 65068 65539 15 5693
678 65138 68617 98 175818
679 65272 70811 67 162769
680 65461 66706 9 11246
681 65506 69296 22 4594
682 65549 66087 19 2186
683 65660 67700 38 26645
684 65813 75623 57 176457
685 65872 67815 38 23813
686 65882 69581 6 6203
687 65925 69177 32 17321
688 66125 66938 38 33831
689 66175 68259 56 49216
690 66181 69863 22 36924
691 66209 67304 6 3589
692 66400 75180 73 587486
693 66412 73719 22 41806
694 66469 72320 143 444833
695 66615 69610 30 52838
696 66821 67998 22 8426
697 66846 67410 58 27046
698 66928 68983 11 6053
699 67369 67441 39 1139
700 67422 71896 20 50453
701 67458 68054 4 927
702 67468 67614 57 9280
703 67726 68501 28 10894
704 67836 68418 9 4032
705 67891 76188 76 341055
706 68164 68771 60 20975
707 68230 77630 113 601922
708 68371 69466 63 24187
709 68386 80234 115 1075685
710 68631 73838 69 308422
711 68740 76143 81 109638
712 68785 76595 10 17503
713 68844 74101 5 13354
714 68911 71555 32 54407
715 68959 69843 55 19515
716 69088 71438 56 54998
717 69098 71269 141 89163
718 69249 71561 38 113745
719 69338 69866 57 9851
720 69580 75298 145 587363
721 69603 70149 8 4944
722 69762 76073 53 177290
723 69915 78698 46 72863
724 70123 77095 13 40708
725 70486 73126 45 51517
726 70668 74770 22 48218
727 70729 73474 16 53064
728 70783 73131 61 58797
729 70882 71217 19 4922
730 70943 77813 58 122376
731 70959 73271 108 179808
732 71070 74038 5 20800
733 71115 77192 70 215001
734 71169 85453 115 430102
735 71176 71339 6 441
736 71223 72740 8 2731
737 71790 71798 26 417
738 71952 72215 29 2671
739 72112 75515 125 280822
740 72237 72378 45 3220
741 72243 72583 100 8860
742 72440 77503 84 92607
743 72719 74864 41 12294
744 72865 73027 5 724
745 72874 77921 80 169343
746 72952 75263 11 11101
747 73051 74144 64 18606
748 73205 74381 139 194684
749 73239 79401 24 83822
750 73285 75795 29 20079
751 73464 79066 128 233851
752 73738 74508 17 18233
753 73830 74257 137 40836
754 73867 77269 123 175347
755 73870 75740 150 89007
756 74008 75772 7 4693
757 74035 78054 40 76816
758 74089 76358 5 5862
759 74245 74439 122 9097
760 74404 74745 66 27588
761 74448 76007 129 273106
762 74852 80812 5 13926
763 75119 75311 6 552
764 75147 79625 53 52721
765 75224 81464 26 69006
766 75257 77710 26 48270
767 75274 75820 17 3836
768 75406 81929 58 206224
769 75591 83942 134 467048
770 75592 76864 148 42085
771 75619 77375 20 11925
772 75660 76016 67 12046
773 75665 81559 9 25313
774 75804 77880 9 9854
775 75821 77518 48 20102
776 75857 76260 102 22162
777 75963 76447 5 329
778 76126 77258 6 9301
779 76131 79486 111 316572
780 76349 78078 11 7181
781 76385 79277 77 137643
782 76524 88404 26 61819
783 76742 76924 66 15751
784 76754 85858 89 442055
785 76816 77629 36 5938
786 76936 80396 68 35209
787 77041 83714 57 86285
788 77081 80274 58 182469
789 77104 85118 24 114574
790 77213 78058 13 7753
791 77493 78392 19 16668
792 77611 78070 95 19153
793 77647 80048 43 25412
794 78018 82763 18 74879
795 78020 80077 12 29485
796 78083 85370 52 128076
797 78119 81642 117 425804
798 78124 78651 66 25214
799 78214 92940 118 742475
800 78250 83279 12 18797
801 78453 86976 35 57517
802 78496 80343 58 85868
803 78598 90390 91 461550
804 78696 79748 101 115943
805 78761 84340 4 7692
806 78799 86046 60 382551
807 78841 79830 41 10220
808 78966 79139 137 27377
809 78980 82414 109 507107
810 79051 80451 138 38073
811 79132 81043 103 122112
812 79167 90991 21 86369
813 79226 81211 70 44087
814 79285 90504 85 271180
815 79315 80477 115 114157
816 79424 79451 13 323
817 79429 83266 74 278284
818 79525 85849 120 149844
819 79549 81860 26 48563
820 79561 87350 123 325121
821 79712 81375 123 46632
822 79722 80752 16 14066
823 79740 80545 31 9068
824 79767 80659 30 13822
825 79865 84165 59 108239
826 80089 80139 37 1990
827 80144 81570 32 15610
828 80156 80974 117 57425
829 80164 88943 149 713367
830 80447 83298 140 81827
831 80474 81218 5 1484
832 80500 81686 72 72527
833 80503 81884 123 104944
834 80627 80666 23 840
835 80710 87343 57 186773
836 81008 81235 17 5522
837 81087 83425 5 5544
838 81179 83892 13 6884
839 81220 93922 84 869055
840 81221 84258 108 153836
841 81318 84018 7 7206
842 81355 86408 62 149750
843 81377 81846 17 1148
844 81413 88856 21 33726
845 81536 83645 60 29294
846 81666 83596 54 104166
847 81811 91619 19 37241
848 81875 86175 127 205520
849 81956 82367 105 4100
850 82025 83417 92 33147
851 82116 86731 132 402824
852 82130 84921 14 46903
853 82210 84346 45 32519
854 82287 88832 98 137686
855 82334 84333 79 37571
856 82407 88579 60 211400
857 82477 85038 44 28194
858 82478 86599 61 222677
859 82576 88870 15 65513
860 82706 85505 8 15785
861 82828 83909 74 22185
862 83230 84182 148 129059
863 83332 99948 137 885482
864 83723 91531 89 334571
865 84191 85233 81 19301
866 84230 90233 64 80862
867 84232 89574 4 11927
868 84272 93613 10 68808
869 84323 87997 32 104114
870 84335 84702 49 6285
871 84362 95061 121 2760402
872 84461 95296 72 1243448
873 84463 92711 140 585557
874 84513 90186 12 41146
875 84662 86469 78 187307
876 84723 96128 109 189618
877 84860 85470 78 22354
878 84900 85076 33 6879
879 84916 89458 28 37182
880 84948 85458 6 1255
881 85032 94799 50 270517
882 85167 88305 33 119082
883 85247 86966 42 18741
884 85316 95406 146 407916
885 85401 86151 39 30568
886 85499 91323 20 45317
887 85538 91251 39 87689
888 85661 85997 126 46585
889 85676 97492 52 387151
890 85690 90200 33 43679
891 85822 88195 124 89579
892 85897 93478 6 16608
893 86272 89220 12 16122
894 86310 86715 9 2936
895 86324 87502 18 11650
896 86333 88227 125 177264
897 86400 90470 122 144897
898 86480 91488 30 195453
899 86618 86789 52 11310
900 86647 91359 65 167555
901 86686 90924 147 270352
902 86728 89336 63 113734
903 86757 94463 57 316444
904 86776 91545 104 104231
905 86867 87089 84 17116
906 86920 88483 29 18726
907 86938 88068 4 1423
908 87117 87463 113 30443
909 87167 89883 113 140883
910 87297 89268 91 233808
911 87314 91717 102 340376
912 87315 97638 29 252124
913 87840 89947 65 54052
914 87930 89703 9 9573
915 88030 91806 53 120040
916 88463 90228 16 18638
917 88561 88745 125 19455
918 88629 95545 45 85328
919 88706 91246 27 47830
920 88900 90982 97 80254
921 88991 89365 45 7954
922 89006 90196 54 26487
923 89075 89852 29 15109
924 89307 96106 105 275692
925 89346 95998 4 6497
926 89370 89464 7 879
927 89522 95473 29 122178
928 89537 94424 31 77373
929 89634 93503 14 11127
930 89718 91890 58 84684
931 89735 91586 59 60075
932 89811 98112 18 105145
933 89841 93178 32 65025
934 89930 92418 14 5768
935 89952 94423 62 73281
936 89986 92645 137 172614
937 90000 96674 97 118725
938 90112 92633 64 230597
939 90322 92719 16 12520
940 90325 91643 113 55701
941 90769 90952 5 687
942 90963 98460 6 11699
943 91124 96164 21 57027
944 91168 93849 26 56750
945 91239 99505 25 75699
946 91312 92523 8 3440
947 91399 91901 107 99473
948 91568 95724 7 11503
949 91749 95117 27 106431
950 91768 94357 136 1050899
951 91944 99562 9 24641
952 92109 93554 39 52892
953 92113 94455 117 116935
954 92298 95630 146 151133
955 92306 94148 18 12136
956 92370 93792 114 59303
957 92471 96469 73 47735
958 92478 93628 127 116356
959 92537 93220 131 58548
960 92826 93802 19 8334
961 92898 96531 13 9845
962 92964 93050 17 1304
963 93040 93854 5 2240
964 93162 95468 72 74502
965 93656 98030 120 153455
966 93744 97404 61 160576
967 93856 94155 5 414
968 93957 97175 139 161204
969 94156 94282 106 6892
970 94181 95572 47 50180
971 94487 98446 55 94955
972 94550 94720 21 1489
973 94903 96359 61 37880
974 94911 96641 54 41869
975 95235 96603 13 12817
976 95288 95455 16 2203
977 95321 95797 87 10502
978 95337 99439 92 385559
979 95554 98015 28 35928
980 95560 97886 50 33622
981 95566 95804 88 11347
982 95761 98695 142 190401
983 96097 98560 81 42320
984 96223 98411 88 106843
985 96289 99493 141 264517
986 96443 98578 94 120191
987 96490 98243 9 9732
988 96751 98643 106 110648
989 96827 99229 41 23213
990 96900 99133 60 45645
991 96909 98904 46 32270
992 97356 98760 100 167711
993 97409 99981 30 33433
994 97818 99854 61 27093
995 97830 99051 103 17636
996 97942 98956 57 36950
997 98292 99984 16 4590
998 98336 98688 80 8644
999 98976 99541 33 5557
