50 1000 0.067
.........................##.........##............
........................###.........###...........
........................####........##...##.......
.........#....###........#.........##...####......
......#..##.....#.......................#####.....
.....##..####.............#..#..........##........
....###..##.#............#####..........#.#.......
.....#..########.#.......#.###.........####.......
.....#......#................#.........#..........
.....##....##.....................................
.....#...........................#................
.................................####.............
..........#......................#####............
.......##.#.......................###.............
........####.......................#..............
.........#........................................
...................................#..........#...
...................................###.......##...
...................................#.#.....###....
...........................#......##.......####...
..........................####.....#...#.....####.
.........................####.#........####.####..
........................###.###...#.###.####..###.
.................................##########.....#.
................................###..##.##.....###
................................###.#.###......#.#
.........................#......######......#...##
.........###...........####....###.######.#####...
.......#..#........#######.....##...#####...##....
....#.###.##..........######................##...#
#...#................######.................##...#
###.........##.......###.#...................#...#
#.#.........##........##..........................
...........##.........##..........................
........##........................................
......###.......................##................
.....###........................###...............
...#####............................#.............
......##..........................................
....####...........................###............
....#####......#....................###...........
...............####.......####........#...........
................##.......#######..................
.................#........####.#......#...........
................#..........##.........#.....#.....
...............###....##...#..........#.....#.....
................#.....#..............##....##...##
.....................#####............#....#######
......................###....................#####
......................##......................####
0 62 1681 149 109648
1 73 1499 48 8615
2 129 2412 66 107568
3 290 10257 37 454178
4 351 1999 117 91745
5 452 1565 80 60534
6 499 2306 55 58222
7 542 8822 50 209117
8 594 24672 144 351397
9 669 17788 8 226588
10 825 5247 91 111992
11 861 6290 52 181530
12 896 8963 28 54704
13 918 6393 29 64157
14 972 27750 37 311723
15 1186 1707 133 39208
16 1187 16666 129 226306
17 1239 2050 85 36548
18 1240 11944 45 135532
19 1288 25390 91 526968
20 1295 7133 34 100819
21 1557 9711 23 76814
22 1590 12599 36 242204
23 2126 6583 122 208883
24 2181 11222 94 530216
25 2650 10120 27 73020
26 2671 13793 23 106993
27 2770 23600 106 1425703
28 2919 20761 58 247824
29 2954 6681 26 30913
30 3057 3544 26 3809
31 3148 5298 72 44164
32 3281 4856 23 35987
33 3334 4801 16 5843
34 3336 18327 115 696421
35 3557 6001 11 7702
36 3561 8306 71 100851
37 3612 16030 126 598396
38 3785 13464 45 100266
39 3814 16417 41 114312
40 3861 10934 122 392911
41 3969 5434 17 11521
42 3985 4948 97 105184
43 3993 14276 8 64001
44 3994 18710 38 395094
45 4270 9092 51 69861
46 4296 8576 33 70532
47 4558 8952 142 414638
48 4772 7165 134 45554
49 4794 6638 118 31874
50 5015 5261 87 25802
51 5028 9303 6 9886
52 5045 11184 22 56374
53 5124 6340 20 24222
54 5169 21729 101 1933667
55 5211 19886 133 533550
56 5293 9084 10 62672
57 5381 14849 22 56983
58 5475 17006 67 170875
59 5526 29491 131 1645178
60 5581 30391 43 531993
61 5632 9519 78 137598
62 5635 9196 25 19835
63 5639 26260 90 881091
64 5946 14630 103 824563
65 5983 20462 43 253794
66 5988 6470 103 11798
67 6105 12298 143 221838
68 6271 13403 26 36645
69 6343 9271 54 120639
70 6466 15130 40 450143
71 6747 16513 45 490256
72 6863 8962 87 189299
73 6940 7982 127 77977
74 7132 8559 69 30408
75 7169 12765 70 135141
76 7264 7746 55 16506
77 7288 7720 54 16433
78 7299 20112 86 175235
79 7811 16416 95 174566
80 7870 10472 5 2392
81 7896 31731 92 615071
82 7915 13476 76 400737
83 7917 26450 22 112810
84 7994 19164 115 242540
85 7995 10593 63 56472
86 8077 8220 11 1006
87 8213 22032 79 515297
88 8315 22480 113 904300
89 8432 10407 95 175719
90 8545 8628 34 1497
91 8579 9212 46 44077
92 8600 10728 17 22901
93 8695 9205 35 39242
94 8818 9580 100 25003
95 8840 35237 133 1691422
96 8919 11684 54 40835
97 9155 10052 56 28047
98 9320 10328 29 13187
99 9392 18945 17 31827
100 9624 11616 115 71929
101 9667 9866 54 5477
102 9673 13220 142 420753
103 9689 13804 136 205679
104 9692 18957 120 626240
105 9739 22352 34 61821
106 9852 13848 136 423431
107 9855 27308 42 937023
108 9860 12080 84 107157
109 10079 18160 19 123232
110 10175 22935 138 1732985
111 10224 38116 98 1083998
112 10237 25753 101 1002121
113 10252 15511 22 41975
114 10512 17484 138 494593
115 10773 12663 103 165343
116 10800 11736 7 3914
117 10818 16029 36 76676
118 10957 15673 48 123438
119 11003 37142 89 901379
120 11216 15500 130 481450
121 11285 16246 133 434590
122 11441 11808 42 5976
123 11478 14874 66 256125
124 11591 25789 9 104787
125 11653 27432 135 442502
126 11699 26234 35 306781
127 11742 17953 7 17009
128 11746 22952 63 342869
129 11769 15828 17 129607
130 11801 29122 48 336187
131 11875 14953 16 13127
132 11891 14041 71 46618
133 11900 18213 70 210829
134 11910 13210 144 61343
135 11983 25735 124 635029
136 11986 28927 56 444364
137 12002 16665 35 143204
138 12008 23739 30 242232
139 12119 20057 22 268121
140 12225 13214 55 15685
141 12397 30480 36 404322
142 12423 14145 57 20097
143 12443 13763 114 43195
144 12645 15685 8 8584
145 12685 19902 107 169201
146 12964 23545 42 132105
147 12974 14545 16 13117
148 13013 16249 61 46626
149 13197 20122 16 54210
150 13260 44510 78 1307614
151 13478 29434 32 189923
152 13715 17099 31 17560
153 13759 20076 98 219972
154 13910 39583 133 3160938
155 13913 21760 6 23197
156 13943 17713 51 76069
157 13972 14798 90 36384
158 14207 14532 9 1673
159 14335 19465 101 90213
160 14570 27230 30 155518
161 14664 17501 54 41543
162 14718 24156 52 124207
163 14924 15050 149 14862
164 14944 19923 56 80179
165 15266 18866 67 145011
166 15289 17902 6 8426
167 15311 31918 93 475573
168 15341 21943 34 284143
169 15358 22671 63 171548
170 15432 64557 10 262558
171 15543 23072 23 71214
172 15609 18329 12 18975
173 15715 22125 25 80244
174 15727 28454 79 254333
175 15847 34575 110 3004948
176 15884 39671 83 391507
177 15895 20724 80 179794
178 16000 20545 92 120520
179 16216 30522 9 52638
180 16554 17370 19 10756
181 16677 20433 148 308678
182 16790 19755 18 33708
183 16795 19063 63 46285
184 16802 31391 8 62272
185 16832 32855 88 460161
186 16951 25618 45 171265
187 17145 20230 19 43920
188 17220 41092 42 527272
189 17257 33477 45 644708
190 17267 39729 121 1048995
191 17357 18537 64 33214
192 17385 23200 9 25629
193 17421 22332 16 25859
194 17457 55905 41 749984
195 17548 31138 16 49357
196 17577 24861 91 127775
197 17596 19344 18 3342
198 17640 20731 51 91792
199 17644 29432 59 294336
200 18142 23287 23 274675
201 18150 27647 45 162356
202 18186 33614 16 160065
203 18207 20233 22 24374
204 18230 32055 66 304221
205 18253 28961 12 77265
206 18590 19966 59 38923
207 18676 18909 6 1021
208 18970 21240 36 24962
209 19073 24461 51 45267
210 19083 25626 131 696099
211 19410 23664 69 113836
212 19493 27328 121 275888
213 19498 21384 78 176865
214 19586 25734 142 240712
215 19602 24561 148 219473
216 19689 32922 138 975602
217 19839 31067 82 364444
218 19910 39626 44 568991
219 19949 39413 30 342028
220 20022 36100 138 727889
221 20207 23710 130 491134
222 20213 37280 25 202284
223 20234 20246 136 1112
224 20317 41392 32 316354
225 20393 28053 47 158773
226 20536 22582 142 179828
227 20581 30359 7 26321
228 20733 22210 60 33758
229 20796 21391 4 1886
230 21104 23223 6 11368
231 21113 22959 30 70417
232 21120 29620 13 24233
233 21285 22417 10 1462
234 21360 22104 142 32212
235 21364 31572 57 429063
236 21473 28546 63 189304
237 21620 25770 7 8140
238 21728 22994 36 50403
239 21890 24066 115 40786
240 21907 30707 51 267087
241 22007 27462 15 150124
242 22245 33317 78 506193
243 22335 26602 57 165100
244 22557 26578 114 145743
245 22931 25291 132 184363
246 22979 25522 70 48702
247 22985 23929 65 41072
248 23020 40237 95 387439
249 23032 32236 65 637893
250 23129 27274 14 34733
251 23148 25284 7 2923
252 23154 26631 42 19330
253 23402 57737 74 346253
254 23425 25431 128 73263
255 23449 33545 71 183285
256 23513 50282 42 222572
257 23614 30498 15 62614
258 23665 24527 148 40123
259 23794 23969 22 2122
260 23805 24857 63 43776
261 23810 45802 108 538530
262 23811 24135 88 28365
263 23888 31655 41 60627
264 24017 33102 14 61537
265 24189 25215 112 102921
266 24308 38271 117 1872271
267 24398 57902 14 249750
268 24442 25082 40 37683
269 24490 26040 84 101750
270 24646 24917 69 14380
271 24666 33572 79 339675
272 24869 24991 23 601
273 24944 25443 16 5731
274 24962 29966 19 88594
275 24967 26932 8 3450
276 25218 26088 58 19165
277 25454 30129 57 168917
278 25511 32788 21 26173
279 25777 26544 5 2320
280 25788 33525 5 8647
281 25863 30022 4 15313
282 25956 39385 114 461996
283 26206 32287 30 99578
284 26326 28042 62 70487
285 26708 36735 112 325857
286 26896 30429 52 54109
287 26920 28904 60 64860
288 27046 28763 138 102274
289 27049 38066 7 39450
290 27058 67658 50 641384
291 27069 37504 94 256144
292 27129 28417 49 14651
293 27139 29290 58 29588
294 27168 28328 10 2846
295 27178 29220 136 136593
296 27237 42939 132 1491885
297 27323 36397 120 1245092
298 27363 30003 9 10244
299 27527 38109 26 77027
300 27568 28994 99 109889
301 27635 28988 10 4739
302 27743 56150 14 209471
303 27793 36285 14 49194
304 27822 30426 37 36520
305 27832 34403 120 399042
306 28005 30662 89 96366
307 28115 28442 140 37964
308 28205 28902 15 9777
309 28233 30407 139 76091
310 28264 36101 122 504789
311 28278 45315 52 148224
312 28467 32768 7 40948
313 28483 29379 74 25428
314 28514 44749 73 303708
315 28602 30554 92 25317
316 28643 33744 85 253836
317 28653 35970 60 283102
318 28675 38378 10 27121
319 28704 38055 25 77970
320 28948 46055 69 486561
321 28984 45445 110 1219656
322 29190 50043 112 817078
323 29272 37648 99 343919
324 29527 30027 71 6757
325 29543 40741 100 471338
326 29559 35835 53 158224
327 29687 52981 27 233327
328 29700 46929 7 48272
329 30052 30599 113 17193
330 30191 34988 132 242777
331 30200 35873 125 1197386
332 30290 32412 144 126944
333 30312 33291 27 48589
334 30581 44232 37 113089
335 30655 34211 39 129229
336 30694 55402 80 1352969
337 30776 37925 89 116317
338 30845 34336 18 12972
339 30851 49141 33 224884
340 30973 41922 55 328317
341 31010 45705 127 618574
342 31087 45364 5 47667
343 31159 53597 52 145156
344 31164 41816 75 162576
345 31170 34577 104 52687
346 31364 34965 26 55089
347 31404 49173 111 2110842
348 31424 38787 17 42534
349 31470 63811 5 81484
350 31496 31785 117 20356
351 31501 39633 40 66162
352 31512 53816 83 349860
353 31556 32235 11 7442
354 31560 37024 22 62157
355 31680 32281 10 6636
356 31689 42253 143 298320
357 31752 44106 52 321252
358 31866 54408 71 702973
359 31999 32850 9 4769
360 32097 42989 42 134766
361 32190 32472 43 10817
362 32191 33576 11 9062
363 32581 38460 81 84258
364 32708 42770 112 370164
365 32738 51381 7 22184
366 32832 34181 42 53404
367 32859 35029 136 116647
368 32957 34022 91 36151
369 32972 38981 11 26142
370 32997 33033 91 2586
371 33136 44701 20 169653
372 33236 45941 30 141017
373 33264 42093 36 132895
374 33360 49039 42 320228
375 33366 39999 11 31686
376 33612 36547 56 166970
377 33690 50928 8 69014
378 33781 33818 19 565
379 33976 51175 26 222157
380 34070 35444 5 7227
381 34205 49361 130 1994127
382 34244 49635 5 19270
383 34384 51988 35 323042
384 34692 43158 81 298996
385 34741 39192 31 27201
386 34755 60861 69 1624850
387 34845 39217 10 18568
388 34933 37605 12 11095
389 35052 48530 105 303777
390 35140 41352 20 144520
391 35216 45672 117 561900
392 35259 50173 44 780394
393 35307 60534 13 98907
394 35411 52015 18 46500
395 35691 43584 42 175298
396 35692 43346 144 249363
397 35816 36169 52 16040
398 35986 37706 129 69980
399 36057 44928 55 204245
400 36074 42035 26 48934
401 36092 39191 15 6980
402 36250 52673 73 649402
403 36255 39118 119 51927
404 36275 37947 121 39678
405 36373 39105 21 31151
406 36382 42535 72 166985
407 36511 37557 37 11509
408 36694 62528 27 140210
409 36701 37116 29 19536
410 36839 45984 7 13482
411 36901 41574 79 197682
412 36964 50328 61 162805
413 37013 41832 91 203840
414 37061 49979 141 770342
415 37155 42592 53 183433
416 37515 50398 89 187093
417 37711 38390 54 12091
418 38027 56843 48 276881
419 38069 45124 58 182246
420 38122 41110 97 115109
421 38126 42795 137 203442
422 38275 47702 65 243120
423 38471 41547 111 165492
424 38518 53715 82 436801
425 38566 42059 42 94438
426 38943 41865 119 184514
427 38971 41457 18 33208
428 39132 40099 42 25149
429 39218 45266 36 109638
430 39328 52507 124 608008
431 39449 46777 39 48131
432 39487 43802 131 213042
433 39537 57786 15 81627
434 39588 50044 125 1030408
435 39869 51722 72 403070
436 39956 42498 112 205977
437 40042 53767 14 146578
438 40172 45598 84 370528
439 40212 54042 11 26120
440 40225 58185 113 1297031
441 40654 42242 60 57143
442 40685 40871 27 3312
443 40876 45306 69 114932
444 40963 42179 14 2597
445 40973 54587 120 214966
446 41005 41455 86 14092
447 41083 48200 94 231830
448 41143 41175 81 1211
449 41217 42976 13 6523
450 41539 50425 85 89414
451 41615 45923 9 4897
452 41635 57752 29 107026
453 41664 42194 132 47985
454 41699 42325 148 61933
455 41742 43805 82 52118
456 41811 62603 68 883092
457 41975 42384 53 26316
458 42132 42422 20 4997
459 42150 51507 6 16918
460 42156 46854 116 252211
461 42168 60455 98 473491
462 42203 45494 47 124006
463 42524 50973 114 329291
464 42572 49232 129 192678
465 42644 46758 149 393972
466 42745 79024 48 1392256
467 42773 51510 126 264524
468 42961 46685 14 23697
469 43031 47942 7 4594
470 43157 56101 19 206456
471 43185 43775 119 57011
472 43209 46707 124 209856
473 43368 54925 35 51469
474 43410 55495 12 29618
475 43503 49693 20 90265
476 43544 45221 23 10708
477 43589 48623 125 191295
478 43599 55913 7 41136
479 43832 51261 26 110781
480 43857 53851 76 364147
481 43882 85453 27 385015
482 44018 57386 119 950463
483 44035 54955 52 239780
484 44193 71485 42 758260
485 44213 50869 121 351474
486 44298 47707 61 148453
487 44299 47682 57 69563
488 44316 45711 138 203257
489 44355 53822 60 272260
490 44600 48981 42 45651
491 44738 45691 15 5363
492 44845 53473 81 267774
493 44851 54499 45 339418
494 45108 46379 69 19984
495 45117 49794 78 66489
496 45136 47370 76 43296
497 45252 46434 17 5150
498 45783 47304 27 26979
499 45854 53249 126 293366
500 45893 54061 82 470858
501 45925 48715 38 39132
502 45976 64922 42 213989
503 46150 60104 34 285023
504 46275 47663 18 12253
505 46299 68677 5 31809
506 46670 55342 69 230067
507 46780 61647 94 240016
508 46795 50794 77 111537
509 47047 86246 112 2295371
510 47116 48643 61 31058
511 47182 51069 138 386029
512 47296 48109 56 38958
513 47319 51183 37 13934
514 47430 47853 5 1438
515 47456 49859 141 229513
516 47479 58368 4 24061
517 47585 67396 25 243616
518 47625 53221 85 250244
519 47644 61739 56 222427
520 47709 51117 99 285432
521 47884 51081 11 18551
522 47900 60237 149 1203659
523 47948 71353 4 48474
524 48227 62559 83 525838
525 48352 49626 25 36877
526 48353 68412 48 237995
527 48419 53879 101 362152
528 48460 54690 42 48764
529 48527 61868 22 148708
530 48640 49777 28 32138
531 48884 56496 10 21415
532 49040 50542 38 12894
533 49133 54808 63 90846
534 49256 54151 138 316060
535 49298 57217 28 42644
536 49303 58064 147 729083
537 49344 50562 5 4091
538 49388 57193 92 174974
539 49397 51283 4 3603
540 49415 53382 105 302231
541 49426 52732 10 18869
542 49432 57977 22 35781
543 49584 56798 67 244747
544 49631 58749 7 24566
545 49668 52664 15 30364
546 49705 76664 138 2928326
547 50234 53933 120 138687
548 50323 58209 126 438650
549 50388 63034 100 801226
550 50402 58306 17 53260
551 50653 51632 9 4224
552 50784 53357 23 16591
553 50868 52006 104 26234
554 50881 54353 13 30815
555 51127 56508 5 6900
556 51129 51346 91 8005
557 51135 64871 67 185533
558 51217 57709 146 578384
559 51220 70700 17 132102
560 51242 70772 134 1104876
561 51247 54233 21 27716
562 51404 52861 30 31617
563 51483 64623 5 27616
564 51517 54509 71 117384
565 51691 52945 63 38508
566 51720 56828 51 275811
567 51761 59943 4 4132
568 51908 56597 147 141405
569 52083 62872 56 383683
570 52107 53168 6 3372
571 52383 79755 16 106717
572 52509 55749 12 32812
573 52613 53757 40 32273
574 52640 65893 149 623365
575 52679 53626 19 12808
576 52760 54099 31 23023
577 53028 54784 142 47115
578 53034 56381 21 15431
579 53107 66217 39 403937
580 53219 55174 93 67109
581 53774 59565 128 415448
582 53800 82222 25 104476
583 53938 55262 16 15514
584 54039 85922 100 1134078
585 54056 75248 34 291684
586 54083 69933 22 158357
587 54138 55006 99 98609
588 54225 67006 115 767931
589 54321 59150 24 60085
590 54435 59787 133 102159
591 54436 56823 20 27772
592 54556 60409 34 81303
593 54596 57163 59 49254
594 54613 63636 16 201360
595 54656 55951 150 172150
596 54754 69013 25 224040
597 54873 56063 92 79938
598 54895 56309 24 19307
599 55151 67526 149 746327
600 55239 71660 57 444073
601 55358 57925 40 28948
602 55445 65494 5 27366
603 55493 69325 103 886246
604 55646 67609 7 21756
605 55768 58880 17 8492
606 55800 56999 134 90006
607 55801 57873 90 100158
608 55825 63486 20 206795
609 55840 56533 143 51800
610 55868 57174 136 133837
611 55872 61827 12 41471
612 55959 61914 124 256301
613 55998 79691 6 37708
614 56027 62776 9 77369
615 56035 64224 6 18378
616 56173 70861 20 130612
617 56281 62351 115 164362
618 56297 67043 117 499088
619 56574 59838 64 34339
620 56834 78703 9 156366
621 56902 61257 26 56703
622 56949 69061 9 12641
623 57020 58309 34 41238
624 57074 69878 31 160754
625 57152 73060 94 330402
626 57259 69237 14 41348
627 57390 57446 7 235
628 57483 66954 144 340621
629 57488 61146 19 27818
630 57662 58270 81 16054
631 57701 62624 131 245202
632 57720 58482 77 52386
633 57724 84470 7 102853
634 57881 60548 98 109741
635 57920 64940 139 316327
636 58023 59673 144 51040
637 58102 59106 34 16891
638 58200 67984 118 220177
639 58397 65415 26 117836
640 58518 68578 17 49387
641 58589 92112 47 326542
642 58659 64075 23 90230
643 58782 62214 97 116459
644 59027 71066 33 78750
645 59060 60570 124 86285
646 59192 63945 21 57220
647 59256 64294 24 17377
648 59422 77113 96 566823
649 59436 61641 145 158809
650 59730 65577 9 24300
651 60127 77313 93 600443
652 60285 61263 10 6427
653 60289 62564 62 94125
654 60344 61295 28 13140
655 60627 61869 129 99594
656 60725 70135 142 327245
657 60746 71586 4 39221
658 60894 62714 19 16875
659 60903 65141 57 143556
660 60905 68366 126 845688
661 60926 66106 69 258032
662 60957 61419 9 3574
663 61003 65337 107 544366
664 61022 68960 9 15585
665 61025 70544 60 159790
666 61074 81696 120 1238556
667 61100 63398 103 189264
668 61162 61622 40 7078
669 61221 67326 144 296660
670 61259 61872 149 104092
671 61350 75982 4 36841
672 61421 62213 61 19879
673 61714 67389 89 146477
674 61980 62149 41 8241
675 62022 64259 51 151069
676 62040 62585 84 17150
677 62046 66733 91 111264
678 62123 67680 119 542370
679 62126 65986 23 99541
680 62166 78907 42 220908
681 62224 69930 88 145635
682 62357 64510 43 57547
683 62377 64659 138 109226
684 62536 89945 10 64984
685 62573 62843 85 36852
686 62669 65311 29 25172
687 62820 66949 104 237387
688 62962 67662 142 157986
689 62969 64412 18 9664
690 63123 77752 129 582382
691 63131 63502 118 39980
692 63180 79589 97 609228
693 63348 67036 71 60871
694 63432 97934 16 73401
695 63516 73081 63 639135
696 63659 66613 53 27823
697 63660 81179 109 497166
698 63692 67458 73 47356
699 63768 67633 119 223368
700 63885 70467 67 281327
701 63994 75306 9 29959
702 64032 78096 10 56953
703 64047 70163 22 67791
704 64178 69346 138 88741
705 64233 74459 108 238275
706 64391 72004 124 469053
707 64394 65936 114 51642
708 64524 75004 132 400014
709 64649 68569 115 354213
710 64758 76739 10 17410
711 64809 70725 4 4215
712 64977 67615 49 37489
713 64998 65998 17 5214
714 65140 72229 94 207599
715 65164 68911 90 383872
716 65172 80351 37 178307
717 65210 71656 135 91619
718 65296 66354 5 7506
719 65501 68989 43 90819
720 65825 86503 128 582423
721 65835 70883 106 136575
722 65969 74967 59 425177
723 66534 91926 42 518743
724 66632 80242 130 592338
725 66659 67857 21 9401
726 66662 95687 144 1484407
727 66827 79622 142 980004
728 66867 66911 143 5302
729 66984 77324 120 1206923
730 67057 71051 36 19817
731 67071 67197 23 2714
732 67072 69366 78 120965
733 67094 73542 121 405256
734 67206 72782 123 209702
735 67207 71129 8 17440
736 67370 83203 52 455041
737 67452 85162 93 636288
738 67475 79120 79 138196
739 67737 94591 5 62252
740 67780 69368 15 3303
741 67920 75558 122 554311
742 67943 68615 10 3318
743 67973 71203 42 41220
744 68017 84944 124 1869613
745 68067 71130 8 11285
746 68126 68661 50 17696
747 68185 94981 4 79348
748 68263 86056 117 528486
749 68346 70316 45 82861
750 68376 69008 79 15223
751 68392 73016 5 12034
752 68539 71622 100 149794
753 68731 71115 47 24939
754 68797 74151 109 75361
755 68813 85752 80 313284
756 68914 85031 95 492983
757 68953 76316 28 92362
758 68980 71313 54 147643
759 69328 92066 13 183425
760 69332 74919 17 50889
761 69398 71654 88 51655
762 69472 90550 131 718807
763 69706 70103 143 49157
764 69779 70899 88 32458
765 69784 82524 32 325923
766 69812 73129 89 169764
767 69993 72867 17 14228
768 70166 74827 50 96509
769 70173 76082 122 272293
770 70262 88187 13 131001
771 70368 78293 13 42776
772 70369 81344 71 159129
773 70509 82047 123 499785
774 70521 72845 45 86891
775 70596 71619 8 2902
776 70648 96331 8 53707
777 70805 76111 14 18742
778 70981 89535 15 92655
779 70994 75505 15 51626
780 71014 83449 148 862211
781 71087 74786 91 108414
782 71254 80666 15 15477
783 71268 77520 22 93691
784 71280 75805 121 518405
785 71324 71976 85 18061
786 71330 85240 32 87802
787 71468 72560 18 16004
788 71629 76212 10 29420
789 71674 77429 51 186178
790 71851 72161 34 6831
791 71922 77792 13 20989
792 71984 94007 132 1860503
793 72012 97537 118 4808872
794 72074 75066 111 68732
795 72118 78813 136 193455
796 72151 76964 143 200243
797 72286 76660 58 76007
798 72311 74264 10 12515
799 72391 73193 49 15647
800 72517 72905 27 3259
801 72522 83118 24 130725
802 72569 81289 94 131919
803 72588 99102 102 1213315
804 72645 82435 37 105024
805 72664 85439 4 8627
806 72688 74782 90 69713
807 72784 85261 142 962829
808 73004 73454 118 40408
809 73180 73785 7 2500
810 73272 94001 74 867938
811 73311 80685 9 82308
812 73410 87719 29 150527
813 73412 84925 80 361481
814 73661 78041 78 122734
815 73812 80166 123 403327
816 74115 85174 7 76609
817 74120 84222 5 9307
818 74205 78140 48 64628
819 74218 82109 31 41133
820 74236 80379 140 174995
821 74276 77448 77 196050
822 74306 77699 24 13450
823 74364 99464 110 1923729
824 74519 88148 86 224455
825 74576 76137 58 49599
826 74633 76311 32 31793
827 74710 79358 22 45778
828 74738 75565 27 17557
829 74913 75155 25 3502
830 75293 84593 29 90607
831 75321 81759 20 67808
832 75508 89337 45 404199
833 75620 80701 23 88979
834 75650 86400 68 915261
835 75663 79630 15 22989
836 75828 92728 56 142973
837 76032 76216 48 7616
838 76192 92642 45 234718
839 76249 77789 4 9298
840 76436 86043 7 13972
841 76448 79929 66 170968
842 76534 94940 76 621346
843 76598 77580 91 63905
844 76601 82659 145 629257
845 76849 80723 49 88708
846 76892 77398 107 39821
847 77017 80507 131 249039
848 77137 78755 122 114533
849 77260 85222 28 138526
850 77321 79592 70 61471
851 77377 86366 130 1176436
852 77478 88971 54 622861
853 77924 86370 95 730998
854 78059 80633 77 137972
855 78117 80101 37 14990
856 78118 83258 19 23135
857 78128 82043 37 50919
858 78299 87188 143 673228
859 78372 97690 40 129959
860 78388 92443 112 505452
861 78394 81319 52 47085
862 78654 84171 140 172223
863 79013 84890 82 174712
864 79028 95740 117 2206049
865 79075 79567 10 3256
866 79124 82807 20 19111
867 79334 94772 17 255351
868 79444 87161 98 123598
869 79528 83691 41 65727
870 79532 84796 29 40728
871 79676 82617 20 17337
872 79754 84183 75 90113
873 79852 94865 90 133516
874 79997 86769 18 37529
875 80013 96433 96 222476
876 80129 95024 113 901837
877 80263 82502 113 92347
878 80604 83794 52 124391
879 80734 88657 98 278692
880 80842 83712 102 118347
881 80874 83754 11 16325
882 80975 82227 73 37409
883 81126 85251 54 36251
884 81142 87414 36 47371
885 81330 81875 7 2011
886 81579 81874 142 9851
887 81893 97163 29 455690
888 81907 82416 19 2614
889 81925 87985 5 9583
890 82027 83602 9 8100
891 82087 82213 90 3934
892 82225 86328 17 19678
893 82306 87608 5 10073
894 82549 85406 118 101213
895 82736 87279 4 3462
896 82842 83247 72 11247
897 82879 88195 114 357214
898 82962 98412 29 178671
899 82979 88974 10 21082
900 83017 85127 110 157267
901 83022 93457 30 150687
902 83039 84801 59 26472
903 83045 93782 34 177310
904 83142 85227 144 99057
905 83722 92720 138 551989
906 83776 84709 11 12884
907 83821 89265 63 145503
908 83855 92356 57 267473
909 84152 88980 148 316595
910 84301 91483 17 16182
911 84423 94796 46 182540
912 84981 97181 41 428620
913 85032 89039 121 117326
914 85059 89433 45 92901
915 85090 93526 76 66669
916 85103 87695 65 24425
917 85126 86937 45 8600
918 85350 86983 13 3632
919 85375 87072 6 4022
920 85583 88628 7 15607
921 85586 94711 21 223000
922 85633 89964 6 12686
923 85673 95748 88 160045
924 86009 97661 52 234904
925 86238 92308 17 75390
926 86404 94083 91 245791
927 86422 86667 37 15809
928 86591 89782 32 16322
929 86715 92111 120 190489
930 86731 96190 147 1934724
931 86820 97060 13 58818
932 86910 94114 67 790284
933 87088 87149 23 1289
934 87130 99964 125 1865629
935 87141 97581 19 138337
936 87239 89927 6 16337
937 87278 98480 123 810799
938 87385 90334 12 13502
939 87415 89829 95 75212
940 87526 91193 121 249786
941 87740 92965 23 34736
942 88170 91672 127 199748
943 88466 88621 4 346
944 88521 89689 66 22399
945 88729 89285 38 8160
946 88808 89503 15 5775
947 89024 91359 15 4856
948 89273 92979 41 53975
949 89302 98776 74 228855
950 89355 91936 25 27761
951 89397 96210 70 100203
952 89522 95774 148 706184
953 89636 90538 34 25718
954 89811 92192 75 14325
955 89815 97179 79 106662
956 89947 95656 75 270787
957 90001 93023 146 466301
958 90285 98378 67 129875
959 90393 95996 13 24451
960 90498 96006 4 9293
961 90560 90693 67 10897
962 90624 91455 60 23215
963 90673 95715 49 69059
964 90761 96146 67 233138
965 90775 92836 122 233966
966 91237 92689 9 3736
967 91254 93317 65 69097
968 91757 93521 102 83427
969 91885 92581 97 35918
970 92269 98584 18 137732
971 92566 97212 52 137908
972 92702 93127 66 11449
973 92744 99543 44 99225
974 92846 96775 58 72624
975 92876 94602 5 2544
976 92928 97687 99 93599
977 93100 97013 123 150506
978 93506 97334 69 36531
979 93537 96898 21 20670
980 93852 94039 76 8979
981 93891 98179 25 62407
982 94176 99702 19 45740
983 94190 95867 62 46787
984 94266 94357 25 572
985 94393 96304 36 23484
986 94475 98139 81 227301
987 94951 95566 86 54013
988 95424 95533 84 1679
989 95926 97759 7 11326
990 96069 96088 12 286
991 96159 97892 94 54053
992 96285 98807 15 12955
993 96659 97449 37 9365
994 96724 97515 123 38131
995 96760 98499 77 106309
996 96952 98237 53 37196
997 97318 97928 30 21659
998 98326 98951 142 87299
999 99207 99685 103 46923
