50 1000 0.032
........................#.........................
........................##..........###...........
........................#............#............
........................##...........##...........
####.....................#........................
#..#..............................................
#.......................................#.........
........................................##........
.......................................##.........
........................................##........
..................................................
...........#..#...................................
...........####............................###....
...........#..#..................####.....###.....
...................................##....#..####..
................###.##.............#.....#....#...
................#....#..................##........
...###.........##.......................##........
.........................................#........
..................................................
..............##......#..##.....#.#...............
.............###......##.##.....######............
..............##.......####.....##.#.#............
.......................##.........................
..................................................
..................................................
..................................................
..................................................
..................................................
..................................................
...###............................................
....#.............................................
..................................................
..................................................
............................#...........##...#....
............................#...........#....#.#..
............................###.......#.#....####.
#...........................##........#.#....####.
##....................................#.#....#.#..
####................###...............#...#..#.#..
.#...................#................#..####.....
..........................................#.......
..................................................
..................................................
..................................................
.....................##...........................
.....................###........##................
......................####.....###................
....................####.......##...#.####........
...............................###..#######.......
0 78 29357 7 126511
1 127 10958 5 23365
2 129 11718 32 124386
3 310 3467 136 356048
4 381 1484 100 46210
5 636 4947 33 17698
6 863 1635 7 1505
7 917 6040 100 376612
8 948 27147 140 554660
9 976 12722 18 88908
10 1010 1697 18 4973
11 1102 12233 25 67846
12 1297 9824 9 78898
13 1333 21165 112 1182869
14 1364 5657 40 103574
15 1395 9478 41 108671
16 1440 6200 55 120669
17 1461 1679 97 23436
18 1478 11538 149 1097126
19 1573 14858 8 64896
20 1649 3542 21 30637
21 1929 2042 39 5912
22 2108 5468 35 44078
23 2399 3862 9 2573
24 2443 19055 64 422975
25 2453 16047 138 281373
26 2602 16210 8 40634
27 2630 3041 7 1801
28 2656 7051 132 202283
29 2824 22603 107 2246294
30 2868 50242 66 1506048
31 3289 5039 4 3017
32 3376 4724 132 78313
33 3392 3655 109 8929
34 3512 4736 69 19832
35 3568 16159 5 43796
36 3698 7858 134 159998
37 3917 17897 10 32727
38 3967 18433 32 103239
39 4307 8296 19 37003
40 4346 10118 51 100174
41 4597 5858 104 83483
42 4877 8382 22 31139
43 4906 16991 120 656014
44 4923 10165 29 28698
45 5222 10481 108 791176
46 5228 5803 112 40935
47 5236 5956 124 36384
48 5253 6353 23 9120
49 5271 12468 132 391973
50 5289 5964 58 64155
51 5355 10668 49 327017
52 5581 12243 114 464305
53 5655 8341 16 30308
54 5807 6613 49 17678
55 5860 8619 125 271743
56 5963 15904 112 1138705
57 6041 12792 9 40247
58 6052 8465 44 24108
59 6241 9415 36 64298
60 6374 12574 44 55019
61 6498 11349 94 187405
62 6536 8534 48 95998
63 6767 15582 123 564880
64 6862 15794 89 325684
65 6863 10746 15 51181
66 6961 15211 18 72188
67 7023 9974 80 96071
68 7106 12549 42 170796
69 7153 14564 39 62660
70 7284 12583 7 15257
71 7349 12078 128 225292
72 7453 20860 24 132548
73 7490 10284 105 155130
74 7503 10700 62 77915
75 7575 9370 17 14601
76 7576 11149 56 72217
77 7714 9149 24 18822
78 7735 13226 109 205377
79 7801 13941 71 189032
80 7805 16246 42 211269
81 7824 9028 67 21295
82 7927 23464 125 632896
83 7962 12391 7 18261
84 8112 9241 62 25439
85 8204 12510 140 168788
86 8270 15119 10 33081
87 8389 11963 41 89410
88 8431 31913 54 571112
89 8618 15295 78 113056
90 8694 11887 101 208447
91 8713 10801 78 104573
92 8756 17335 108 297960
93 8818 12449 118 273409
94 9022 46804 98 1916455
95 9054 21598 146 428080
96 9182 17375 29 166310
97 9436 22487 77 376473
98 9775 24889 17 110026
99 9853 22337 18 146454
100 9978 24724 35 311796
101 9983 28199 107 941550
102 10063 13737 7 5709
103 10084 14253 33 33491
104 10147 16371 16 50931
105 10230 12612 38 17413
106 10437 15906 119 221121
107 10513 12140 60 33618
108 10532 13895 81 136211
109 10590 28797 119 707527
110 10630 13467 20 33733
111 10705 23973 7 32834
112 10884 11054 72 5541
113 10910 17215 31 30281
114 10930 29736 42 192815
115 11042 14838 19 44983
116 11111 17764 19 102383
117 11203 17036 15 10949
118 11204 18280 35 195591
119 11210 27388 7 26816
120 11303 20426 32 92782
121 11598 18753 37 98318
122 11713 22588 30 196938
123 11925 12315 43 37230
124 12242 14533 122 164460
125 12272 16948 10 25469
126 12312 15290 19 18460
127 12435 16054 76 184283
128 12478 21204 26 203873
129 12492 16830 10 10777
130 12523 12859 52 12532
131 12575 13282 5 946
132 12788 16930 43 35853
133 12875 14317 111 80617
134 12965 13756 124 59546
135 13050 16607 75 146170
136 13087 13686 33 8335
137 13132 13620 68 13748
138 13193 14149 144 70982
139 13322 15879 50 36495
140 13340 15079 72 94147
141 13401 20722 53 328117
142 13420 21338 61 306575
143 13426 23057 5 13098
144 13448 27510 21 52980
145 13478 16593 22 7421
146 13507 17007 39 84950
147 13675 20610 75 329257
148 13710 15824 136 121688
149 13720 18749 44 41860
150 13801 31073 58 170108
151 13809 20656 95 359714
152 13814 14479 32 8809
153 13823 15220 108 60728
154 14025 36807 41 553407
155 14154 17536 53 61179
156 14284 23020 69 339018
157 14297 30795 27 101246
158 14326 16603 37 32336
159 14363 24063 55 88690
160 14375 15348 19 7335
161 14408 17102 14 12635
162 14448 16774 52 34075
163 14613 18243 86 134454
164 14615 18942 88 309326
165 14720 22198 147 178174
166 14793 17090 131 174264
167 14904 17894 64 220873
168 14997 24823 128 348560
169 15429 25141 40 238551
170 15587 15875 59 3745
171 15826 15952 45 3661
172 15979 18295 63 112505
173 16017 17557 30 31512
174 16114 38021 44 359508
175 16129 18147 37 26938
176 16180 23011 10 24234
177 16537 16936 80 25791
178 16690 28866 75 823476
179 16735 26360 139 559774
180 16810 20374 139 218394
181 16931 21193 118 170566
182 16954 28976 91 569550
183 17011 17595 89 21864
184 17080 25010 6 38114
185 17087 18449 20 9135
186 17466 17889 25 12114
187 17525 31958 28 115235
188 17539 18685 110 123041
189 17555 23934 20 29503
190 17662 18459 70 48182
191 17706 27558 68 142727
192 17717 27774 63 140902
193 17725 22614 8 18115
194 17737 19623 9 9138
195 17780 37112 95 222975
196 17918 23120 66 158024
197 18091 19644 92 219745
198 18329 18755 18 2649
199 18374 29234 45 247105
200 18550 19035 109 23461
201 18556 34217 10 62702
202 18918 43418 25 99950
203 19039 24444 86 210355
204 19068 31688 96 364591
205 19077 20089 150 81765
206 19159 21117 42 264573
207 19188 33347 5 32217
208 19238 21792 10 19261
209 19248 19761 9 4938
210 19331 20632 116 193808
211 19350 26045 30 117157
212 19548 29438 120 1031950
213 19681 29334 29 223579
214 19745 20650 129 53758
215 19779 51534 33 340957
216 19802 49234 55 661982
217 19917 19957 85 2852
218 19977 20968 25 8499
219 20340 23518 11 7475
220 20350 20741 11 4360
221 20370 21703 58 22941
222 20558 28521 88 124567
223 20694 30565 90 400867
224 20917 25668 139 231477
225 20971 23159 10 16302
226 21066 22331 37 132989
227 21128 23579 44 61796
228 21145 22484 22 6977
229 21402 33337 45 150510
230 21527 26656 11 41151
231 21699 26702 54 99629
232 21722 26789 118 105771
233 21842 22081 82 31333
234 21898 22778 70 59841
235 22000 22088 6 179
236 22054 23595 87 17752
237 22406 43709 104 706602
238 22413 25748 63 62233
239 22467 23075 30 10176
240 22662 42326 6 42451
241 22701 45791 47 818365
242 23099 25206 99 151834
243 23191 27310 9 11869
244 23267 24018 11 935
245 23303 28064 124 209099
246 23415 25723 90 308528
247 23523 25952 5 7838
248 23583 24039 145 9796
249 23609 26915 51 129726
250 23618 25356 38 33744
251 23644 35737 29 168797
252 23650 34009 19 124785
253 23826 26237 120 398283
254 23941 29281 11 15209
255 24023 32454 91 662374
256 24098 26384 139 205629
257 24101 24839 12 5378
258 24137 28737 141 148205
259 24184 36245 33 239759
260 24248 26202 84 92882
261 24276 27635 115 114401
262 24297 36306 10 46716
263 24335 29913 99 139613
264 24502 53260 28 340386
265 24506 29620 72 272486
266 24585 27454 62 394951
267 24707 24748 20 209
268 24710 28814 41 72256
269 24880 29766 116 365178
270 24915 25065 6 606
271 24947 36678 113 1172598
272 25138 34796 113 128896
273 25200 45943 67 175039
274 25280 26840 24 10105
275 25315 30974 29 21542
276 25496 36324 50 455632
277 25519 30385 53 107374
278 25555 28772 74 82501
279 25556 31556 42 38016
280 25635 34025 56 156499
281 25672 30808 14 23916
282 25695 30212 9 25252
283 25722 51417 36 916411
284 25787 25880 8 264
285 25892 26234 115 56029
286 25998 37625 146 731542
287 26030 29193 102 55998
288 26069 38329 40 94869
289 26092 39856 99 744036
290 26146 27061 30 5317
291 26183 32529 123 97864
292 26218 42610 16 92686
293 26247 43858 28 108469
294 26338 43986 72 526485
295 26390 37227 29 58233
296 26500 29892 125 169758
297 26501 37581 14 78258
298 26514 34179 17 37130
299 26575 27755 7 14603
300 26651 36565 109 247352
301 26708 30264 132 298167
302 26743 32324 47 137373
303 26885 27590 5 903
304 27157 28361 109 58562
305 27182 35481 14 43085
306 27213 33335 58 198982
307 27311 30537 73 114313
308 27526 28066 32 4282
309 27599 31196 7 13196
310 27631 28390 31 5472
311 27643 32864 94 115629
312 27650 29139 145 336802
313 27777 32119 21 52418
314 27789 30223 51 22933
315 27826 42707 9 54277
316 27867 56419 9 170810
317 27922 29298 16 16735
318 27930 29536 8 11771
319 28101 37982 57 345082
320 28193 29643 12 16872
321 28296 34877 134 459086
322 28365 32299 139 332137
323 28372 30283 12 22931
324 28404 29677 30 36626
325 28714 39845 144 843538
326 28735 41550 5 27898
327 28900 29457 99 28925
328 28916 29481 109 19756
329 28952 29427 136 90391
330 29031 32674 7 12792
331 29046 52267 98 504615
332 29049 33138 7 22465
333 29073 29697 123 59329
334 29150 33954 83 140777
335 29210 37045 10 16624
336 29461 31789 129 126414
337 29466 32682 123 156246
338 29593 48528 93 305888
339 29600 42150 34 129679
340 29846 40236 46 130809
341 30061 41231 72 279259
342 30073 41510 136 851468
343 30151 45488 37 92744
344 30522 30868 77 9015
345 30587 31584 50 53166
346 31052 41907 26 77566
347 31061 34862 127 170524
348 31397 42395 10 42863
349 31877 46991 39 342586
350 31946 42117 125 484328
351 31999 33489 89 77229
352 32101 32321 21 3865
353 32383 48867 28 204650
354 32435 34220 6 2974
355 32484 35283 9 7483
356 32509 34562 30 15284
357 32722 33906 89 163177
358 32766 37599 108 323756
359 32847 34916 49 39058
360 32863 41220 106 194262
361 32930 36570 75 306223
362 32986 36998 80 110168
363 33033 47936 5 26459
364 33148 46522 57 312504
365 33177 33362 120 30456
366 33241 37362 75 186401
367 33559 45531 66 451191
368 33729 39160 100 242436
369 33998 42558 126 574294
370 34010 40321 71 169638
371 34157 34386 113 7914
372 34207 45197 111 766206
373 34224 35131 20 20285
374 34227 41726 92 206084
375 34493 60905 8 49264
376 34727 41803 134 701055
377 34805 38537 49 46711
378 35184 37276 31 19250
379 35253 35502 33 11178
380 35256 43919 117 308320
381 35389 41001 113 161362
382 35448 43731 130 428298
383 35639 38463 4 4014
384 35712 37317 37 31011
385 35732 35834 87 5944
386 35792 53362 51 646885
387 35818 39222 147 254720
388 35835 36983 65 84401
389 35987 42650 111 299771
390 36040 36990 26 26563
391 36076 42936 87 147605
392 36174 44346 12 148037
393 36278 54136 72 544191
394 36296 40346 97 118865
395 36366 37217 147 125993
396 36507 38152 103 150164
397 36606 38717 14 12084
398 36636 43537 31 40113
399 36966 54030 123 981028
400 36977 38440 136 74794
401 37007 39872 7 14261
402 37026 51922 93 401356
403 37144 57305 44 671120
404 37525 43890 113 269459
405 37569 37746 56 5168
406 37604 72347 27 267532
407 37667 44202 33 122432
408 37936 38245 60 8347
409 38013 38378 69 13238
410 38039 40088 115 85169
411 38160 39877 16 22996
412 38279 63933 96 349553
413 38416 50546 76 1212403
414 38603 48627 37 166056
415 38862 40400 93 43198
416 38893 40591 22 27620
417 38938 39165 120 6731
418 39010 56753 97 435940
419 39035 39690 56 35580
420 39069 40971 5 5252
421 39227 40912 16 7308
422 39300 54937 43 278702
423 39361 42647 74 56142
424 39397 40565 11 7601
425 39529 39570 10 251
426 39565 40061 63 20031
427 39754 44104 129 187427
428 40081 51957 7 38616
429 40347 56691 12 64495
430 40617 62266 15 80181
431 40659 45809 100 214790
432 41224 53908 105 539974
433 41235 58322 20 115713
434 41257 42151 95 57447
435 41379 44516 107 49478
436 41672 50460 38 85332
437 41692 57259 41 95844
438 41737 46623 50 133671
439 41799 47315 46 68336
440 41950 50184 45 94477
441 42097 42582 14 5849
442 42138 46497 33 94609
443 42646 59147 26 64399
444 42729 44015 33 24299
445 42882 48716 37 60827
446 42931 49681 37 60293
447 42976 52676 45 316555
448 43085 45455 21 33232
449 43160 45312 13 9418
450 43184 43847 60 8060
451 43246 44460 65 36910
452 43362 52291 8 24069
453 43400 49560 30 108302
454 43421 43874 84 17689
455 43423 60157 119 1049736
456 43534 45101 84 52584
457 43552 54951 125 653094
458 43661 45469 72 83699
459 43742 58022 117 890847
460 43785 68957 99 916483
461 43954 44175 4 749
462 44053 46856 102 223997
463 44068 45098 4 1777
464 44218 54354 27 32932
465 44224 48065 9 10672
466 44331 64611 23 117546
467 44428 55322 5 19310
468 44558 48074 140 143674
469 44800 54425 91 364258
470 45106 50359 90 298600
471 45107 54979 147 590553
472 45324 54805 117 417607
473 45405 52858 139 178496
474 45453 60890 28 176335
475 45480 53574 147 641060
476 45727 49416 20 60709
477 45758 75401 24 245824
478 45761 50204 146 337773
479 45831 49395 7 12016
480 45940 49217 97 262203
481 45964 60973 100 905667
482 46252 53445 131 192727
483 46441 87001 102 1250616
484 46443 51054 18 11122
485 46507 53046 143 109545
486 46582 64366 16 156007
487 46597 48210 118 69030
488 46628 50235 64 87850
489 46669 53242 104 160503
490 46701 48815 118 112914
491 46893 57328 9 71031
492 46917 60959 32 219712
493 47015 47562 25 4809
494 47021 47185 24 2691
495 47060 53939 34 39106
496 47101 51988 15 24415
497 47172 50117 95 173117
498 47290 50487 145 163713
499 47302 56424 7 8660
500 47344 61867 28 102670
501 47391 53371 88 325770
502 47394 58263 137 807283
503 47514 50041 84 78429
504 47571 77873 93 413807
505 47705 63802 63 376365
506 47752 57426 32 109088
507 47900 49529 96 84431
508 48000 52529 93 104258
509 48014 52130 73 125780
510 48198 65987 92 338223
511 48205 58141 48 285408
512 48272 56338 47 66347
513 48316 63222 44 730253
514 48368 56003 135 822820
515 48556 51509 13 19979
516 48864 54281 23 72594
517 48868 49678 36 16732
518 48948 58043 5 27846
519 49055 52224 90 162606
520 49263 58449 12 40798
521 49267 49630 8 3383
522 49491 49613 42 6800
523 49657 54316 63 87822
524 49747 55529 29 27180
525 49772 50720 28 17657
526 49864 53439 46 114203
527 50122 70569 124 1192738
528 50262 62429 123 338062
529 50353 59492 7 33229
530 50360 51420 21 18747
531 50368 50695 42 11441
532 50531 52371 22 10930
533 50640 77210 144 852492
534 50867 52624 5 3069
535 50906 59940 68 333705
536 50976 59180 4 8321
537 50996 60631 77 128932
538 51026 70321 71 194832
539 51046 51411 130 15913
540 51239 61176 22 40468
541 51269 57000 106 81082
542 51281 60459 107 236188
543 51306 52011 7 5493
544 51371 51835 25 4776
545 51437 69630 10 87553
546 51517 59528 80 213896
547 51528 55072 24 9012
548 51551 53916 115 225948
549 51670 66079 25 320769
550 51685 61507 31 107213
551 51693 54509 11 9605
552 51743 53043 113 58039
553 51793 55754 16 26715
554 51894 57068 114 222585
555 52009 60185 74 398371
556 52180 60430 53 183988
557 52264 66748 107 612313
558 52322 70813 84 1324952
559 52340 56361 92 180066
560 52551 53610 138 50666
561 52684 67097 36 107174
562 52732 54734 69 44108
563 52749 54596 68 65204
564 52762 58466 125 294790
565 52862 69178 103 335130
566 53000 59480 28 87768
567 53171 53555 8 1457
568 53190 70442 50 142824
569 53221 75384 110 579923
570 53353 91760 82 1254450
571 53485 62606 103 151547
572 53569 68584 26 96227
573 53593 67393 44 449530
574 53652 58618 4 17065
575 53664 54929 124 69779
576 53703 62136 22 149156
577 53793 58822 14 71409
578 53809 55216 53 34776
579 53938 61700 58 178117
580 54019 55799 14 6585
581 54104 71228 13 182423
582 54110 54186 124 10340
583 54149 55692 81 55165
584 54337 59679 27 142209
585 54496 70200 12 98138
586 54599 57140 104 90820
587 54736 58100 39 30346
588 54741 58018 43 81103
589 54928 55344 113 25736
590 54934 56455 131 111572
591 54949 67121 131 568781
592 54965 55442 18 7606
593 54983 57614 9 9755
594 55012 60726 64 208518
595 55365 73451 82 407102
596 55532 72798 63 497040
597 55618 57443 107 149975
598 55658 62752 30 74065
599 55678 61559 16 73756
600 55879 56268 94 18819
601 56031 59811 105 404686
602 56109 67212 26 100597
603 56391 58548 25 27630
604 56519 70453 72 604017
605 56585 60980 124 133789
606 56708 60140 113 87523
607 57041 59048 91 142997
608 57207 58626 6 2378
609 57279 62958 31 139241
610 57349 71548 40 152515
611 57369 64519 5 6034
612 57399 62483 135 238882
613 57514 73106 5 39145
614 57575 64647 61 171768
615 57607 60465 110 337450
616 57682 67910 8 27897
617 57898 66959 81 91321
618 58027 72720 74 278095
619 58067 82694 6 142980
620 58068 66108 107 235177
621 58081 64147 28 89401
622 58180 64491 82 342192
623 58260 70257 16 45589
624 58288 60127 20 26943
625 58331 59860 6 11691
626 58344 74436 61 171570
627 58347 62625 118 728436
628 58381 61595 30 36147
629 58402 61240 32 25768
630 58427 64717 4 10345
631 58511 73122 81 1003219
632 58600 59307 99 46478
633 58610 62403 26 83350
634 58731 66380 124 376334
635 58749 69719 12 73128
636 58759 60826 59 70597
637 58797 62404 20 40943
638 58920 76684 28 248628
639 58940 62072 128 254064
640 59287 61330 14 19567
641 59477 65253 60 257320
642 59901 65189 45 131013
643 59913 83231 147 1189362
644 60007 78950 23 799146
645 60031 76780 40 341360
646 60174 60590 32 12645
647 60176 63238 27 34800
648 60247 64871 66 94301
649 60283 65348 24 43272
650 60361 71525 39 267415
651 60399 66819 71 533708
652 60505 67218 7 6672
653 60694 62940 35 42776
654 60743 65845 12 40196
655 60807 66918 28 146174
656 60878 68048 119 235759
657 60901 62916 60 26207
658 60911 64368 55 86366
659 61037 76476 132 3011268
660 61371 69352 138 257936
661 61493 68532 9 7837
662 61671 62147 6 711
663 61751 64728 89 143306
664 61905 65840 96 214299
665 61925 71040 127 767276
666 61930 63744 35 18404
667 61986 65967 45 105155
668 61990 67101 108 251060
669 61995 64583 81 117105
670 62038 70034 101 360716
671 62100 64502 31 44389
672 62213 62959 24 15847
673 62336 65123 49 39862
674 62486 63211 15 4883
675 62490 66131 97 102099
676 62527 65826 54 35465
677 62667 69898 90 413499
678 62672 71665 25 122259
679 62867 63256 45 30047
680 62875 70849 20 50315
681 62968 65081 27 52678
682 62986 65270 39 30051
683 63286 78355 80 213570
684 63462 79096 101 286426
685 63530 65384 33 14969
686 63688 70009 51 98173
687 63752 66493 92 78259
688 63961 65073 45 86671
689 64005 67056 14 29774
690 64060 64525 56 5831
691 64106 66015 113 71138
692 64117 72062 6 13205
693 64163 66168 89 143913
694 64405 76973 26 96858
695 64447 67087 71 183118
696 64466 65852 29 27755
697 64635 78140 19 146991
698 64752 64795 28 1205
699 65010 65025 38 1084
700 65215 68987 16 19136
701 65237 70443 40 54862
702 65460 73488 21 79773
703 65480 68760 50 111703
704 65487 70658 37 107082
705 65488 78160 137 524980
706 65491 75687 14 61960
707 65538 67467 12 9792
708 65581 68855 49 61201
709 65625 72443 73 257610
710 65657 72173 29 88231
711 65705 69665 72 217456
712 65738 74926 12 22259
713 65827 75508 68 336890
714 65996 76756 88 311162
715 66062 68950 16 12003
716 66228 70582 109 88938
717 66274 78819 121 529020
718 66287 75598 28 101416
719 66399 67405 84 44341
720 66654 67402 14 6953
721 66807 68687 4 4421
722 66916 69153 131 211553
723 67154 78857 90 375898
724 67166 73831 26 32258
725 67368 68006 148 59654
726 67457 67710 95 23418
727 67482 73951 26 59523
728 67602 68143 4 1106
729 67836 67960 90 6730
730 67856 70287 132 205427
731 68307 80300 58 417728
732 68339 68543 46 6199
733 68382 74013 45 152060
734 68494 85826 136 1288918
735 68708 80709 117 529661
736 68797 77014 41 186574
737 68816 69659 63 15194
738 68902 76820 132 511625
739 68915 71512 5 9882
740 69137 70477 81 34344
741 69155 77929 124 357902
742 69165 73077 95 123413
743 69382 75410 102 105553
744 69397 89364 30 231906
745 69552 79270 71 468955
746 69600 71085 94 83579
747 69883 73660 8 19590
748 69911 74681 6 6353
749 70066 71402 8 8019
750 70305 73187 117 210741
751 70380 72807 24 15159
752 70414 71114 102 75860
753 70461 76484 50 267960
754 70471 86587 117 704837
755 70587 70609 24 649
756 70664 71273 70 45491
757 70697 80503 39 81986
758 70841 72437 32 10290
759 70935 76517 116 322706
760 71202 76433 99 355654
761 71330 77078 49 89847
762 71333 73779 7 6851
763 71486 72863 19 5404
764 71689 87015 14 54649
765 71907 88954 135 1096068
766 72024 73926 101 109741
767 72025 76884 75 203863
768 72032 75815 4 6419
769 72036 97956 31 356904
770 72236 73133 66 21878
771 72368 73444 9 1242
772 72423 73019 75 19400
773 72433 76747 81 100679
774 72492 80895 26 72581
775 72638 78650 123 195005
776 73066 87307 64 553431
777 73074 74643 139 214229
778 73217 78065 12 25613
779 73328 73350 15 150
780 73341 92929 14 97324
781 73640 84478 104 259996
782 73672 85534 137 1090967
783 73692 77383 52 40236
784 73728 77507 69 218346
785 73837 81951 11 119755
786 74033 77411 19 21442
787 74075 87612 71 312235
788 74123 76569 65 91707
789 74441 92352 84 544062
790 74575 75013 54 11912
791 74766 75357 32 7797
792 74775 76877 46 52080
793 74811 80981 48 167374
794 74818 82778 37 118256
795 75010 78565 20 30201
796 75018 76544 106 259139
797 75048 76146 74 51323
798 75066 86643 23 134131
799 75226 89688 91 424985
800 75227 79313 45 205897
801 75349 87926 37 67384
802 75487 79253 61 166491
803 75548 77412 17 14832
804 75641 81679 108 440468
805 75670 77633 68 143381
806 75789 82313 65 90568
807 75914 82171 141 185596
808 76084 82444 26 122078
809 76115 76743 15 2479
810 76230 80296 98 251486
811 76356 96686 100 470634
812 76361 83849 116 262706
813 76883 86488 50 244362
814 76997 77365 78 12696
815 77045 81691 27 41439
816 77046 81058 26 29375
817 77087 81911 31 36132
818 77381 80595 4 3545
819 77444 78293 112 80062
820 77527 81939 17 33904
821 77542 79768 149 128247
822 77622 83285 144 150458
823 77755 79225 140 139513
824 78016 78936 12 17231
825 78125 87487 63 308046
826 78147 78198 90 5671
827 78163 82684 4 8055
828 78199 86529 86 315186
829 78215 81716 21 55703
830 78404 82855 22 30424
831 78433 87931 5 16938
832 78559 80999 52 46055
833 78608 84264 53 220648
834 78713 93554 83 1345980
835 78714 79634 72 35862
836 78787 81656 8 12250
837 78795 98163 75 444778
838 78884 86475 11 26811
839 78912 81721 15 23774
840 78920 79452 108 74576
841 78958 84588 14 40129
842 79029 85861 141 329416
843 79073 84564 36 68357
844 79142 89386 4 14719
845 79304 90320 15 47232
846 79358 79699 62 19476
847 79391 94218 23 204524
848 79441 80591 83 87705
849 79618 85644 10 24493
850 79667 80472 81 26858
851 79680 80778 111 50767
852 79688 79726 5 104
853 79718 88372 141 395336
854 79741 80163 135 27420
855 79782 80447 44 18829
856 79838 84142 77 299790
857 80035 80446 124 39622
858 80107 87645 24 38191
859 80170 89561 102 301467
860 80332 83204 33 127295
861 80399 81595 66 54966
862 80424 88521 132 240798
863 80512 81980 29 17520
864 80554 92943 80 668095
865 80871 86188 7 13659
866 80982 89696 72 516210
867 81078 81380 35 6748
868 81273 87534 20 53959
869 81410 83186 65 60379
870 81599 84104 26 43010
871 81758 84549 6 6043
872 81777 83309 33 8604
873 81926 84322 27 32845
874 82059 83061 26 18495
875 82152 83384 103 44218
876 82246 82937 79 87290
877 82336 90687 10 31717
878 82628 85515 24 50370
879 82805 87149 33 51250
880 82986 85214 20 22419
881 82996 95373 16 62757
882 83020 91838 5 20508
883 83174 92852 29 114923
884 83350 88737 142 354266
885 83461 85749 80 105590
886 83500 93017 65 248464
887 83550 89379 23 84371
888 83668 83930 97 5260
889 83922 89372 30 114291
890 84009 88883 80 190591
891 84038 95015 65 230633
892 84459 90023 22 37518
893 84500 88599 48 30706
894 84666 88184 45 61080
895 84743 91108 91 136550
896 84914 89533 106 106351
897 84915 99495 97 574449
898 85022 96192 23 129919
899 85169 88402 15 63723
900 85210 98626 33 205605
901 85394 91623 39 149126
902 85542 91860 138 99791
903 85655 89885 32 74364
904 85691 88935 30 21119
905 85790 88165 4 5387
906 85797 93647 119 218904
907 85863 88932 48 78824
908 85896 94450 87 214138
909 86069 94087 128 390754
910 86137 93213 53 168786
911 86339 90705 29 26488
912 86364 90998 26 12325
913 86484 93114 101 83030
914 86593 86662 4 288
915 86601 89065 33 69558
916 86941 89388 12 5944
917 86985 96489 37 264892
918 87036 93166 24 34937
919 87042 95202 36 91274
920 87372 90913 118 160538
921 87603 90077 81 100852
922 87876 95563 15 25137
923 88093 96100 56 239923
924 88185 96525 62 353247
925 88193 89223 42 35760
926 88249 90331 148 217208
927 88452 89537 27 16875
928 88584 96256 4 6302
929 88667 89514 8 2086
930 88683 89446 23 27923
931 88830 99735 100 297877
932 88964 89237 150 18430
933 89032 93196 17 37701
934 89282 94202 37 105599
935 89360 89481 129 19809
936 89473 91465 16 5843
937 89526 93505 37 60848
938 89535 92520 38 93476
939 89627 96569 6 47456
940 90016 91461 52 27103
941 90095 92318 92 139803
942 90352 95620 9 17534
943 90378 92797 84 131949
944 90757 92460 46 75422
945 90928 94175 68 109325
946 90954 98655 8 33749
947 91053 96981 22 93131
948 91184 96302 138 166047
949 91203 91850 15 20171
950 91235 91584 73 25616
951 91637 96320 11 34915
952 91691 96659 32 40108
953 91746 97394 76 314052
954 91858 93997 70 174772
955 91924 98932 128 248449
956 92300 93170 20 3675
957 92384 93087 4 1849
958 92436 97542 19 49808
959 92511 92740 88 11966
960 92533 93121 75 41083
961 92580 98913 99 144085
962 92596 95322 59 69764
963 92722 93613 46 7551
964 92842 95374 44 115371
965 92933 96692 58 92961
966 93014 93679 93 27714
967 93316 96590 12 5037
968 93466 95447 38 48219
969 93660 97162 12 14371
970 93718 98724 21 58799
971 94104 94596 12 4670
972 94126 97725 50 66345
973 94691 95838 40 20235
974 94815 95405 39 9633
975 94943 96255 4 1097
976 95049 97853 32 15491
977 95166 95419 4 357
978 95275 95821 5 879
979 95276 97796 25 29971
980 95277 95388 64 7085
981 95409 95927 11 3520
982 95437 95649 65 12650
983 95695 98800 118 237921
984 95813 99805 73 70125
985 95862 98069 73 82355
986 95947 98216 24 50648
987 96260 97737 97 41017
988 96329 98839 40 81171
989 96364 98602 6 6259
990 96381 97455 58 37925
991 96597 97650 42 17289
992 96707 98609 37 35489
993 96853 97035 100 18834
994 96994 97978 77 14977
995 97093 97547 19 12588
996 97161 97597 28 7303
997 97164 97473 9 883
998 97209 97651 18 3885
999 97688 98613 130 82492
