50 1000 0.056
.#.##.............................#.##.....##.....
.####........#......###.............##.#..##......
..####.....####.....##.................#.###......
..#.##....##.#.......#................###....#....
.......##...........##...............#####..##....
........#.##....#.......#...................###.##
..#.....##......#......##.....#..............#....
........##..............#.##.##.............#....#
.................#...#........#.............#....#
..........##.....##..##...........###.......##..##
...........#...###...#............#....##....##...
#.........##.....#..##.........#....#..###....#...
#..............##..##..............##..#.......##.
..........#..##.##.###..............#...........##
.........##..#.##..####...........................
.........#...##.###...#.....................#..##.
.............#...##....................#........##
.............##...#...............####.##..#......
.........######...................#.#...#.#.......
..#......#.....##........................###.....#
......#####......####..........#.........##......#
.##....#.##......##...........#..........###......
##....##.....................####.................
#.....###....#......##.##...##....................
###...####..##.....###...#........###.........#...
##..####.#........#...###.#......#..#.............
......#...........#.#.#...#.###..#.##.............
......#...............###....##...###.......#.....
............#.........##...##..#......#...........
...#..........#..........#....##.............#.##.
..###.....#.###.........##....#.......##...###....
#####....##.##.......#..#...........#####...##....
.#.#................##..............#.#.....#.....
..#....###.....##....###..........................
........###..#..#....###....................#.....
........###..#.#......##...............#....##....
........#...#####.....###..............###...###..
..................#............##......##....##.#.
........#...###...#............##.............#.##
........#...#.#..##......##...###....###........##
.......##...#.#.####....##......#.#....#.........#
........#.....#.##.##.##.##.....###....##.....###.
...#.#.........#.#.......####....#.#..........####
.....#.........###.....#.#..#.##..............#.#.
....##....#....#....#....#...###..................
#####....##.###....####......#...............##...
#.#.......##.......##.....####................##..
...##.....##..........#....##..........#......#...
......................#####............#.##.......
...................##.....##.#...........#........
0 29 14531 53 360519
1 444 19622 90 330057
2 521 3442 149 91884
3 633 12255 25 119875
4 643 1480 32 9484
5 661 12118 9 33578
6 663 7577 115 140162
7 693 2776 27 53582
8 709 6886 82 297846
9 726 2393 26 54752
10 739 19171 6 57368
11 747 2333 19 11108
12 809 8746 10 28052
13 891 3904 87 199466
14 1129 17847 51 259686
15 1142 2507 128 94322
16 1258 18769 6 35421
17 1269 4191 119 92554
18 1289 9202 43 126230
19 1369 2672 91 67588
20 1496 12612 9 39524
21 1540 12635 12 41419
22 1680 15039 95 618353
23 1764 13987 105 764964
24 1780 12339 93 368437
25 1808 8488 98 355066
26 1878 3464 50 14662
27 1951 8406 67 107511
28 1969 3122 72 63186
29 2101 39520 95 1386705
30 2174 9239 19 123268
31 2269 4210 75 27699
32 2554 32143 7 53623
33 2628 3877 16 9941
34 2742 29342 49 288342
35 2756 5667 27 56328
36 2757 4171 7 5870
37 2828 9311 88 322943
38 2888 22165 136 430883
39 3136 15824 61 60423
40 3211 6809 63 30562
41 3266 5160 31 16521
42 3461 7287 54 38900
43 3494 33713 57 945738
44 3593 11403 20 141907
45 3665 13455 66 226793
46 3849 12131 11 37024
47 3997 8155 13 17435
48 4064 4366 16 4274
49 4098 15911 32 66781
50 4193 29541 135 4172716
51 4223 16311 130 796463
52 4334 18007 22 34940
53 4367 5592 36 25147
54 4410 9961 86 179839
55 4472 21318 101 452518
56 4501 11289 104 361862
57 4502 8931 16 52705
58 4566 5886 25 23437
59 4579 39423 14 154462
60 4595 27970 97 652373
61 4646 5207 133 49639
62 4684 8000 48 98522
63 4828 10540 99 97147
64 4884 10612 28 78532
65 4960 5259 23 3265
66 4978 7223 32 17984
67 5049 8053 82 111221
68 5436 32057 8 52286
69 5498 7132 57 43696
70 5586 14672 41 75232
71 5630 6774 78 101418
72 5729 8622 71 58115
73 5743 5852 27 2107
74 5802 10912 7 40665
75 5954 12203 131 170461
76 6145 9730 148 286475
77 6283 13268 17 30692
78 6335 23658 6 45523
79 6340 12585 95 367032
80 6350 13862 119 864053
81 6436 11026 18 22157
82 6446 7348 70 19839
83 6569 6710 19 4239
84 6702 15697 121 627407
85 6717 19986 51 160510
86 6877 12309 6 35712
87 6953 32435 81 316952
88 6955 9475 18 17274
89 6989 10820 14 9284
90 7030 10654 126 465088
91 7443 25853 13 59419
92 7449 24384 52 175002
93 7548 8510 13 6661
94 7579 8987 83 140632
95 7648 28182 95 1086080
96 7828 9823 37 47119
97 7829 13908 29 58391
98 8197 11702 49 59372
99 8261 9462 23 18728
100 8609 18023 106 340711
101 8626 15705 39 28703
102 8653 9395 138 54085
103 8702 14412 8 22301
104 8724 13361 49 68888
105 8735 16310 71 192744
106 8772 9805 64 28575
107 8865 12887 51 45087
108 8872 12632 102 364949
109 9033 30947 39 237992
110 9346 15957 97 132959
111 9513 20164 15 55218
112 9751 11125 4 1780
113 9952 31980 50 677889
114 9987 34399 104 637651
115 10035 19101 148 479868
116 10038 18001 30 63548
117 10046 34511 45 394821
118 10054 36240 11 58392
119 10114 23129 5 12926
120 10118 13363 33 43589
121 10127 16866 127 550139
122 10167 23528 32 84005
123 10246 12536 112 130639
124 10319 10479 12 2438
125 10345 28710 30 241986
126 10549 32756 6 21590
127 10643 16314 48 110865
128 10645 12812 48 64846
129 10725 19932 135 605240
130 10874 24753 70 133640
131 11017 19730 10 48885
132 11048 20249 73 434834
133 11134 11365 30 6447
134 11295 16928 61 85321
135 11332 20130 147 236064
136 11373 27068 16 35059
137 11543 16115 114 615400
138 11580 34503 35 445643
139 11597 20076 12 25504
140 11613 15338 26 55036
141 11623 11656 107 940
142 11713 11770 35 1737
143 11867 14731 26 21522
144 11979 22141 9 15390
145 11987 12754 16 4602
146 11988 15404 52 55489
147 12117 12447 16 5830
148 12358 24945 11 75634
149 12541 14625 22 55560
150 12652 15821 8 22688
151 12662 14034 122 332170
152 12923 42319 49 622526
153 12931 22929 14 83146
154 12998 17165 67 91463
155 13031 16147 40 29355
156 13054 17381 43 97735
157 13055 25606 13 51193
158 13210 35171 26 144187
159 13327 34100 33 243242
160 13387 15170 48 22149
161 13466 15926 74 98969
162 13672 37469 50 452693
163 13713 14358 45 31271
164 13826 33183 64 203932
165 13846 19453 31 84566
166 13884 41633 104 363892
167 13925 31495 26 186271
168 13950 14557 71 8568
169 13976 18170 47 373835
170 14085 16593 94 176543
171 14222 17167 134 222546
172 14668 26941 38 332725
173 14744 18626 25 71001
174 14745 15378 128 31937
175 14830 19953 28 70059
176 14902 40063 24 344449
177 14948 20720 21 25372
178 14959 34822 78 271972
179 15181 27963 144 439831
180 15315 19521 141 256990
181 15367 21198 49 373287
182 15508 16631 5 3834
183 15510 20626 112 120959
184 15541 22777 120 98938
185 15800 30437 93 222509
186 15865 18157 82 74762
187 15890 18057 42 42025
188 15897 36818 57 811561
189 15979 21395 106 192552
190 15985 17692 75 59382
191 16009 27342 132 684846
192 16031 16836 146 93836
193 16320 29354 98 753978
194 16332 29134 49 64942
195 16429 37360 13 278904
196 16505 35514 56 189246
197 16641 35073 21 249748
198 16679 21328 23 34744
199 16993 23149 9 35874
200 17078 46304 92 1051688
201 17175 17597 7 1473
202 17303 21549 128 440087
203 17410 17778 11 2048
204 17616 33219 40 106784
205 17622 19353 7 4123
206 17783 28747 23 46363
207 17886 18530 78 37390
208 17896 20655 41 55087
209 17907 31021 103 369764
210 18049 35948 137 655219
211 18158 29031 16 39800
212 18202 38387 26 252082
213 18266 20530 30 37848
214 18386 22420 66 305710
215 18419 44830 12 161208
216 18581 19996 77 100432
217 18652 22206 145 250519
218 18723 18945 33 11583
219 18760 19220 25 3402
220 18906 27059 54 148408
221 19128 35589 67 376329
222 19334 24492 121 172877
223 19580 25890 61 164009
224 19586 23159 16 31461
225 19628 37789 12 35199
226 19710 21268 39 12771
227 19737 38499 32 105517
228 19775 22209 4 7715
229 19862 25695 126 329239
230 19987 33243 73 210516
231 20105 20823 28 5899
232 20169 20949 103 32323
233 20220 31114 117 174082
234 20225 21489 22 36299
235 20351 33312 131 1017735
236 20443 26754 68 124657
237 20455 29095 6 14865
238 20493 21583 142 55472
239 20524 35020 38 109802
240 20560 22377 144 130612
241 20726 28384 16 256709
242 21050 27476 50 175465
243 21097 40017 121 483760
244 21168 23487 149 62932
245 21241 31042 26 95216
246 21311 22818 63 79514
247 21312 23925 82 118676
248 21411 34963 49 771258
249 21464 27173 39 202970
250 21465 24950 27 21615
251 21473 26763 98 270852
252 21584 28268 9 22147
253 21787 26737 109 151913
254 21917 33938 30 186142
255 21935 53487 23 329757
256 22022 23675 131 88547
257 22071 23351 26 27498
258 22115 26866 14 29599
259 22156 23448 16 9005
260 22174 25732 150 248520
261 22225 41852 7 48998
262 22341 25052 51 160195
263 22402 22893 93 66098
264 22510 60693 35 265462
265 22561 31228 53 213465
266 22662 43907 39 630960
267 22663 35409 5 16246
268 22717 42798 144 728040
269 22751 23939 143 51402
270 22862 29214 11 38167
271 22915 32546 18 116155
272 22918 30106 10 10471
273 22945 33392 65 190156
274 22993 23187 89 3422
275 23040 26647 62 209569
276 23045 33726 137 1148208
277 23105 24816 19 34260
278 23161 24373 141 88580
279 23274 24689 95 46523
280 23851 32258 118 714473
281 23865 24954 125 178769
282 23934 33464 23 154068
283 24163 33534 11 36207
284 24166 31281 61 260409
285 24224 35835 57 186773
286 24226 48433 93 391095
287 24329 64477 36 1478749
288 24377 29515 45 71643
289 24399 25830 115 47909
290 24474 28504 12 47536
291 24495 24705 42 9156
292 24575 31908 118 530713
293 24688 28959 6 11300
294 24712 35218 25 74199
295 24779 28472 27 74165
296 25115 32271 46 139827
297 25177 35379 59 321178
298 25311 25967 16 4617
299 25391 39928 109 559124
300 25456 25664 99 12805
301 25512 25823 31 2876
302 25615 31327 113 128775
303 25683 36848 35 274041
304 25762 30808 4 7064
305 25790 78950 112 2025220
306 25835 29192 10 17203
307 26040 31879 57 405143
308 26078 42729 8 90960
309 26169 65606 78 501327
310 26308 28073 20 17667
311 26426 39699 80 322648
312 26500 82194 123 2371523
313 26618 36573 65 130138
314 26682 27361 16 3182
315 26774 33119 73 231419
316 26847 36232 126 983100
317 26849 33560 30 55670
318 26886 27899 11 5612
319 27208 30866 105 336171
320 27421 56417 108 874973
321 27614 39639 27 78023
322 27662 30523 85 85986
323 27721 37077 29 58352
324 27733 41056 106 1052599
325 27804 56927 55 722163
326 27886 31892 84 133442
327 28029 42049 33 123798
328 28053 43380 20 87041
329 28068 33145 80 193208
330 28316 58276 83 1543997
331 28562 37115 52 266371
332 28732 38109 84 271730
333 28792 32327 58 70930
334 28822 45134 24 244794
335 29013 31646 32 73703
336 29081 41047 9 35314
337 29268 29888 76 6522
338 29329 31598 38 36398
339 29380 39061 51 586055
340 29501 49795 9 63131
341 29524 31709 60 31269
342 29757 55782 14 150501
343 29884 35556 19 217543
344 30096 36453 5 5720
345 30257 30871 5 1303
346 30326 78653 71 1479254
347 30386 42787 68 556550
348 30513 37266 25 46202
349 30575 37942 7 15975
350 30587 36595 24 37621
351 31007 44366 125 2074174
352 31010 32282 89 29927
353 31115 35001 17 49565
354 31176 34657 74 156034
355 31208 67321 104 1757435
356 31211 41618 56 284565
357 31265 39237 80 306024
358 31376 33488 73 18770
359 31400 32284 14 3577
360 31424 32309 91 34739
361 31501 33650 13 26594
362 31599 39824 147 1349696
363 31655 48825 51 366171
364 31786 43007 143 1142259
365 32155 32789 26 11711
366 32186 37884 137 198189
367 32197 36322 67 289360
368 32218 32734 23 2894
369 32250 36072 137 316806
370 32411 39381 8 21397
371 32525 37064 106 114522
372 32705 37894 7 16762
373 32730 41168 49 60706
374 32827 41145 24 104855
375 32890 40284 26 113703
376 33003 33475 59 62297
377 33004 35061 86 113265
378 33008 58424 121 1384780
379 33053 34340 87 69597
380 33324 57211 18 183670
381 33328 47178 139 1864485
382 33449 44153 30 178428
383 33516 38637 5 14675
384 33661 38438 29 15367
385 33940 39885 69 77581
386 33995 36308 13 8882
387 34002 43146 89 220639
388 34053 37105 8 18239
389 34329 44892 47 260631
390 34552 68330 33 1382390
391 34568 54985 109 361212
392 34906 34988 89 1642
393 34946 53339 28 156299
394 34995 39975 85 231184
395 35242 41814 21 32728
396 35255 37777 49 46468
397 35505 61706 68 347544
398 35562 37197 12 9360
399 35582 37146 10 5945
400 35698 37491 73 88657
401 35720 37131 51 67094
402 35744 36524 86 15038
403 35762 37772 57 56936
404 35818 37860 6 16965
405 35978 42324 119 595748
406 36076 71196 110 2340962
407 36077 42794 73 124073
408 36159 89036 119 4519022
409 36168 36522 131 39243
410 36292 39290 49 78183
411 36399 59098 122 1620848
412 36505 41447 29 101969
413 36523 48234 86 299813
414 36762 46427 14 49200
415 36875 49304 100 257598
416 36902 45885 28 130518
417 37023 49490 50 136292
418 37161 37668 65 31778
419 37245 43144 16 34765
420 37273 40489 42 26957
421 37324 38917 10 8660
422 37338 40422 98 194890
423 37354 53158 38 416675
424 37475 42968 90 122276
425 37595 43867 14 67984
426 37846 42176 18 33387
427 37867 62432 6 61110
428 37906 38385 28 4270
429 37910 50569 47 325987
430 37913 50658 53 122739
431 37982 44998 111 205845
432 38046 42263 49 122753
433 38102 49679 95 1015488
434 38163 40463 144 262840
435 38170 40944 66 52277
436 38329 47773 20 57802
437 38417 41951 38 33359
438 38460 51508 21 105907
439 38485 43971 104 107141
440 38510 46566 24 82325
441 38525 42786 80 93123
442 38707 40072 8 4673
443 38816 60627 103 591115
444 38938 44865 4 4919
445 38956 42519 35 54563
446 38993 46557 137 275115
447 39027 40548 122 123670
448 39028 63780 23 321128
449 39058 51276 5 28234
450 39072 41501 149 267054
451 39075 39693 22 7383
452 39135 48395 21 42147
453 39644 63419 10 68493
454 39686 50231 19 123761
455 39698 64824 48 494377
456 39721 45264 64 170576
457 39844 46840 54 362237
458 39852 45278 11 24508
459 40126 44594 55 46788
460 40165 51907 69 237485
461 40197 46493 30 115124
462 40437 62735 69 988212
463 40451 43037 142 55019
464 40644 43356 112 163355
465 40646 48041 108 469163
466 40729 55381 27 131306
467 40886 69688 25 286062
468 40984 42454 16 4674
469 41008 45424 14 92413
470 41083 44604 23 41231
471 41105 57060 13 125564
472 41227 55225 86 674629
473 41279 42600 137 181238
474 41319 54270 5 23798
475 41481 68362 110 1343485
476 41598 56543 131 1002753
477 41603 63329 42 407656
478 41724 46005 121 418179
479 41772 51293 7 29469
480 41934 47342 72 187059
481 41972 43229 6 3958
482 41996 49936 136 336398
483 42076 49544 93 348737
484 42246 43447 130 78437
485 42369 44094 17 12703
486 42480 55875 32 248456
487 42502 54415 37 155120
488 42572 42991 128 34183
489 42606 49247 57 69458
490 42620 48127 55 253867
491 42706 49402 138 430397
492 42921 54692 6 31720
493 42972 57095 97 1526823
494 43013 49399 137 278891
495 43061 53509 130 449551
496 43235 55371 114 431662
497 43248 52112 19 55268
498 43310 49848 46 136025
499 43348 60935 9 138662
500 43352 45679 131 211774
501 43485 50456 113 657571
502 43514 62515 59 348595
503 43521 46188 4 6493
504 43580 52056 57 389166
505 43703 47765 13 8778
506 43792 44445 94 64990
507 43852 49962 67 164266
508 43922 50461 34 74752
509 43935 45592 43 30436
510 44016 51443 10 74321
511 44039 47188 25 35772
512 44083 44690 25 8553
513 44144 49340 77 309435
514 44501 48508 86 76283
515 44570 50193 40 102864
516 44802 45749 5 2501
517 45118 59835 7 35944
518 45184 58412 35 130205
519 45246 49566 47 88174
520 45308 54184 12 43843
521 45469 47062 27 10441
522 45565 63799 96 431676
523 45750 55635 5 27456
524 45897 54319 6 9143
525 46031 48855 35 50882
526 46121 53308 46 35807
527 46342 57039 9 37747
528 46478 48348 47 63933
529 46491 46963 13 2820
530 46554 63403 57 938007
531 46594 50994 112 214805
532 46617 72015 44 549562
533 46620 49747 12 11476
534 46638 50059 34 43814
535 46755 57872 61 178287
536 46780 53245 6 16655
537 46822 52181 39 118391
538 46890 55842 23 126073
539 47003 50081 6 6098
540 47004 59852 60 198722
541 47027 62662 10 64577
542 47091 47210 36 3214
543 47122 59089 56 82541
544 47128 49276 71 74647
545 47475 61205 25 774878
546 47558 71527 127 805203
547 47560 51063 75 155492
548 47825 51351 143 400757
549 47888 60532 26 75645
550 48036 63365 46 145916
551 48223 49595 108 79095
552 48334 49040 123 88515
553 48362 59453 82 671733
554 48424 53266 79 435376
555 48526 56920 22 29289
556 48688 68315 20 135678
557 48786 54913 105 457523
558 48928 60866 37 132380
559 48945 64821 112 366373
560 48956 51641 51 61813
561 49078 54874 15 15424
562 49166 60774 54 102812
563 49266 56287 82 171098
564 49294 51183 115 109201
565 49341 49534 17 3738
566 49485 50942 74 38349
567 49730 52328 23 21461
568 49850 76612 49 305511
569 49858 51297 38 27213
570 50020 79778 148 759239
571 50103 53990 26 83841
572 50169 53925 76 205794
573 50197 50757 17 6218
574 50216 60304 130 323580
575 50298 66011 17 123250
576 50398 50519 140 9369
577 50510 57328 68 80662
578 50603 60224 14 62001
579 50990 69890 43 235681
580 51068 53154 27 31146
581 51076 54041 32 30378
582 51119 52354 113 284677
583 51245 72167 5 29832
584 51316 54133 12 8885
585 51353 74930 132 953895
586 51378 66218 31 94099
587 51515 66704 70 773691
588 51558 53597 14 31039
589 51560 52881 109 114662
590 51571 54139 56 56647
591 51586 62522 133 1082549
592 51623 58785 51 112170
593 51658 64133 124 1017822
594 51899 76881 68 527711
595 51932 60174 143 127886
596 52200 55745 10 6755
597 52323 72959 43 541347
598 52418 69534 20 66787
599 52586 82350 45 544311
600 52630 53881 45 31052
601 52670 54607 51 43966
602 52755 56039 120 97748
603 52764 58428 9 20011
604 52803 76898 95 1053273
605 53069 57362 144 179835
606 53096 56334 38 136841
607 53523 70554 13 82099
608 53543 53922 72 13498
609 53660 54666 122 106427
610 53879 55554 82 84333
611 53885 54911 6 9784
612 53912 60965 73 163883
613 54162 60799 61 167656
614 54204 63311 92 386879
615 54302 75043 27 250798
616 54337 75450 89 527990
617 54460 57702 83 87447
618 54574 57376 121 204661
619 54613 64315 145 1212072
620 54767 57572 74 221586
621 54928 59161 10 17189
622 55091 57643 112 120454
623 55102 69103 112 539809
624 55364 60078 4 16766
625 55460 59886 30 61559
626 55462 57744 41 18877
627 55487 57026 83 155267
628 55642 70762 79 724476
629 55692 68417 59 524646
630 55729 68563 27 225799
631 56069 57272 97 83492
632 56137 66643 79 315329
633 56144 58231 123 120402
634 56169 62606 14 84598
635 56203 62782 147 338079
636 56451 92882 23 214670
637 56477 59035 54 128140
638 56529 59610 85 125394
639 56659 72560 4 11677
640 56720 65959 6 36291
641 56851 61572 101 115306
642 56897 62089 8 22868
643 56943 76776 87 978937
644 57108 61762 59 113291
645 57131 57786 9 2059
646 57290 71555 36 166633
647 57296 72526 146 1410279
648 57360 67667 6 32804
649 57374 73011 26 156215
650 57591 63618 31 37449
651 57635 61299 68 97013
652 57638 60771 24 41540
653 57717 76640 116 573644
654 57726 59908 47 91071
655 57840 58333 33 10495
656 57849 57905 37 2480
657 57854 62989 104 85860
658 57930 58528 20 4331
659 57954 81043 110 719601
660 58183 74193 24 217163
661 58235 58657 93 25786
662 58488 83008 144 1636684
663 58643 60016 12 6084
664 58716 72287 37 133068
665 58723 69827 73 226148
666 58745 59946 114 118031
667 58753 70014 7 19836
668 58873 65887 9 8834
669 58919 62595 22 21987
670 58957 59414 80 23139
671 59069 62294 141 249329
672 59128 66476 16 60082
673 59146 63594 122 161523
674 59223 68966 148 505710
675 59300 69290 142 370839
676 59302 63077 28 40277
677 59543 68631 39 72541
678 59694 59828 123 2087
679 59706 79429 13 111975
680 59776 74165 123 1066911
681 59913 64369 38 95919
682 59975 65409 143 291791
683 60234 61609 30 24024
684 60238 65662 28 51479
685 60262 68063 21 87959
686 60337 62977 17 16665
687 60350 63952 112 476618
688 60363 93575 74 684361
689 60403 70457 110 805176
690 60441 63147 73 206249
691 60516 89575 52 1942768
692 60577 61646 93 110358
693 60733 63131 52 63829
694 61093 62648 48 24631
695 61234 84999 73 670762
696 61247 63255 116 87865
697 62032 63825 12 7228
698 62256 64666 72 42904
699 62291 64168 49 25756
700 62305 64740 40 36446
701 62332 72773 138 1302400
702 62377 63025 23 11970
703 62399 65006 54 93634
704 62681 75401 25 328690
705 62691 72397 91 238934
706 62749 64425 10 9217
707 62942 77634 119 441933
708 62972 82471 63 139214
709 63028 64343 55 31367
710 63071 66060 26 22119
711 63174 71813 16 154754
712 63461 70596 93 396962
713 63528 72830 74 585256
714 63670 65080 13 6853
715 63746 67003 72 92996
716 63753 91118 42 393098
717 63839 69595 114 445670
718 63849 70178 13 27296
719 63863 68984 11 18700
720 64113 68857 9 7070
721 64171 81995 114 1395362
722 64476 71233 116 191495
723 64581 64982 58 12685
724 64725 75943 128 545666
725 64735 65127 29 6709
726 64967 66003 90 46877
727 64986 79434 5 35121
728 65020 65776 28 4794
729 65076 75447 11 23664
730 65273 79094 21 135339
731 65392 84964 57 225838
732 65614 72181 106 204791
733 65651 69020 26 36131
734 65848 71266 93 193677
735 65922 70469 114 604218
736 66082 73460 37 103356
737 66148 73914 20 79713
738 66193 71195 108 293434
739 66255 67309 134 80275
740 66426 69677 22 43324
741 66543 71423 32 48891
742 66689 67490 127 19748
743 66901 76431 5 13017
744 66963 72511 143 289605
745 67033 95798 9 125078
746 67146 70112 7 18924
747 67297 67711 11 1124
748 67331 69747 18 51780
749 67364 90612 73 392706
750 67590 70700 94 295220
751 67614 74301 70 160097
752 67619 72099 20 19908
753 67799 73989 111 518807
754 67871 75231 18 43447
755 67919 97634 125 1362261
756 68056 70716 29 54140
757 68070 86540 17 35919
758 68249 70222 146 239980
759 68278 70887 31 41272
760 68748 70630 79 100670
761 69002 73405 37 55230
762 69035 69507 68 20707
763 69159 74773 136 702360
764 69295 82329 23 225528
765 69343 71378 13 6082
766 69464 93913 20 289729
767 69543 96317 40 327476
768 69556 78880 79 247253
769 69599 71626 17 23536
770 69776 74550 49 114546
771 69825 84091 60 231731
772 69995 74299 14 73045
773 70206 70794 103 10589
774 70387 74030 129 215747
775 70388 70459 111 7720
776 70422 70639 110 15681
777 70437 76972 63 102392
778 70496 74984 62 101907
779 70566 79654 110 446154
780 70623 74561 5 41234
781 70676 72537 62 50776
782 70719 72260 57 36914
783 70791 77187 25 54185
784 70812 87085 57 353992
785 70839 70985 75 4584
786 70975 73635 6 10803
787 71085 73592 7 36363
788 71107 73500 38 28582
789 71289 80564 13 76213
790 71413 76550 56 79058
791 71440 84871 78 239714
792 71465 78501 92 290149
793 71521 74148 60 102543
794 71683 76582 24 124514
795 72035 74880 26 15829
796 72139 86311 42 379452
797 72210 86094 14 80390
798 72384 85972 48 350212
799 72624 74188 50 39719
800 72664 82222 93 468058
801 72888 87613 81 505437
802 73213 83758 38 193992
803 73235 74601 41 31544
804 73255 75000 23 17521
805 73335 82308 8 23760
806 73376 78463 124 549625
807 73403 82303 13 28598
808 73430 75120 84 64728
809 73920 79951 133 274325
810 74019 81836 64 253657
811 74133 75615 8 6089
812 74176 79807 146 353988
813 74289 81585 80 125575
814 74427 78222 78 91742
815 74646 79850 92 94091
816 74659 84561 38 164714
817 74755 75575 35 15130
818 75261 79611 122 212140
819 75363 85081 5 19572
820 75411 95812 150 912026
821 75426 78752 39 85644
822 75427 91796 44 228564
823 75551 86476 13 21537
824 75672 77615 75 40940
825 75739 92368 8 55012
826 75820 85124 47 376901
827 75849 78426 6 5872
828 75887 77826 138 139967
829 75995 78380 140 115077
830 76154 85662 6 16756
831 76191 83325 60 108134
832 76201 79048 14 14707
833 76256 81564 111 77253
834 76356 83469 26 54676
835 76414 94117 91 700057
836 76436 82746 12 16815
837 76459 83874 20 64373
838 76474 96428 148 1001376
839 76523 81223 133 165373
840 76671 82519 41 128200
841 76852 85231 43 192256
842 77337 77814 35 8806
843 77532 82517 35 312556
844 77636 99605 4 12625
845 77642 97642 95 653744
846 77721 88334 89 164876
847 77799 81390 11 27772
848 77914 91971 14 212699
849 77948 86644 18 49529
850 78065 79891 84 216809
851 78085 99814 115 1687221
852 78226 79576 28 17788
853 78261 93355 48 297214
854 78332 85638 125 312090
855 78469 97420 46 689071
856 78570 85461 22 82141
857 78696 82771 19 36828
858 78742 83591 146 411022
859 78830 85154 35 83477
860 78839 84489 127 335289
861 78903 81422 46 51910
862 78976 79488 64 51288
863 78984 86559 56 246306
864 79310 88930 126 235342
865 79386 87477 5 14055
866 79489 82396 18 24295
867 79552 79945 48 19718
868 79641 82685 45 73793
869 80104 81404 45 45737
870 80238 84389 130 197764
871 80378 81264 90 51243
872 80405 80733 120 14955
873 80410 83243 43 77034
874 80541 85732 93 339501
875 80673 87994 140 714790
876 81060 89266 119 282958
877 81091 88542 67 183326
878 81535 94339 140 385729
879 81593 82978 98 70873
880 81944 82202 134 12758
881 81964 83967 29 10781
882 82286 84045 9 8088
883 82424 85549 91 90637
884 82693 84099 74 46417
885 82816 87984 19 18519
886 82853 84499 72 70514
887 82979 91835 9 23192
888 82991 84222 64 49594
889 83009 94217 23 138667
890 83102 92767 108 285130
891 83115 92459 25 81280
892 83163 86287 105 168182
893 83224 88655 28 84200
894 83275 88184 48 123469
895 83741 87446 39 98214
896 83883 84271 68 9695
897 84030 87660 7 13176
898 84085 85934 55 104987
899 84097 89070 11 17371
900 84363 89655 28 81637
901 84418 87091 38 41398
902 84439 86607 124 103385
903 84444 90011 5 7384
904 84463 85854 127 71897
905 84560 86497 11 9596
906 84579 97631 113 250151
907 84908 85302 13 1990
908 85131 94216 61 219182
909 85156 99955 86 620590
910 85358 89957 146 289154
911 85435 90335 121 167185
912 85458 92663 51 89483
913 85547 98236 8 65966
914 85583 95672 43 89498
915 85631 99615 132 1459410
916 85708 97718 46 227584
917 85890 87581 9 2927
918 86569 89451 31 12048
919 87020 93338 18 45770
920 87155 89537 38 51992
921 87451 91331 111 338783
922 87571 94071 13 44963
923 87622 90719 122 134454
924 87853 89426 74 60499
925 88018 93546 8 30910
926 88089 94412 11 20241
927 88134 95270 5 11741
928 88242 89301 75 44112
929 88245 88819 50 47463
930 88330 91537 59 60862
931 88437 90025 25 27038
932 88521 88703 12 1451
933 88695 97119 7 11993
934 88765 89695 98 52653
935 88890 92192 35 72052
936 88984 96972 19 69831
937 88998 89871 82 26799
938 89006 93142 74 85646
939 89244 99602 30 71317
940 89264 93527 62 86226
941 89365 94674 5 11137
942 89461 91769 86 76028
943 89496 99254 100 224891
944 89549 94467 23 27314
945 89564 90047 52 11659
946 89823 98283 84 216096
947 89840 95401 9 11386
948 90012 96897 10 45384
949 90177 94741 84 123837
950 90214 90539 7 1541
951 90221 97821 45 92195
952 90266 92554 64 93117
953 90272 99367 58 149629
954 90486 94797 123 217022
955 90799 99269 127 293466
956 90846 93084 4 1992
957 90848 92360 41 20385
958 90994 98800 70 147120
959 91042 92199 57 25153
960 91202 98113 19 90746
961 91352 97107 91 258283
962 91530 95440 16 22109
963 91741 93410 9 3029
964 92017 98138 87 220436
965 92039 98614 88 319482
966 92092 93712 91 44246
967 92636 98296 93 132447
968 92768 96721 10 6878
969 93152 98692 46 55549
970 93413 95109 101 32337
971 93693 95370 52 14880
972 94423 95964 30 22955
973 94486 95075 35 18933
974 94581 94618 26 618
975 94672 97895 21 22015
976 94950 96679 111 188065
977 95123 97709 120 272864
978 95293 97034 144 206001
979 95335 99543 88 309310
980 95490 98619 49 212390
981 95685 98486 139 193280
982 95695 97609 130 205303
983 95716 98084 57 25330
984 95799 98897 6 9436
985 95893 99678 96 292152
986 96185 98171 46 101353
987 96408 98671 150 173092
988 96685 96923 8 1420
989 96690 96853 20 1840
990 96717 97492 64 39626
991 96773 99190 118 66462
992 97349 97700 17 5146
993 97644 99736 79 32337
994 98195 99665 40 74133
995 98298 99126 122 44966
996 98643 99376 148 120536
997 98740 99350 42 19930
998 98778 98913 38 7012
999 98828 99799 11 7482
