50 1000 0.081
........##..........#############.................
......####..........#..##############.............
.......#..............##############..............
....#####.............############.#.#............
.....####..##.........#################...........
......########.......################.##..........
......#######...#....##.##############............
.....########.#.###..##################...........
.#...############################.####............
.#..#######.####.#####################............
###################.################..............
.##.####################.##############...........
####################.##############...............
########################.##########...............
.##########################..######...............
#########################.....####................
#########################....###.##...............
.#####################.##......#..................
#.#################.####.......#..................
##.#################.##...........................
.#####################............................
#######################...........................
#.######################..........................
######################............................
#.#############.#.##..............................
..##################..............................
################.##...............................
..#########.#######...............................
...##.##########.#................................
...#.####...#####.................................
....#####..##.#...................................
......###.........................................
..................................................
..................................................
..................................................
..................................................
..................................................
..................................................
..................................................
..................................................
..................................................
..................................................
..................................................
..................................................
..................................................
..................................................
..................................................
..................................................
..................................................
..................................................
0 165 4585 102 199699
1 192 1046 26 6548
2 236 1256 110 132590
3 378 7729 61 266839
4 655 1826 6 3106
5 776 8230 9 38315
6 803 3796 15 7643
7 887 4498 22 42142
8 935 2717 92 103666
9 1035 3910 16 15644
10 1054 1222 57 6861
11 1095 5367 147 172723
12 1131 7457 86 197323
13 1207 4128 76 60974
14 1333 2610 66 22607
15 1444 6895 116 351831
16 1449 3451 45 79821
17 1486 3508 61 46938
18 1562 4857 92 127365
19 1849 6628 38 93174
20 1879 10665 13 50328
21 1917 8563 48 249276
22 2178 2800 62 7263
23 2184 3979 12 27173
24 2225 11517 5 9850
25 2226 16792 26 34563
26 2281 4454 113 167114
27 2351 3658 14 22413
28 2376 6658 22 54387
29 2561 5249 137 135344
30 2587 14414 16 77154
31 2636 5361 15 50849
32 2682 5347 44 75688
33 2694 4431 121 103130
34 2738 5487 66 89825
35 2806 7337 20 32469
36 2933 6420 10 24168
37 2934 3407 12 2824
38 2935 4160 84 63726
39 2993 3320 17 4307
40 3067 9173 96 203351
41 3509 26033 5 74792
42 3596 14563 150 396683
43 3602 7975 117 145719
44 3636 5196 72 33023
45 3673 4292 57 14909
46 3704 3857 48 5338
47 3743 4576 44 25438
48 3802 3818 56 877
49 3883 9291 36 263968
50 4011 10376 78 127638
51 4068 9965 37 35678
52 4083 19603 130 495116
53 4220 5555 36 23252
54 4323 5860 118 103913
55 4397 5026 13 4137
56 4416 6309 6 5823
57 4460 4637 85 16532
58 4547 15318 150 1488100
59 4568 11020 99 277566
60 4812 9996 110 102539
61 4931 8962 12 8143
62 5125 7958 5 4333
63 5219 5980 89 63037
64 5294 6799 61 55946
65 5416 7269 49 44702
66 5438 9576 29 27498
67 5518 5983 52 5347
68 5567 6455 7 1831
69 5878 5944 8 346
70 5896 8520 81 127997
71 5950 11901 9 16867
72 6050 6702 7 1765
73 6079 13256 75 519676
74 6155 8351 133 106843
75 6220 10087 5 7092
76 6329 8963 23 28243
77 6426 8787 9 8779
78 6508 9059 4 8116
79 6617 11410 10 45474
80 6653 8762 70 95252
81 6725 8548 135 48756
82 6733 12523 20 14466
83 6757 16968 131 495246
84 6846 16893 8 36364
85 7064 9081 57 152462
86 7107 9548 99 173018
87 7121 7220 61 2415
88 7142 13018 36 49880
89 7171 19355 8 22729
90 7321 9442 53 54928
91 7339 11142 21 48815
92 7356 8738 42 9475
93 7600 8749 10 8568
94 7682 8084 25 6362
95 7716 7762 76 1682
96 7824 19901 4 9234
97 7833 12452 31 66486
98 7940 9581 25 31733
99 8016 14770 104 690093
100 8022 13084 80 77205
101 8038 8770 103 38378
102 8045 8394 26 9885
103 8060 17290 38 139301
104 8114 11510 94 101067
105 8373 9838 110 110669
106 8390 9499 20 9242
107 8391 11841 77 264399
108 9045 15281 65 192761
109 9114 11099 80 69785
110 9148 12805 60 263535
111 9354 11007 102 86776
112 9403 14745 71 162344
113 9539 10852 12 4821
114 9623 14137 11 24252
115 9652 10145 58 9488
116 9895 12459 41 47847
117 9960 11436 64 102024
118 10019 10084 24 1600
119 10240 14786 150 779379
120 10560 11792 86 32344
121 10855 11474 147 26651
122 10888 14793 5 10181
123 11501 11978 4 676
124 11523 17773 71 113175
125 11677 12454 102 27246
126 11768 13242 18 10463
127 11770 16137 43 35794
128 11926 26402 78 355344
129 11994 17676 107 337729
130 12086 14780 4 2447
131 12408 14792 78 46383
132 12577 14246 19 19090
133 12673 15444 128 193344
134 12685 23506 54 127894
135 12744 15764 85 86046
136 12808 23317 90 306040
137 12948 13216 6 1354
138 13239 13352 59 9569
139 13340 14693 135 39566
140 13573 18887 132 408985
141 13634 36310 8 78746
142 13650 13789 134 11589
143 13798 16435 57 57219
144 13883 15484 40 24779
145 14059 15662 49 22961
146 14074 14834 36 7314
147 14163 15124 6 3240
148 14258 14263 85 382
149 14284 21023 18 27694
150 14285 20552 27 53360
151 14561 15320 148 42450
152 14726 14817 40 3043
153 14764 20313 46 125301
154 14858 17268 61 68531
155 14938 22571 6 14207
156 15002 22257 119 358138
157 15003 23334 15 31130
158 15100 18029 7 11197
159 15196 19752 15 72967
160 15291 23708 120 246626
161 15321 15327 16 103
162 15509 23564 32 83710
163 15564 15964 43 23752
164 15669 15782 5 768
165 15672 18849 29 55769
166 15686 17032 133 107285
167 15754 17890 4 2964
168 15827 17842 43 23930
169 15902 16993 44 23636
170 15921 25276 5 13017
171 16081 19154 12 14538
172 16320 16772 9 6275
173 16395 18051 33 26938
174 16396 24868 20 89022
175 16760 19447 28 89838
176 16828 22947 55 107747
177 17023 21243 57 74782
178 17089 28868 109 345372
179 17135 21959 138 461034
180 17295 17877 141 24485
181 17465 21146 7 7999
182 17829 19461 10 6926
183 17855 25959 85 270977
184 17964 22680 64 142524
185 18017 19554 58 91132
186 18044 19383 128 80195
187 18257 30294 33 116355
188 18308 18334 128 712
189 18394 25475 68 240468
190 18501 18661 11 561
191 18516 28141 5 14179
192 18542 18867 13 2154
193 18705 20910 146 165927
194 18806 28977 66 289784
195 18812 22305 102 125856
196 18830 31429 107 237598
197 19196 26991 11 23040
198 19550 21388 10 6010
199 19768 24547 61 31032
200 19906 32297 143 912381
201 19973 28518 28 83357
202 20014 21685 77 189857
203 20036 25094 14 11463
204 20046 26839 133 140563
205 20215 21090 25 8589
206 20306 35533 67 672257
207 20364 31976 32 196395
208 20381 29792 32 73940
209 20420 24843 16 87962
210 20713 21732 135 34493
211 20749 24071 97 255315
212 20804 22347 16 27970
213 20853 23352 56 156799
214 20896 24209 72 77674
215 21030 21861 33 6395
216 21103 21649 14 3973
217 21166 27425 64 162499
218 21316 22465 55 15754
219 21338 28894 14 43587
220 21424 24787 123 158561
221 21596 25704 49 80764
222 21651 25736 30 75740
223 21722 30198 49 172106
224 21794 31511 73 451390
225 22084 25057 24 15770
226 22380 22491 94 10239
227 22563 23499 32 13591
228 22576 24021 27 10773
229 22588 22930 29 2174
230 22639 24515 69 62154
231 22775 28904 5 11710
232 22810 30643 129 350761
233 22921 23410 8 2610
234 23360 35563 142 900010
235 23468 25406 124 217133
236 23520 29896 30 74789
237 23682 27270 18 39639
238 23844 25262 14 22013
239 23944 30337 81 301215
240 24127 26467 118 366325
241 24579 24687 31 3141
242 24678 26972 46 117604
243 24775 25363 55 10822
244 24870 28662 78 136188
245 25047 25831 128 42930
246 25061 32133 15 56572
247 25078 25888 6 1573
248 25200 26333 7 3528
249 25341 26446 68 31997
250 25464 26374 7 2382
251 25801 27735 21 12187
252 25913 37638 23 78744
253 26201 40404 101 328583
254 26226 44332 48 325224
255 26346 35981 16 29331
256 26380 28727 28 58419
257 26429 27827 13 5991
258 26501 28630 22 26676
259 26515 27565 84 20209
260 26569 27675 8 5624
261 26593 30461 116 252001
262 26667 30770 122 279341
263 26895 37563 60 264011
264 26994 27434 34 11071
265 27019 28945 79 174970
266 27028 33936 9 24502
267 27087 37338 94 211348
268 27096 31857 113 234909
269 27097 36692 7 38642
270 27099 27214 51 1976
271 27128 30247 68 77511
272 27288 27497 62 16751
273 27336 29172 69 53092
274 27406 33789 101 467839
275 27523 29705 79 37235
276 27567 41737 50 327307
277 27572 29607 4 10767
278 27592 29686 79 222389
279 27690 33442 68 109017
280 27752 28884 14 4913
281 27878 33228 46 105806
282 27947 33804 92 180917
283 28047 28160 61 1438
284 28098 35274 7 22233
285 28154 28374 30 3818
286 28342 36636 66 307064
287 28360 35099 98 205298
288 28492 31170 111 71116
289 28536 35980 33 80161
290 28593 29122 105 64543
291 28686 30733 102 49657
292 28711 29803 24 29888
293 28851 29482 119 20111
294 28938 31425 64 18005
295 28972 34059 26 14084
296 29021 34042 5 4304
297 29112 31927 8 2518
298 29314 30661 82 36966
299 29412 29573 39 4097
300 29441 35228 91 213328
301 29456 31293 39 18391
302 29485 32815 29 41879
303 29821 30195 50 9067
304 30091 44735 14 23711
305 30112 32566 85 91509
306 30141 35262 8 18543
307 30230 31942 51 22983
308 30411 37023 9 11785
309 30423 32706 135 183335
310 30502 30680 22 1255
311 30646 34147 46 72041
312 30659 33588 39 74743
313 30694 32171 22 38297
314 30698 35966 80 246148
315 30775 32789 30 44277
316 30807 36024 95 615272
317 30811 33784 97 42758
318 30950 34984 34 61532
319 30984 42757 70 159723
320 31020 32446 15 13382
321 31241 34830 107 87953
322 31316 40378 34 105743
323 31320 36902 72 156807
324 31344 44377 77 306085
325 31496 32777 80 74706
326 31537 33480 128 77672
327 31557 33838 87 56319
328 31702 35283 11 14105
329 32045 36059 74 151810
330 32058 52442 26 36780
331 32090 42741 16 29132
332 32135 32862 10 1696
333 32153 44067 10 12422
334 32242 34921 20 6149
335 32307 34654 33 71878
336 32632 38997 22 99379
337 32642 33261 114 28888
338 32747 36592 32 33897
339 32778 36372 61 91788
340 32895 34498 113 36176
341 32944 33485 84 29978
342 33004 37115 105 215193
343 33068 42216 83 257298
344 33173 39696 21 50483
345 33237 37698 10 13267
346 33242 34549 28 16965
347 33316 34246 23 26426
348 33390 40603 116 348889
349 33405 35189 105 47282
350 33428 36062 80 139570
351 33490 36325 37 60075
352 33499 43203 128 651447
353 33506 35482 44 44562
354 33758 38768 9 10130
355 33800 33975 49 3286
356 33818 36559 68 122660
357 33984 34408 88 16645
358 34104 34240 4 251
359 34229 54352 91 654984
360 34474 36668 6 9544
361 34539 36513 33 92747
362 34711 43970 25 92444
363 34727 41359 5 14275
364 34927 36909 83 134848
365 34978 36564 33 11966
366 35004 41053 126 303358
367 35013 37132 23 28066
368 35188 36315 72 19419
369 35209 37775 85 63553
370 35260 45746 137 725159
371 35390 39335 143 343346
372 35508 37540 8 8993
373 35636 36017 41 7758
374 35793 47082 21 65429
375 35803 40534 20 38198
376 35853 36075 28 6636
377 35926 38698 5 10300
378 36081 39627 41 88491
379 36158 41410 40 81934
380 36178 43338 32 108329
381 36259 38311 80 150553
382 36511 37143 39 11426
383 36707 41773 90 89567
384 36727 39031 105 88194
385 36905 38120 125 51184
386 36932 40303 39 43593
387 37194 39023 10 10721
388 37265 43698 120 378167
389 37397 43429 10 35058
390 37409 38921 115 76650
391 37411 52194 8 20566
392 37458 39630 70 31529
393 37493 50679 105 254094
394 37537 39825 13 6322
395 37549 45492 10 34385
396 37653 42326 9 11924
397 37846 41946 137 251924
398 37936 38093 56 1733
399 37961 38006 28 209
400 38030 38530 146 50867
401 38099 41022 41 41118
402 38135 43747 37 28168
403 38271 38414 61 6906
404 38281 40452 55 41125
405 38375 39508 115 46316
406 38607 39431 104 21076
407 38869 45034 145 658799
408 39039 39514 39 7671
409 39199 40663 29 20243
410 39200 45397 56 276817
411 39222 40145 20 6114
412 39303 42319 43 56884
413 39624 42397 63 57457
414 39736 41300 33 46253
415 39858 40005 98 8683
416 40134 41609 60 117200
417 40154 44375 14 67287
418 40164 47129 9 21705
419 40195 41088 6 2319
420 40328 43563 132 128239
421 40548 40697 47 5228
422 40947 43768 67 105261
423 41175 43523 61 51837
424 41354 42317 63 82627
425 41667 41954 106 17208
426 41743 43512 68 71267
427 41797 42694 21 10838
428 41799 45672 93 354788
429 41899 53120 112 866124
430 41932 57689 10 130528
431 42102 46142 4 5412
432 42106 42149 4 125
433 42356 44303 94 67406
434 42388 43186 18 24829
435 42426 52086 5 26497
436 42527 46949 4 7057
437 42602 43447 22 7692
438 42637 45730 12 10190
439 42743 46640 11 19879
440 42988 43584 99 27159
441 43128 44290 26 10317
442 43222 71250 7 72786
443 43312 50625 71 383315
444 43552 47858 25 22993
445 43560 43731 38 1677
446 43694 48084 6 21432
447 43934 47457 13 42298
448 43955 50091 36 119327
449 44027 44895 6 3292
450 44043 45180 7 3210
451 44075 62845 57 373737
452 44182 55707 120 387263
453 44198 49360 142 142680
454 44282 48568 50 49796
455 44324 49422 20 30856
456 44338 44763 56 21683
457 44352 47541 111 182815
458 44429 47575 8 15555
459 44588 48413 11 10221
460 44595 59831 51 334985
461 44665 53175 80 238842
462 44682 48482 42 81267
463 45431 49967 18 53147
464 45560 50743 11 27092
465 45565 47464 62 61902
466 45735 58402 110 596800
467 45790 46262 73 13786
468 45799 53150 116 151950
469 45901 50683 16 23376
470 46317 47211 86 36965
471 46365 54456 14 70085
472 46390 49123 82 119170
473 46416 49370 36 41340
474 46807 49688 148 125262
475 46825 49376 6 3375
476 46923 48572 19 10968
477 46943 55015 38 210327
478 47064 49534 12 27568
479 47167 49082 53 46132
480 47179 51401 41 61849
481 47231 50002 35 67235
482 47251 50013 45 82984
483 47301 51559 49 68096
484 47344 54529 108 274054
485 47554 53852 8 9802
486 47656 49018 11 10503
487 47699 48380 72 19919
488 47777 53982 147 303181
489 47976 48064 53 2240
490 48028 48186 32 1965
491 48055 50217 43 31854
492 48158 53723 21 44018
493 48423 51301 109 294384
494 48527 53040 133 553888
495 48608 52920 16 41755
496 48927 54571 58 72264
497 49087 49555 49 12573
498 49261 52717 89 164546
499 49303 50429 11 4876
500 49323 53214 28 21667
501 49352 63145 56 473760
502 49390 49538 131 9319
503 49510 49810 91 13010
504 49549 51616 62 91093
505 49685 53872 50 313503
506 49809 54514 120 260411
507 49892 59019 28 134265
508 49997 50031 78 1451
509 50314 51585 70 19595
510 50681 50973 22 3109
511 50706 52543 67 47390
512 50984 51074 15 581
513 51039 55560 141 255295
514 51068 61515 98 206177
515 51127 56212 7 9537
516 51326 52429 15 13495
517 51340 55377 133 338489
518 51383 53178 88 85238
519 51404 53709 49 28657
520 51520 51846 26 3487
521 51537 51628 90 5784
522 51636 52931 13 4299
523 51652 51840 6 439
524 52007 63136 115 426923
525 52009 52982 57 10191
526 52051 52294 115 13283
527 52100 60061 106 291110
528 52113 54139 132 118624
529 52161 66631 14 70548
530 52220 63780 66 435327
531 52246 52844 7 3006
532 52449 65099 113 291607
533 52495 53336 126 45206
534 52549 61046 48 183864
535 52644 59100 63 295826
536 52661 61905 85 414358
537 52674 58777 12 43265
538 52739 55533 99 248421
539 52828 54509 118 29313
540 52914 54632 127 198852
541 52924 65354 137 932929
542 52990 54677 131 151888
543 53008 62578 37 101165
544 53197 60975 40 288826
545 53445 57569 48 55047
546 53507 57102 143 413260
547 53681 60979 6 12775
548 53851 59668 125 272470
549 54008 55669 18 20847
550 54176 55609 71 90829
551 54196 54526 36 2633
552 54240 57558 40 24481
553 54320 56661 40 57899
554 54365 55901 16 11238
555 54408 56906 61 35268
556 54846 56012 110 125510
557 55022 71374 78 280052
558 55101 64912 31 178375
559 55104 55180 88 6679
560 55116 58145 108 85355
561 55188 78443 40 142837
562 55195 57981 67 48002
563 55531 71140 6 16447
564 55623 58338 61 55065
565 55880 61367 139 323083
566 55915 61226 30 54116
567 55938 56342 16 1963
568 55975 60556 20 27301
569 55999 58719 35 42452
570 56010 60804 34 39291
571 56033 56717 111 35890
572 56121 56636 22 1965
573 56221 58595 32 14450
574 56399 56667 112 14453
575 56503 57574 12 2384
576 56534 56680 133 12355
577 56638 58122 139 86648
578 56753 56913 92 12009
579 56888 64696 37 137765
580 57096 58966 67 103608
581 57117 66961 34 153810
582 57130 64137 16 20790
583 57170 62726 108 243008
584 57295 60895 69 100382
585 57326 57900 99 64555
586 57461 57708 135 32727
587 57502 58616 113 88840
588 57512 58015 54 10750
589 57621 58740 93 75179
590 57658 59460 5 3256
591 57792 60207 40 31583
592 57838 58613 142 91946
593 57848 58820 64 21523
594 58065 59823 35 45326
595 58099 63490 56 297975
596 58184 64217 22 90856
597 58254 59199 26 9952
598 58280 59300 128 29781
599 58363 58516 86 9495
600 58396 60272 67 20366
601 58412 60309 59 106291
602 58447 59477 11 4325
603 58496 60532 99 198463
604 58917 61014 45 54240
605 58948 64465 12 14214
606 59003 63313 20 29707
607 59223 66768 25 106713
608 59234 61567 40 51601
609 59293 61895 46 104059
610 59298 79226 94 683992
611 59362 59880 132 61396
612 59374 59676 85 16734
613 59384 60334 52 18795
614 59675 63989 127 161295
615 59684 60821 47 30059
616 59842 65257 23 45352
617 59985 64314 49 59327
618 60103 62165 100 72997
619 60132 64404 107 514805
620 60619 85740 83 849809
621 60747 69566 41 186713
622 60869 66373 27 104202
623 60967 73231 4 19055
624 61095 61688 129 53482
625 61139 72323 88 610881
626 61235 61657 4 1112
627 61288 65735 39 56002
628 61461 68654 73 275253
629 61543 68604 123 380163
630 61623 73692 67 1317421
631 61749 64445 32 53559
632 62270 64409 94 85280
633 62323 63626 5 2229
634 62419 65463 89 160772
635 62431 62851 16 12909
636 62566 68082 40 44080
637 62572 70838 57 172097
638 62627 67944 59 182424
639 62648 71239 98 547569
640 62653 63694 8 8093
641 62802 63091 110 9111
642 62831 64980 35 86274
643 63140 63159 66 1587
644 63414 68142 9 34756
645 63515 66902 11 14537
646 63942 65174 79 50720
647 64118 75067 140 404370
648 64230 65367 7 2775
649 64238 81254 146 1191978
650 64550 69643 38 102124
651 64570 66897 31 25079
652 64680 71442 9 84416
653 64710 75563 94 407664
654 64757 74330 30 121912
655 64821 65299 29 4332
656 64823 65473 79 23338
657 64855 67580 24 25941
658 64867 71136 114 299591
659 64946 75781 114 378114
660 65000 68469 9 5927
661 65077 67278 119 321366
662 65116 66263 10 5169
663 65154 71802 108 567431
664 65204 76126 85 359708
665 65249 67907 5 2453
666 65256 75355 32 65550
667 65488 76686 27 202969
668 65498 67364 34 24326
669 65697 65715 33 841
670 65854 66746 17 3877
671 66023 67885 40 18778
672 66212 69442 87 91786
673 66562 73414 136 332451
674 66577 66873 67 4683
675 66581 74554 126 133886
676 66614 66676 71 1153
677 66767 74303 87 361090
678 66886 70592 38 127840
679 66941 68321 5 7101
680 66985 68647 45 57996
681 67020 73711 132 196179
682 67027 76548 27 102402
683 67178 69126 117 89297
684 67280 68218 83 52854
685 67369 68931 41 72187
686 67587 69811 25 35533
687 67716 69078 8 3798
688 67892 70468 20 29827
689 67919 70627 51 109054
690 68095 71426 54 113864
691 68128 68867 27 7198
692 68624 71332 8 10886
693 68718 70789 27 23189
694 68774 76651 20 176842
695 69008 72043 39 63346
696 69037 70020 22 8174
697 69134 75080 21 36963
698 69194 82665 48 249586
699 69204 75477 65 296219
700 69224 90090 31 566909
701 69347 69982 95 19062
702 69360 70178 129 105251
703 69452 75392 7 21596
704 69540 70463 94 58057
705 69688 74188 61 114476
706 70148 73743 63 202398
707 70185 70638 25 9955
708 70190 70880 120 51155
709 70235 75368 92 199820
710 70262 75026 82 244377
711 70321 70812 53 60323
712 70331 75241 146 289024
713 70623 71422 96 79635
714 70658 76186 137 180348
715 70664 75606 45 51456
716 70815 80205 9 74574
717 70837 73563 138 233453
718 70973 72935 119 110323
719 71015 72513 133 247553
720 71023 78626 6 22414
721 71054 74215 109 211745
722 71063 73143 100 163082
723 71093 75106 23 57012
724 71112 78533 87 597893
725 71146 72817 118 237905
726 71195 75306 62 66563
727 71281 79521 25 98860
728 71333 72103 68 22939
729 71334 76317 37 113509
730 71587 73470 18 17255
731 71807 76488 68 120654
732 71868 72432 123 35235
733 71871 77368 100 225618
734 71900 75989 65 75068
735 72044 72108 66 8159
736 72082 73039 90 133881
737 72360 75359 45 51926
738 72459 75487 26 35614
739 72572 72912 97 29090
740 72683 73539 31 8752
741 72959 77818 57 114272
742 73037 77015 144 148426
743 73084 73916 21 10968
744 73335 84990 19 172940
745 73481 78430 61 126102
746 73553 75154 104 57717
747 73560 79474 49 71218
748 73664 80034 130 437509
749 73853 78086 89 121047
750 73951 74604 12 1599
751 74029 79315 45 158056
752 74190 81636 40 84514
753 74284 77155 38 19903
754 74530 75030 27 5953
755 74539 83949 23 189143
756 74634 74837 107 6999
757 74775 83206 95 442898
758 74802 75499 22 4419
759 74934 76645 20 11853
760 75052 75691 107 25386
761 75113 77611 119 194694
762 75283 81101 18 55912
763 75593 82864 75 386025
764 75744 77666 132 339827
765 75819 76524 114 107347
766 76107 76924 9 1535
767 76116 79090 102 79698
768 76166 78863 16 47435
769 76262 76848 16 5476
770 76386 82005 5 11376
771 76421 86277 97 362769
772 76665 84550 20 57263
773 76691 81297 73 89425
774 76746 79325 44 68973
775 77188 82077 24 79650
776 77221 82915 22 20123
777 77279 79815 73 128448
778 77339 77808 91 58040
779 77889 77990 116 16125
780 78061 86047 135 1206583
781 78101 78785 8 2388
782 78125 81100 137 305388
783 78171 80900 69 288040
784 78244 80069 56 70500
785 78419 82785 84 178840
786 78566 79355 137 139902
787 78614 83433 14 29121
788 78932 79873 125 50054
789 79031 79659 15 5846
790 79045 80971 97 318306
791 79178 79235 86 4726
792 79180 85133 16 86361
793 79264 80159 21 22468
794 79394 79945 49 14627
795 79459 81809 124 81482
796 79654 86593 135 242740
797 79706 80296 137 19633
798 79739 84246 46 52263
799 79741 84820 12 21037
800 80175 80552 28 3744
801 80295 84102 56 99205
802 80359 94631 39 213717
803 80367 85412 59 178220
804 80421 86951 107 243521
805 80532 80823 9 1220
806 80610 89687 136 208932
807 80661 98150 115 728136
808 80667 82723 34 16936
809 80944 81955 6 4292
810 81059 83971 60 90264
811 81113 82019 45 23740
812 81196 85443 30 63812
813 81198 89073 9 32309
814 81226 89654 119 347937
815 81235 84833 27 27759
816 81327 81434 37 3082
817 81352 86794 7 15914
818 81502 82226 32 43042
819 81567 82661 8 2795
820 81604 98589 130 2095969
821 81620 91444 67 160930
822 81649 87114 22 76697
823 81722 85338 119 114377
824 81734 82869 33 5655
825 81819 82001 48 6751
826 81837 83220 84 34420
827 81874 97148 20 220935
828 81987 83551 29 14923
829 81999 84103 103 77994
830 82071 84041 79 161056
831 82102 83107 72 48676
832 82133 83286 19 22291
833 82176 82956 38 61990
834 82243 98541 23 224166
835 82539 84942 89 83957
836 82667 84436 22 15691
837 82700 83118 106 21915
838 82710 88096 22 87046
839 82732 83003 13 1401
840 82780 83116 27 3687
841 82820 86157 79 114369
842 82851 84050 115 243610
843 82888 83570 43 17261
844 82925 82967 95 1537
845 83078 87494 8 50769
846 83199 91516 4 4337
847 83528 93201 148 1243069
848 83567 84753 18 28708
849 83595 86191 26 71892
850 83621 91138 10 15872
851 83676 84953 136 528146
852 83810 83904 120 6661
853 83909 87291 66 134388
854 83919 90223 11 48594
855 84019 85645 69 54315
856 84105 89545 69 269898
857 84135 89156 12 21066
858 84151 84976 102 21330
859 84200 85847 6 9011
860 84203 89522 111 573500
861 84287 84688 21 7618
862 84312 87554 121 332433
863 84359 89149 122 660599
864 84496 88632 55 123911
865 84572 86846 107 246389
866 84598 85402 137 222350
867 84623 87693 52 55927
868 84715 85239 107 20367
869 84947 85810 4 2001
870 84996 88279 22 16839
871 85046 86755 27 30439
872 85290 87321 5 6165
873 85349 96112 84 340793
874 85469 89512 10 25524
875 85703 85861 98 2760
876 85772 91958 140 392230
877 85775 87849 149 406850
878 85783 86703 123 47274
879 85932 94141 34 56270
880 85979 91521 66 215867
881 86054 90407 111 230874
882 86068 92055 53 57448
883 86193 96918 108 283830
884 86263 87746 28 8509
885 86288 87438 115 120246
886 86299 86464 87 3853
887 86424 89342 10 10369
888 86477 90380 144 143343
889 86644 88522 66 23117
890 86686 88520 130 87857
891 86731 91469 75 167992
892 86773 88733 15 13176
893 86802 96323 7 25298
894 86916 87979 23 11635
895 86975 91878 61 96500
896 86981 87264 61 10374
897 87337 88634 82 58538
898 87450 88270 88 38493
899 87479 99418 12 99770
900 87600 88563 86 52174
901 87712 93394 39 78885
902 87714 88376 67 24844
903 87722 91419 106 105563
904 87814 92694 7 14877
905 87831 87919 20 1670
906 87833 90703 39 40683
907 87902 88313 149 28212
908 87978 96142 66 897684
909 88004 92872 146 245988
910 88064 90710 40 31387
911 88093 94454 39 134647
912 88117 95198 83 85930
913 88176 92426 19 21815
914 88199 90334 65 40445
915 88369 97811 98 586459
916 88410 90661 4 6713
917 88463 90666 34 19698
918 88490 88987 32 10921
919 88602 94632 7 15663
920 88607 88855 128 16876
921 88720 93234 14 17633
922 88749 99488 8 139096
923 88844 89163 43 5831
924 89087 97823 11 22382
925 89199 93615 19 54622
926 89288 91623 30 36217
927 89411 90249 71 29649
928 89434 90588 18 12584
929 89446 91789 54 69346
930 89468 96385 38 47078
931 89507 93755 86 102580
932 89893 94806 65 140961
933 90049 99576 41 117207
934 90120 92813 52 27012
935 90123 90507 8 2651
936 90194 91241 16 5601
937 90213 96161 7 26865
938 90296 92313 133 247043
939 90306 92251 14 19235
940 90311 92698 109 76497
941 90365 90929 5 666
942 90449 91827 51 22986
943 90531 90811 89 29255
944 90700 93148 79 41345
945 90730 95062 5 10434
946 90776 95303 27 52939
947 90807 91449 36 30255
948 90877 91287 29 5003
949 91164 92124 102 143855
950 91263 92983 130 107117
951 91375 95512 56 245360
952 91445 92307 5 3092
953 91663 91932 92 15824
954 91714 98507 53 204915
955 91735 94958 11 9397
956 91916 96119 17 36792
957 92043 92786 15 3914
958 92581 97587 11 18201
959 92721 95598 79 87272
960 92749 95374 144 321886
961 92852 97404 45 82688
962 92935 96586 9 22569
963 93068 94442 129 88988
964 93123 95615 22 44858
965 93138 99855 15 48729
966 93175 98812 68 142352
967 93185 95462 123 1026877
968 93333 95828 149 191672
969 93345 94151 67 71650
970 93506 93978 38 11927
971 93527 94047 138 65414
972 94186 99581 86 493766
973 94230 95498 39 19459
974 94400 97240 25 39669
975 94493 95626 17 7252
976 94612 95057 78 22566
977 94720 95233 146 34774
978 94877 96389 91 92264
979 94902 96713 118 87197
980 95042 97694 149 179437
981 95225 96335 56 37321
982 95321 96827 5 4297
983 95362 99415 101 132580
984 95384 98037 9 10969
985 95452 95460 5 74
986 95601 95699 55 9108
987 95671 97147 7 4382
988 95998 97682 7 4073
989 96111 96865 74 11806
990 96266 99204 6 7595
991 96541 98251 7 6169
992 96685 97429 4 763
993 97590 98756 92 29350
994 97788 99290 20 27426
995 98013 98814 81 40323
996 98171 98823 102 40534
997 98217 98925 102 150068
998 98798 99594 111 34921
999 99068 99804 43 11370
