50 1000 0.002
...............................................##.
..............................................####
.............................................#.##.
.............................................#####
.............................................#####
...............................................###
............................................######
...........#................................######
........#####..............................##...##
.......#####.....................................#
.......#####.....................................#
.......#######...................................#
.........##.###.................................##
........######...................................#
.........####...................................##
.........##.....................................##
.........#........................................
..................................................
..................................................
..................................................
..................................................
..................................................
..................................................
..................................................
..................................................
..................................................
..................................................
..................................................
..................................................
.......................................#..........
.......................................##.........
....................................#..####.......
....................................##.###........
..................................###########.....
..................................##########......
...................................##.#########...
..................................############....
....................................#######.#.#...
....................................######..###...
.....................................########.##..
......................................#####.#.#...
......................................##.#######..
.........................................#.###.###
...........................................######.
............................................####..
..............................................##..
..................................................
..................................................
..................................................
..................................................
0 3 13334 72 210647
1 142 2804 70 59118
2 221 1206 16 3369
3 260 7517 62 282210
4 385 9075 42 42292
5 620 13043 145 1417914
6 709 3343 92 207168
7 780 16921 33 273601
8 901 11007 14 46816
9 980 8259 72 263390
10 1178 2179 44 22505
11 1238 7627 108 489298
12 1240 12057 20 52424
13 1304 2500 149 101468
14 1337 7256 11 42277
15 1563 10670 44 144037
16 1640 4290 21 7994
17 1656 6126 114 209485
18 1671 13328 15 150834
19 1838 2285 135 29362
20 1872 8924 90 661962
21 1989 16840 58 317132
22 2042 13663 56 304173
23 2116 4573 4 5298
24 2156 2937 5 2283
25 2198 10145 29 57840
26 2341 5549 28 29208
27 2376 6353 8 12855
28 2388 16909 77 669055
29 2445 11243 113 544668
30 2514 28008 11 223343
31 2524 3282 57 12308
32 2715 44197 43 374101
33 2758 5266 128 163092
34 2990 8273 20 52059
35 3064 17186 51 450385
36 3133 5675 142 53242
37 3170 5279 72 62674
38 3221 3426 105 19606
39 3354 17572 69 1355577
40 3417 29176 69 349265
41 3714 3855 18 840
42 3756 23493 135 371318
43 3931 21250 11 102253
44 3965 9043 129 164291
45 4127 16412 62 285892
46 4148 5298 52 43816
47 4171 7551 131 183589
48 4237 13782 61 273471
49 4268 15903 30 124996
50 4273 20867 9 46176
51 4315 8794 41 71701
52 4379 6032 75 65099
53 4465 8223 13 17942
54 4534 20973 8 55484
55 4545 11618 134 752675
56 4591 6814 23 79097
57 4663 32539 32 273271
58 4685 5311 57 33320
59 4723 7117 15 16118
60 4797 8793 16 10007
61 4800 8883 70 257656
62 4802 5156 114 15804
63 4892 8986 89 160675
64 4966 5705 52 16279
65 4984 10965 4 5752
66 5019 5407 10 2180
67 5146 14147 83 675261
68 5170 6946 22 17559
69 5321 18129 17 34838
70 5395 7433 5 4711
71 5406 15041 106 222870
72 5480 5664 62 6381
73 5525 7398 4 2425
74 5562 18217 125 406944
75 5588 74817 62 1760931
76 5816 16158 123 477989
77 5847 7919 44 29883
78 6040 12069 136 393834
79 6042 9625 147 327822
80 6139 9851 20 52289
81 6185 22433 148 863344
82 6231 7725 59 75314
83 6301 9353 85 130175
84 6324 6653 81 28932
85 6370 35582 61 832643
86 6527 14825 42 122649
87 6564 8941 53 132279
88 6639 39740 97 974512
89 6664 18070 31 91549
90 6682 9058 71 59134
91 6762 13610 17 52650
92 6777 16396 59 283336
93 6997 13042 91 153991
94 7029 25751 43 186862
95 7119 12903 52 119560
96 7252 17845 149 778228
97 7532 47050 39 224562
98 7579 8651 44 23927
99 7626 14252 92 141115
100 8004 9808 6 6013
101 8268 9699 18 7433
102 8462 9195 137 68649
103 8537 42189 87 700953
104 8611 20364 14 328852
105 8728 12077 131 176115
106 8795 13020 136 400302
107 8891 15927 73 219204
108 9004 12502 98 105565
109 9050 12914 11 5585
110 9056 10178 142 71836
111 9089 12227 82 212277
112 9106 10385 106 54048
113 9157 31787 119 1326210
114 9420 10717 43 24114
115 9435 23439 101 343825
116 9448 11566 63 64628
117 9537 11338 44 24172
118 9547 9898 10 1908
119 9621 9696 105 3454
120 9773 24400 132 394422
121 9824 10464 54 7741
122 9903 21401 125 488616
123 10092 24475 47 325969
124 10139 11784 12 15791
125 10193 20387 10 83592
126 10202 13521 104 268570
127 10422 23772 12 47466
128 10430 14616 71 96463
129 10518 10921 27 11823
130 10536 29766 76 480820
131 10538 28573 37 276171
132 10725 14791 30 169933
133 10789 17380 96 194274
134 10862 27905 56 240291
135 10864 13148 22 28167
136 10867 15337 82 106956
137 11145 13984 51 85414
138 11231 19096 65 194594
139 11306 23280 39 118943
140 11400 12258 17 6225
141 11617 21602 104 320975
142 11654 12022 37 7788
143 11667 12056 119 17184
144 11705 47477 30 510595
145 11975 16859 65 175170
146 12060 15957 81 97134
147 12391 25939 5 54259
148 12567 14180 73 87212
149 12608 12944 49 21699
150 12628 17346 124 528719
151 12685 12845 48 1785
152 12743 14687 42 39849
153 12766 38183 128 3414611
154 12783 13345 45 25485
155 13320 13764 100 50487
156 13350 13922 76 45854
157 13353 72061 29 815616
158 13402 22381 90 267738
159 13524 25167 19 123158
160 13669 14654 56 47494
161 13838 30699 77 1263868
162 13933 16650 16 36921
163 13997 25483 21 74956
164 14138 25910 15 61746
165 14157 20846 15 22593
166 14337 20699 66 167690
167 14483 33970 59 592449
168 14700 26633 116 566748
169 14856 35826 8 68866
170 15143 24024 111 313542
171 15160 18396 134 368954
172 15166 39859 9 134249
173 15364 16889 43 71068
174 15441 23236 16 79638
175 15449 22958 48 220002
176 15471 19277 62 24790
177 15630 19305 33 68716
178 15650 40668 109 1022837
179 15654 17343 69 37422
180 15698 25671 52 196117
181 15798 18749 4 6346
182 15921 21168 27 47172
183 16685 16693 75 462
184 16974 23187 35 65433
185 17206 19752 144 524237
186 17262 32756 73 578122
187 17311 30491 17 114744
188 17323 19553 63 81217
189 17477 31046 7 83265
190 17523 38426 57 396061
191 17566 19138 72 67309
192 17696 66995 86 1709666
193 17745 29609 8 12953
194 17764 34627 81 363582
195 17796 26742 29 40184
196 18048 18176 22 1049
197 18060 21198 107 68194
198 18231 18666 139 79957
199 18246 30146 66 174716
200 18257 22236 115 200516
201 18412 28280 9 42526
202 18431 23994 7 18457
203 18451 20940 80 159480
204 18454 29966 73 283024
205 18535 34935 94 791380
206 18722 19183 11 4271
207 18893 29263 26 49069
208 19163 20989 7 3732
209 19186 20354 76 41334
210 19216 20593 147 30707
211 19222 35681 149 763214
212 19336 38141 62 1746542
213 19404 21195 25 9522
214 19437 28967 8 40342
215 19479 29077 88 326359
216 19519 34409 30 147987
217 19591 19645 115 4050
218 19699 23536 13 11621
219 19783 40899 38 155974
220 19799 30912 29 114042
221 19929 22160 9 13271
222 20086 35893 9 80715
223 20142 21480 118 125440
224 20212 30038 144 476046
225 20232 22967 61 114311
226 20236 21914 57 6502
227 20311 20865 91 24824
228 20323 33105 124 837323
229 20337 22604 85 62124
230 20465 23347 87 172786
231 20570 21294 55 14497
232 20585 32560 65 235072
233 20753 28513 34 83419
234 20810 33158 35 260134
235 20861 21381 57 26576
236 20869 24176 46 34350
237 20974 26745 58 155933
238 21572 22516 11 4247
239 21646 24284 19 35943
240 21723 24731 7 6851
241 21783 32829 123 620959
242 21894 26137 19 8012
243 21957 53136 104 723037
244 22226 41992 34 262407
245 22235 44050 88 341169
246 22314 49482 80 1907289
247 22346 33598 54 395805
248 22390 29952 51 333101
249 22478 31172 31 459034
250 22527 27553 124 1108180
251 22528 46116 25 279707
252 22588 31431 5 15845
253 22704 36872 27 157527
254 22887 34394 112 750723
255 22932 27937 84 246330
256 22939 31108 132 209595
257 22963 28956 32 71587
258 23045 25826 6 6090
259 23047 29876 120 264365
260 23076 23914 77 38287
261 23137 25216 18 19327
262 23544 31011 24 155847
263 23810 38010 91 630765
264 23912 24907 18 10625
265 23935 24608 76 18388
266 23943 28248 15 12109
267 24300 30281 56 246926
268 24311 28005 25 55469
269 24321 25644 131 34192
270 24463 25024 147 45555
271 24824 33347 26 92928
272 24875 24884 130 2692
273 24918 51259 21 289663
274 25020 25558 85 16186
275 25108 30373 132 192459
276 25136 26210 40 20074
277 25170 41071 42 101581
278 25256 44068 85 596968
279 25278 29795 20 28358
280 25333 30935 131 216669
281 25426 31258 15 33764
282 25447 30633 33 34040
283 25455 42149 21 60145
284 25499 30786 104 261450
285 25692 28131 56 51580
286 25786 33106 137 675955
287 25788 29691 72 209527
288 25855 35801 7 45433
289 25904 30166 73 89738
290 25908 40409 112 390252
291 25916 26946 112 71868
292 25962 29544 74 133087
293 26037 39497 11 90944
294 26165 27308 4 957
295 26190 38653 40 545648
296 26345 27529 33 20207
297 26416 28535 76 44506
298 26497 48574 9 38304
299 26601 35364 75 171156
300 26641 31925 10 16493
301 26739 31301 82 215486
302 26958 30468 37 23692
303 26976 41680 126 1311091
304 26993 43720 5 34729
305 27040 29422 45 35582
306 27109 44518 135 541645
307 27165 29157 29 18416
308 27235 38880 44 302287
309 27386 36848 59 135349
310 27591 39619 54 247383
311 27625 33469 89 364594
312 27644 30827 23 22946
313 27823 28909 84 53872
314 27875 37596 93 1265476
315 27884 28627 139 77714
316 27939 36710 36 51816
317 28017 31856 61 124783
318 28465 36398 78 253362
319 28477 33543 108 240708
320 28718 38884 100 829196
321 29004 42086 18 68649
322 29063 40968 39 368832
323 29102 51447 30 243584
324 29296 32180 54 77069
325 29313 41744 111 513180
326 29441 32916 29 14182
327 29579 31638 127 138694
328 29940 55234 120 1488582
329 29983 45745 148 837583
330 30044 31439 137 65479
331 30232 47808 18 144959
332 30461 49998 57 1447185
333 30463 39038 58 192132
334 30546 38986 137 182296
335 30552 43451 86 310497
336 30701 32192 13 11636
337 30704 40349 25 144056
338 30955 38563 38 235237
339 30965 35950 109 108366
340 31052 48302 8 68182
341 31105 41669 110 283012
342 31540 36670 83 176973
343 31586 40688 51 273894
344 31921 32683 21 11295
345 31927 33684 74 95575
346 31970 33615 12 4767
347 32023 35035 136 94260
348 32136 39752 142 847857
349 32186 34887 107 144976
350 32277 37985 145 304166
351 32715 38886 5 10363
352 32812 45196 54 374699
353 32817 40432 122 285824
354 32819 43322 91 313290
355 32997 37774 132 377822
356 33076 35926 17 16609
357 33246 38668 28 52463
358 33590 47867 140 768460
359 33894 50875 45 119052
360 34007 41475 133 499669
361 34042 39729 30 164216
362 34174 36292 40 44334
363 34461 38063 57 91106
364 34562 49804 11 44383
365 34607 41763 78 320223
366 34833 61314 46 558632
367 34912 44023 29 80084
368 34995 36623 67 26820
369 35008 38100 29 37809
370 35045 51174 80 284993
371 35139 35659 63 12405
372 35148 55370 78 941459
373 35166 41718 14 31970
374 35211 39953 9 18284
375 35267 38292 6 3227
376 35311 40659 13 14230
377 35341 36380 23 13146
378 35418 72029 13 105953
379 35442 40205 36 53391
380 35524 46702 57 351106
381 35657 43414 140 544633
382 35721 46187 99 726092
383 35831 36356 32 5966
384 35949 41056 13 49565
385 36002 53018 75 187865
386 36040 38881 99 229655
387 36271 39999 75 59712
388 36294 45981 11 40570
389 36322 43261 18 28833
390 36367 50431 143 719157
391 36579 53588 76 905477
392 36603 42054 13 38025
393 36648 42033 10 17560
394 37201 37665 105 69111
395 37232 62890 147 646383
396 37397 43935 9 12840
397 37634 39679 140 90914
398 37967 41792 147 641732
399 38055 49319 149 1211798
400 38160 40312 21 10999
401 38194 38693 44 9687
402 38206 48644 25 60465
403 38300 46416 20 116205
404 38404 39613 139 151410
405 38421 45885 96 191371
406 38458 38702 18 3322
407 38479 51109 106 988601
408 38533 41072 55 148164
409 38732 40890 31 45866
410 38748 43646 148 450481
411 38757 51464 90 332813
412 38762 41153 126 67791
413 38791 39254 86 31774
414 38935 71350 92 2034989
415 39049 43003 17 16031
416 39101 46792 6 27482
417 39264 47592 41 84963
418 39309 52470 20 65339
419 39409 58821 11 90183
420 39540 45914 20 33248
421 39647 40624 13 8110
422 39745 41034 6 3114
423 39818 53543 118 555305
424 39840 43443 44 80810
425 39844 43016 10 6707
426 39962 41517 72 31840
427 40105 40634 77 16105
428 40144 42200 46 63564
429 40146 47704 9 15947
430 40270 41305 11 2664
431 40302 43039 72 129236
432 40497 61930 24 100818
433 40554 41563 18 4907
434 40660 41822 5 1555
435 40989 42278 62 161211
436 41053 42796 147 101235
437 41142 55244 94 138279
438 41456 46651 55 182897
439 41477 44535 59 160057
440 41514 46584 46 149177
441 41717 42473 70 41820
442 41793 49236 82 196903
443 41896 51453 132 1659312
444 42264 46639 75 81250
445 42315 43078 19 9842
446 42327 43135 111 156217
447 42405 48063 64 254642
448 42412 42862 27 9199
449 42583 45373 146 349675
450 42602 49969 143 702236
451 42659 46992 45 104922
452 42773 44882 5 3046
453 42864 48151 7 5434
454 42895 53192 80 465276
455 43037 54041 60 159631
456 43057 66298 120 1411533
457 43086 57385 41 125233
458 43167 44771 46 38219
459 43204 50787 121 816256
460 43279 60153 18 73601
461 43359 51232 128 355099
462 43461 50072 141 348120
463 43603 58972 35 133858
464 43674 64147 145 657312
465 43688 69265 48 1156683
466 43723 46439 91 159847
467 43952 45295 103 17439
468 44102 69347 8 46088
469 44219 53999 74 179688
470 44339 55500 107 204584
471 44606 52112 54 106372
472 44708 47374 130 202285
473 44720 74655 20 287698
474 44864 49291 25 23057
475 44938 47906 90 290933
476 44971 53863 25 122710
477 45022 47582 59 33189
478 45096 45980 112 139596
479 45159 61279 100 359186
480 45193 54469 14 58573
481 45277 58679 16 90829
482 45442 47678 18 15726
483 45646 52450 54 105862
484 45685 46630 54 9483
485 45744 51023 92 150833
486 45755 58047 143 234770
487 46163 46782 118 9168
488 46196 55883 25 102843
489 46417 52809 140 354603
490 46438 60166 19 54001
491 46471 53188 64 122098
492 46757 49749 69 209892
493 46854 48403 39 26079
494 46895 49614 38 37101
495 46964 73723 54 1180549
496 47101 55351 128 464100
497 47149 57647 69 609632
498 47150 47741 61 22514
499 47227 48193 22 14009
500 47231 47871 121 39401
501 47317 49362 36 68836
502 47332 50936 54 20704
503 47620 56588 68 219628
504 47691 48243 143 35749
505 47708 70011 89 516533
506 47746 61076 29 202308
507 47845 53346 62 529393
508 47932 48094 107 14073
509 48148 49470 116 44628
510 48298 49278 144 61172
511 48359 49483 43 22623
512 48381 54400 114 235696
513 48468 62003 35 143938
514 48471 49066 72 35445
515 48546 48940 45 14622
516 48585 50879 12 47112
517 48608 58624 56 212366
518 48825 64002 31 392987
519 48922 87634 13 50347
520 48964 73281 48 372036
521 49164 55584 137 416945
522 49257 71253 27 61858
523 49295 59481 27 56695
524 49353 51648 44 74214
525 49450 56606 59 88514
526 49595 57128 28 50209
527 49628 61028 58 165539
528 49778 55980 36 99065
529 49809 64346 18 294449
530 49818 53603 5 11645
531 49864 52971 126 226000
532 49923 50579 33 6711
533 50241 53684 108 131284
534 50401 50447 48 2854
535 50531 52878 33 18038
536 50542 52126 138 81092
537 50563 54698 9 21509
538 50597 60472 136 841495
539 50805 51870 8 3772
540 50842 58773 68 275407
541 51091 59550 145 428737
542 51140 59773 7 20043
543 51181 53318 35 29158
544 51290 56121 143 411623
545 51326 87787 95 1194942
546 51434 63019 67 499534
547 51459 65259 9 98219
548 51495 57228 17 29244
549 51578 55447 95 256026
550 51659 67603 113 545954
551 51682 52427 40 22912
552 51951 60078 35 156030
553 52317 60814 20 36448
554 52429 63475 45 476071
555 52474 59614 72 351945
556 52554 64694 79 428908
557 52576 57175 78 271257
558 52807 71763 42 288798
559 52915 57706 54 127126
560 53006 53392 29 2351
561 53342 67314 85 169866
562 53453 54000 15 7465
563 53627 54766 70 50021
564 53700 59150 83 346819
565 53850 65988 71 193020
566 54002 68974 121 659699
567 54116 58297 33 29041
568 54207 70540 27 217018
569 54370 55001 35 35680
570 54385 64361 11 45401
571 54693 58148 98 26781
572 54724 57164 46 58867
573 54888 62677 104 450658
574 54916 62308 12 32327
575 55017 59132 150 197643
576 55191 60306 36 125788
577 55428 56425 64 38225
578 55517 57413 116 161182
579 55531 57873 24 37747
580 55536 71328 50 274940
581 55750 55794 83 1400
582 55780 63392 40 107342
583 55839 65885 82 335561
584 55935 59751 45 42092
585 56079 57939 9 4925
586 56257 56434 23 3618
587 56266 73486 32 167424
588 56331 69372 8 35238
589 56474 76941 32 196970
590 56475 64615 6 16809
591 56605 69318 12 87680
592 56618 57589 96 18774
593 56635 64323 69 620125
594 57098 65465 137 731955
595 57146 60229 80 172925
596 57190 68822 30 117664
597 57243 63145 24 60863
598 57261 70915 14 66406
599 57432 63746 97 509932
600 57632 63853 6 23328
601 57962 58815 71 29934
602 57987 62814 81 149357
603 58040 58689 52 17660
604 58044 64810 45 142824
605 58209 58675 34 6481
606 58459 67670 55 144175
607 58502 62885 33 52131
608 58580 76505 127 776114
609 58788 60456 13 13831
610 58918 65413 32 83199
611 59255 69870 7 37725
612 59372 60676 122 49853
613 59497 74652 34 236085
614 59516 71190 149 337118
615 59559 77555 73 465616
616 59568 62895 129 176946
617 59610 60560 121 123740
618 59623 81906 83 1632647
619 59651 66456 56 133137
620 59755 83120 11 85899
621 59789 60056 74 6718
622 59814 71094 103 205022
623 60129 63953 18 61219
624 60147 64757 48 89683
625 60276 79820 53 118300
626 60282 71054 79 468701
627 60558 63091 29 14731
628 60613 86678 85 270440
629 60758 68418 131 424162
630 60807 65764 46 328429
631 60967 75083 105 650051
632 60978 81594 27 244483
633 61137 71123 25 38588
634 61142 71186 148 364820
635 61168 73748 59 570932
636 61218 84627 128 614329
637 61319 78299 72 618040
638 61405 87815 132 906688
639 61806 65775 23 24380
640 61817 62283 10 1750
641 61847 62376 12 1954
642 61858 71877 107 817697
643 61860 69927 143 753537
644 61911 65964 55 141715
645 62018 75991 36 129811
646 62060 65368 26 24464
647 62078 75393 40 189010
648 62099 64622 40 68309
649 62291 67935 105 343509
650 62507 83497 6 17946
651 62689 66744 36 82210
652 62968 63934 45 20915
653 63048 65073 45 43860
654 63162 63586 28 4902
655 63324 66427 142 71972
656 63329 64492 74 26960
657 63657 66971 56 112882
658 63668 73054 10 26865
659 63695 68412 139 348610
660 63779 74079 8 36407
661 63822 69373 30 39994
662 64024 74426 116 667038
663 64091 80224 39 286094
664 64388 72862 26 91102
665 64390 68580 4 21531
666 64438 68910 5 9104
667 64462 69070 10 11365
668 64549 74814 15 108655
669 64657 77924 51 135728
670 64755 67270 13 6213
671 64913 69649 13 63436
672 64957 71438 50 79779
673 64975 69629 58 60768
674 65020 69190 12 14686
675 65081 80671 13 79276
676 65141 69756 104 273214
677 65254 89796 58 1898615
678 65262 67714 92 175203
679 65270 66765 26 22969
680 65379 76959 89 662527
681 65564 74181 85 188949
682 65692 78305 117 392414
683 65700 69916 11 13422
684 65755 71808 118 282555
685 65824 67881 21 18737
686 65827 74850 12 35990
687 65861 71553 80 343496
688 66012 69300 37 32451
689 66294 66749 21 2492
690 66497 67657 79 59002
691 66527 66592 12 1201
692 66687 71469 5 6869
693 67038 71134 114 331250
694 67084 69985 63 102679
695 67165 75667 32 88862
696 67292 67413 18 1514
697 67345 72828 81 64517
698 67426 85756 58 236361
699 67508 67845 74 4199
700 67740 72070 15 91442
701 67869 78914 107 763006
702 67944 68888 80 39042
703 67997 86926 66 526172
704 68045 69053 31 12862
705 68171 75273 21 89662
706 68257 75373 94 405348
707 68291 78711 10 29999
708 68462 72385 119 186753
709 68623 71892 5 8027
710 68855 90399 21 336954
711 68926 80263 12 32716
712 69255 85110 55 233056
713 69294 84715 24 129906
714 69451 72778 147 219988
715 69470 85904 42 101776
716 69515 88507 115 427000
717 69646 74698 97 195841
718 69704 74887 72 165490
719 69843 77506 130 217132
720 70021 73795 102 311485
721 70084 70214 28 2439
722 70165 71672 75 56610
723 70362 79302 140 1033844
724 70382 94225 52 1109224
725 70438 76385 42 40971
726 70499 83329 75 483169
727 70551 72910 139 266978
728 70669 78700 95 354557
729 70757 73504 35 26967
730 70811 71276 96 11370
731 70847 72773 10 16626
732 71001 77314 62 65683
733 71163 76096 112 303221
734 71312 76699 43 128136
735 71402 81300 42 194847
736 71440 74240 11 15089
737 71588 77436 68 266372
738 71629 72561 5 1235
739 71648 80698 61 236044
740 71866 77685 44 46964
741 71974 77249 35 38852
742 72136 86389 64 485674
743 72507 73768 49 16769
744 72532 73722 130 43921
745 72540 93823 131 769698
746 72560 91738 105 875733
747 72589 78233 105 403630
748 72663 79771 7 47634
749 72703 74666 50 36530
750 72717 87395 30 195233
751 72804 76068 45 107185
752 72905 79462 18 49457
753 72916 74955 64 101482
754 72951 79312 9 42232
755 72976 79086 69 163845
756 73091 92304 54 420227
757 73347 84100 59 227109
758 73379 85305 10 48751
759 73481 75779 47 35223
760 73573 79348 44 101866
761 73635 83626 34 161720
762 73636 84992 116 611705
763 73689 75938 114 81444
764 73694 87943 76 171122
765 73726 79346 11 13418
766 73757 91567 89 539307
767 73913 79284 13 39255
768 74040 76942 17 16108
769 74145 82682 104 783477
770 74193 75007 22 5588
771 74221 96150 35 886357
772 74255 85198 11 30271
773 74263 78200 48 31446
774 74451 81326 58 162866
775 74600 75804 48 75018
776 74767 87068 48 227753
777 74818 81425 77 591580
778 74909 77783 76 62853
779 75107 82905 71 119052
780 75122 77261 138 136121
781 75161 81476 115 921345
782 75169 80051 87 145091
783 75627 87813 78 134896
784 75729 97129 60 721731
785 75764 81472 30 29352
786 75828 80335 132 103081
787 75895 83799 145 162860
788 75964 80657 28 36893
789 76076 92785 69 786544
790 76148 80569 103 294154
791 76433 79385 48 84350
792 76578 77791 46 25571
793 76583 80986 68 42713
794 76680 81094 9 34696
795 76790 89246 21 68880
796 76811 84475 25 61463
797 76842 79243 32 14622
798 76874 77171 68 6919
799 76877 81423 49 81160
800 76878 90342 115 530327
801 76887 84481 7 83402
802 77004 91039 17 39565
803 77079 80141 8 9339
804 77086 81617 43 131599
805 77198 81453 105 119214
806 77373 83614 104 271348
807 77448 83105 135 382256
808 77518 80431 13 24459
809 77521 83631 33 70042
810 77656 80385 81 75978
811 77665 87123 83 252137
812 77801 78159 24 4450
813 77854 78148 52 11074
814 77930 87671 85 123503
815 77955 84028 7 18392
816 78063 80856 44 67217
817 78120 87564 79 78302
818 78180 81875 111 242870
819 78206 93843 7 91854
820 78304 79073 13 2493
821 78307 86271 124 394371
822 78348 79975 4 3202
823 78539 81593 139 142885
824 78572 81306 44 39692
825 78645 90696 13 74695
826 78649 82033 48 33498
827 78766 94256 42 305558
828 78859 80090 23 7286
829 78995 81983 11 21628
830 78997 82153 92 132738
831 79087 84933 81 417792
832 79092 94505 39 381148
833 79101 86618 106 266996
834 79125 81020 95 41933
835 79585 83148 20 17535
836 79590 91367 48 291069
837 79700 81240 24 22117
838 79815 85010 112 161683
839 79835 84392 88 112827
840 79860 83906 89 269240
841 79879 92118 35 319879
842 79899 81419 106 44488
843 79901 85089 9 15410
844 79914 82154 40 23819
845 79954 90572 100 478530
846 80017 94231 19 142057
847 80214 84844 107 187670
848 80231 83643 87 132299
849 80369 93957 81 410000
850 80378 98096 11 45639
851 80409 93749 9 50668
852 80577 84128 35 35569
853 80590 84834 29 42854
854 80593 84778 148 295833
855 80735 84609 40 194615
856 80811 92821 24 189587
857 80882 81651 35 12876
858 81034 84280 77 136004
859 81116 87169 18 16740
860 81135 81870 13 4500
861 81247 85910 59 531244
862 81274 84814 5 8754
863 81609 83819 146 175112
864 81688 84438 54 132316
865 81749 85724 140 378358
866 81774 99182 11 71637
867 81894 88670 12 28938
868 82023 93654 84 428143
869 82039 84628 102 103915
870 82119 83256 142 33882
871 82259 82411 5 354
872 82301 83504 88 48661
873 82346 93806 67 388944
874 82430 83616 12 9110
875 82544 82844 69 9399
876 82591 89328 57 220373
877 82701 90063 5 13315
878 82770 91470 81 262510
879 82784 95052 12 26970
880 82790 83114 146 25853
881 82885 84705 45 25762
882 82939 88479 17 40348
883 83063 84237 38 28063
884 83135 98154 140 1098359
885 83321 96559 47 319458
886 83516 92444 5 15216
887 83537 94412 26 61651
888 83637 93644 14 35355
889 83669 90233 44 104200
890 83713 94808 24 59003
891 83732 86324 39 23842
892 83749 84673 29 9201
893 83766 97319 7 20241
894 83772 93530 12 46811
895 84322 92290 100 212974
896 84342 89731 25 65755
897 84344 95760 91 222500
898 84478 97295 21 44254
899 84487 88693 140 230976
900 84666 87277 52 54422
901 84783 95552 72 279137
902 84802 87232 6 8434
903 84882 93226 26 58474
904 84953 94075 75 270528
905 85032 90932 17 134798
906 85060 86809 28 22847
907 85085 96448 39 439793
908 85126 88684 35 43026
909 85245 87088 14 19171
910 85335 89723 137 140249
911 85457 89554 142 586605
912 85633 88319 19 76996
913 85683 87606 35 111261
914 85732 85965 120 17848
915 85881 94563 50 44975
916 85918 88927 10 8425
917 85974 87037 110 191799
918 86305 87510 12 4893
919 86314 91797 23 37279
920 86456 91557 32 106002
921 86519 89196 67 146804
922 86537 87458 147 93169
923 86578 88609 62 39046
924 86769 96563 4 35463
925 86982 87470 6 1175
926 87214 97574 70 443657
927 87292 88089 13 9610
928 87652 89251 102 35121
929 87728 92050 13 20432
930 87869 89193 20 31612
931 87912 89365 68 56311
932 87972 91431 44 45485
933 88038 93855 23 53732
934 88080 88207 117 7623
935 88119 96023 142 391032
936 88192 95119 23 78255
937 88270 94112 26 64778
938 88815 92166 35 22103
939 88855 88901 9 144
940 89453 97965 15 45164
941 89686 90614 10 5844
942 89904 94523 21 34204
943 89912 90549 21 3896
944 89962 96357 112 132250
945 90022 94995 34 144775
946 90049 91813 103 124046
947 90106 94262 19 34482
948 90313 98829 94 629682
949 90456 93038 13 20085
950 90784 96752 73 223177
951 90827 98328 4 23998
952 91007 93169 19 23826
953 91137 99221 9 14522
954 91232 91283 6 150
955 91314 97461 27 55685
956 91381 94624 15 35391
957 91746 95149 53 129682
958 91840 92128 27 2437
959 91872 97434 91 125446
960 92255 92812 25 13544
961 92297 97541 10 22952
962 92353 94192 103 162605
963 92439 93760 6 4504
964 92446 98557 6 22155
965 92811 99291 78 147379
966 92896 93419 10 1654
967 93005 96480 47 63855
968 93013 97875 17 48386
969 93019 98050 60 116970
970 93258 95141 6 5153
971 93462 95043 72 32802
972 93519 94511 5 1713
973 93619 96121 19 22810
974 93748 96129 136 132027
975 93808 97369 139 519142
976 94048 94351 88 14557
977 94365 97352 135 56371
978 94463 96143 83 77121
979 94500 96603 30 24844
980 94535 95682 8 7826
981 94612 96756 95 56238
982 94684 98097 17 18997
983 94687 95654 85 53033
984 94692 95125 25 3846
985 94948 96851 112 202744
986 94955 95230 17 2832
987 95214 96999 98 110816
988 95234 99381 38 94631
989 95629 98438 73 159133
990 96440 97197 23 14811
991 96513 98415 10 6623
992 96535 96779 49 13758
993 96890 99179 9 14497
994 97046 98776 38 26203
995 97169 99020 35 38503
996 97933 99137 77 75583
997 98994 99630 14 5101
998 99048 99283 66 10872
999 99352 99533 29 6609
