50 1000 0.036
#.#.#####.....##........##.##........#####........
#####.........###.......####........###..###......
###.#......##.#..........####........##....#......
###........####..........##...............###.....
#.##.##.....###..........####........##.####......
#.....##......#.........##..#..#....###.#.........
......###..#............###.####....#.#.....##....
.......##..##......#...##.#.####.........#.##.....
#.........##.......##....##..###.........#.#......
#.#...#....##......#......##...#........#####..#..
####.###...................##.##............#..#.#
.##..#................#######.##...............###
.#.#.........#.........#.##....................#.#
...####......#.....#.###.#........................
...####.....##...###.###.#....#.........#.....#...
.#####...........###.#####.....#......###....##...
...#.......#.#.#.###.#.##......##....####.#.......
..........##.#.##.#....#......####..#####.#.......
..........##.#.##...............#...##...##.......
..........##...###...####.............#...###.....
.........##.....#....######...........#.###.......
..###....####.###.....##.................#...#.##.
...##.......####.......#..............####..##.#..
....##......##.#......#....#.............#........
.............###.....###...#..#.......####........
.............####....##......###..................
................#.....##...####......##...........
.....................##....###.##....#.##.....##..
....................##......#..##....#..#......#..
.......................#..######......###.....###.
......#...............##..##.#........##.....#####
....................####...#......##..#........#..
.................#..###........................##.
...................####........................#..
#..........####.......#...........................
##...........#....#.###.....####.##........#......
.###..#..........###..#...###.#..###.....###......
#######...........###..#####.....#.#..##.##.......
##..##..........#...#...#.#............#.#........
##..##..........###.....#.#....##......#.#........
...............#######.......##.#.........##...#..
.......#......###...........##.................###
.......#.#....##.........#.##.......#..........#..
......####..###........####.##......#..........#..
......###...##....#.....#..###......#...........##
......#.##...#...###........##........#......#####
........##...##.####........#........##.......###.
........#...#######..............................#
.............#####...........#...................#
.............#.##.##........###................###
0 92 3944 41 110634
1 136 6732 6 10003
2 187 9537 8 40748
3 216 4025 61 56623
4 290 850 52 14426
5 384 1018 72 55120
6 463 10010 17 46090
7 464 2360 21 39658
8 542 827 4 303
9 575 4922 14 18461
10 689 8316 41 196732
11 764 941 21 2885
12 915 2026 148 76299
13 1008 6105 20 62910
14 1578 2291 103 115750
15 1619 1873 44 5336
16 1836 6116 48 68907
17 1958 2806 144 52015
18 2140 4136 34 94422
19 2172 2938 4 2035
20 2180 13937 13 45554
21 2199 8197 138 369007
22 2281 7402 71 195781
23 2376 6905 68 142536
24 2421 3689 89 38630
25 2474 4051 21 9184
26 2591 13028 28 236956
27 2639 13388 149 340180
28 2694 4240 10 3621
29 2790 6521 31 97195
30 2793 8983 100 320041
31 2810 3333 16 10270
32 2951 8096 70 209314
33 2954 3758 56 21982
34 2985 9824 82 619136
35 3246 18427 4 17166
36 3359 3418 61 5653
37 3417 9797 16 44164
38 3877 14819 62 259421
39 3971 12636 9 50562
40 4198 4303 73 3736
41 4265 4496 9 894
42 4390 7125 80 82868
43 4446 16899 140 768495
44 4941 5006 26 1038
45 5035 8030 29 32254
46 5375 8406 22 17349
47 5458 12388 11 34918
48 5493 16520 34 75084
49 5549 11729 73 68194
50 5577 10270 97 264825
51 5734 6456 48 21385
52 5740 11250 130 104150
53 5745 6205 4 616
54 5877 6921 52 25091
55 5982 6778 65 14638
56 6009 8321 78 142844
57 6039 7438 95 58547
58 6086 31091 24 398751
59 6096 6451 29 2705
60 6151 10579 8 7769
61 6221 9937 71 314927
62 6256 12861 116 344113
63 6264 9878 32 45062
64 6731 12616 94 245547
65 6886 8265 12 7057
66 7192 9942 16 15716
67 7212 9673 6 11910
68 7303 11046 8 9631
69 7368 16090 14 72447
70 7431 9018 8 5767
71 7880 9407 125 69053
72 7899 27046 20 228546
73 8019 9351 86 18172
74 8208 9055 101 63996
75 8262 22314 86 698888
76 8380 11827 115 199199
77 8414 13733 110 174360
78 8541 9827 24 14944
79 8634 14621 87 110741
80 9151 10723 40 18127
81 9160 12048 21 27227
82 9245 13137 21 16867
83 9295 11416 124 140813
84 9344 9794 73 15827
85 9437 9729 131 17499
86 9559 24697 126 610724
87 9584 12969 5 11239
88 9590 10306 121 42034
89 9614 14465 6 20718
90 9645 16263 6 16739
91 9656 20533 55 326010
92 9711 12937 16 27940
93 9832 14630 21 41719
94 9853 10281 53 6467
95 9927 10088 23 3713
96 10076 10153 5 291
97 10103 11881 136 168949
98 10612 11795 29 4809
99 10671 16803 36 41129
100 10698 12337 45 23578
101 10714 12763 93 125535
102 10843 11364 24 6796
103 10868 18558 23 98091
104 10877 14262 29 19381
105 10924 15476 68 476568
106 11131 19790 110 216392
107 11198 14673 75 97603
108 11201 13173 56 31946
109 11205 15571 124 232910
110 11227 11834 56 29598
111 11337 13016 102 39259
112 11472 12189 5 2598
113 11564 22364 40 210891
114 11624 15843 118 102632
115 11655 19023 49 105240
116 11832 20077 102 390464
117 11842 18748 117 167019
118 11918 17791 91 229806
119 11929 20164 31 155756
120 11968 14654 77 104497
121 12105 12415 4 1653
122 12193 16358 65 62363
123 12449 12841 66 8698
124 12490 14517 73 156423
125 12532 26179 18 83179
126 12538 13684 72 23761
127 12647 12702 132 4139
128 12978 15353 50 147504
129 13196 15784 40 21633
130 13228 17016 14 26602
131 13247 23173 132 425862
132 13256 13515 80 9457
133 13280 14278 69 23510
134 13480 16195 74 114917
135 13759 18113 63 46366
136 13931 16723 87 138351
137 14004 16559 89 71489
138 14011 17031 20 20478
139 14166 15315 7 6786
140 14251 17979 15 29507
141 14276 14826 144 60857
142 14280 18244 148 165627
143 14314 19621 57 167789
144 14372 14645 141 47503
145 14393 14438 5 235
146 14422 16069 49 14456
147 14496 23955 142 456861
148 14655 22400 19 23264
149 15020 17539 18 16405
150 15083 18870 26 34891
151 15099 18769 116 294650
152 15230 16569 34 7640
153 15244 20346 68 147868
154 15295 16691 34 18103
155 15607 16594 10 3069
156 15661 22261 83 174124
157 15670 22412 8 14671
158 15688 20147 30 66727
159 15728 31612 42 369455
160 15890 20175 25 63929
161 16129 30510 52 220226
162 16223 17327 72 36072
163 16368 16386 44 454
164 16481 16962 20 3813
165 16707 18493 40 61709
166 16837 24573 7 19050
167 16969 18333 123 77935
168 16978 20076 121 141133
169 17024 18983 117 113649
170 17186 19777 24 49105
171 17321 23778 8 29847
172 17326 23073 132 322400
173 17345 18125 43 17747
174 17351 21838 32 37772
175 17352 20889 41 89848
176 17405 18596 149 73094
177 17500 20354 118 166736
178 17629 22129 34 120296
179 17667 20180 90 67035
180 17798 18963 92 18865
181 17996 19498 49 55307
182 18177 27367 8 25211
183 18216 19734 93 116928
184 18225 25027 50 230031
185 18227 20572 108 54706
186 18229 20124 45 18820
187 18275 21783 102 211309
188 18490 29575 19 30586
189 18567 31133 93 457476
190 18578 19615 11 6015
191 18647 23612 10 10759
192 18889 25015 143 1137430
193 18896 21361 31 20993
194 18925 20351 50 27421
195 18950 29313 9 70657
196 19133 19192 20 1219
197 19180 20322 96 222668
198 19277 23627 47 65990
199 19316 20040 58 10351
200 19414 24700 8 27829
201 19808 22544 141 210343
202 19877 31500 111 300844
203 19897 25188 105 349887
204 19953 21141 118 60155
205 20117 22567 92 68627
206 20142 21765 68 23048
207 20144 22386 39 29174
208 20190 24642 19 32115
209 20331 21852 104 162919
210 20420 28133 8 36554
211 20620 25396 143 239930
212 20713 21072 66 4021
213 20730 25585 46 97596
214 20959 22947 34 26190
215 20994 28073 42 240860
216 21006 24184 10 14543
217 21239 30072 11 31291
218 21290 22742 6 1696
219 21319 22390 39 20445
220 21398 26209 129 301754
221 21550 46679 143 1010171
222 21601 23514 7 4624
223 21784 26592 116 293535
224 22076 25312 26 23625
225 22200 26077 25 21865
226 22360 23319 80 96471
227 22505 25370 134 149076
228 22528 23098 58 22022
229 22585 24200 10 7374
230 22727 23934 78 111305
231 22801 25019 28 15946
232 22984 31524 125 257330
233 23133 24079 5 2989
234 23166 27537 10 27129
235 23356 24473 7 2167
236 23386 32528 74 125565
237 23424 24837 123 81837
238 23494 28467 73 57914
239 23764 24756 67 20070
240 23779 24306 10 1275
241 23787 30285 6 33498
242 24049 36080 25 289929
243 24089 27693 8 15151
244 24199 24235 32 1050
245 24236 27274 59 59822
246 24288 25420 134 93131
247 24373 31763 17 122144
248 24377 32610 26 68201
249 24409 24702 46 15045
250 24441 36125 64 440168
251 24516 29069 6 11714
252 24707 25559 104 87087
253 24841 25229 40 9238
254 24983 25757 53 18181
255 25046 28018 105 269970
256 25074 35355 8 16795
257 25149 28686 36 128200
258 25204 27427 30 30136
259 25231 27437 19 19993
260 25233 27879 47 180380
261 25256 28342 5 6003
262 25263 31081 114 224922
263 25456 25569 57 1528
264 25529 37566 16 88130
265 25563 36129 37 91947
266 25578 34345 6 23508
267 25597 28089 29 42925
268 25771 27353 82 128198
269 25786 26301 136 32823
270 25830 32176 4 3383
271 25925 28748 27 26485
272 26188 27403 84 78750
273 26219 28039 5 7079
274 26288 29227 139 183388
275 26303 26962 110 26966
276 26324 33386 5 29007
277 26426 40015 104 1185732
278 26536 26953 7 1115
279 26557 27771 94 61200
280 26735 29650 71 181938
281 27091 30589 6 25471
282 27111 29474 66 52763
283 27187 35058 31 267472
284 27430 29852 5 11105
285 27692 44189 115 468167
286 27702 30920 11 19687
287 27750 30855 5 4097
288 27774 31573 30 123458
289 27889 44827 45 447468
290 27915 30547 14 11633
291 27987 31972 65 149366
292 28085 35419 46 40864
293 28120 32468 149 157435
294 28150 32875 7 15432
295 28205 28491 130 53297
296 28221 28721 13 1022
297 28369 30842 90 117049
298 28378 30426 21 14358
299 28438 29588 146 124568
300 28510 33811 25 36606
301 28646 30499 22 71764
302 28681 31021 29 48367
303 28731 30005 65 17299
304 28768 35201 44 118924
305 28921 33544 11 14911
306 29136 36126 68 522820
307 29319 29471 138 12164
308 29345 29961 113 19174
309 29362 30714 7 4376
310 29445 34047 30 44344
311 29464 31869 4 6077
312 29478 32477 80 151862
313 29582 31355 140 206240
314 29636 30900 150 150480
315 29753 32309 22 42817
316 29832 31532 27 23197
317 29917 43169 129 481324
318 29924 30022 8 584
319 30052 33151 130 196648
320 30118 31394 55 157096
321 30140 30288 7 1221
322 30228 30477 89 11340
323 30263 40707 8 31885
324 30359 32654 128 280480
325 30474 32928 9 11263
326 30492 31842 81 37582
327 30601 36257 97 151313
328 30821 35928 139 109351
329 30908 32510 7 6758
330 30948 37939 8 25883
331 30959 31443 13 2139
332 31018 47840 109 200956
333 31224 48168 13 57802
334 31269 33283 83 111192
335 31277 46028 33 111328
336 31522 33062 135 86423
337 31565 38384 86 265976
338 31805 37551 13 32450
339 31946 33366 68 26233
340 31981 33429 148 74755
341 32083 34916 43 85152
342 32088 32206 79 6989
343 32243 38679 13 43911
344 32279 34016 14 10779
345 32439 43637 29 100277
346 32508 33127 115 89611
347 32612 37962 43 88612
348 32633 33116 35 20440
349 32860 33437 82 26172
350 32949 39995 11 17114
351 32994 39648 62 143429
352 33000 41441 86 127458
353 33084 37568 126 87163
354 33277 36280 5 16135
355 33440 34152 52 41991
356 33441 37416 5 16663
357 33458 37525 17 34029
358 33565 38038 18 43212
359 33617 37823 43 83257
360 33675 39865 4 5346
361 33713 35294 45 43714
362 33772 34549 35 16608
363 33794 41166 78 62516
364 33831 37201 10 39997
365 33946 38015 11 15540
366 34060 34712 62 39620
367 34307 36030 13 8210
368 34329 34402 78 3735
369 34453 38990 127 154821
370 34686 37961 58 54290
371 34825 36301 111 99591
372 34955 47901 61 373432
373 35024 35924 98 48490
374 35132 37829 54 87499
375 35242 36838 126 85610
376 35543 35726 77 7930
377 35635 39189 93 161759
378 35647 36319 9 2781
379 35906 47418 7 42120
380 36062 37310 46 27002
381 36421 40905 95 176869
382 36537 41978 4 11626
383 36580 39365 50 83520
384 36625 45124 54 518226
385 36820 44722 56 163184
386 36932 37519 50 13804
387 36986 43946 48 204186
388 37044 39580 5 12944
389 37057 41478 71 208199
390 37543 41276 42 196106
391 38051 39151 73 23576
392 38202 43354 39 42750
393 38277 57437 18 80731
394 38566 44489 57 571948
395 38621 44909 5 6495
396 38664 40571 19 27907
397 38689 46677 113 399220
398 38731 42511 93 359263
399 38888 39782 85 40680
400 38960 44312 58 121013
401 39009 39675 43 16918
402 39052 43346 140 428597
403 39093 41962 52 70620
404 39193 43501 9 18242
405 39288 40001 85 48283
406 39542 42040 97 108979
407 39728 42092 13 10920
408 39971 42687 61 85173
409 39989 40222 38 11085
410 40192 43679 10 13141
411 40619 46750 106 387830
412 40681 44935 20 69949
413 40686 48361 7 14053
414 40735 41579 39 31098
415 40812 42007 9 16152
416 40909 41919 116 27797
417 40953 50025 39 124815
418 40964 58071 4 27866
419 41135 43185 117 97492
420 41142 45857 6 12684
421 41172 44584 77 118849
422 41416 42009 116 57081
423 41454 49328 82 265649
424 41569 41776 66 27963
425 41708 42194 30 13443
426 41709 43897 115 94468
427 41712 43854 26 10030
428 41720 48613 144 413567
429 41750 42377 129 98225
430 41752 41927 30 2039
431 41875 43789 37 32191
432 41911 46657 87 47171
433 41944 42622 5 2056
434 42339 46673 5 11225
435 42375 55659 112 722466
436 42394 42833 81 43317
437 42451 49366 31 71154
438 42640 46104 11 16820
439 42690 55636 40 276685
440 42801 44958 136 77842
441 42991 57338 31 297356
442 42998 49338 68 73221
443 43019 43290 38 11123
444 43055 47653 29 54047
445 43181 48930 44 219258
446 43300 63951 59 429110
447 43335 49897 38 99679
448 43368 46882 28 78991
449 43558 43573 15 421
450 43598 46137 61 81522
451 43616 45635 76 87038
452 43621 46847 130 160345
453 43681 50278 43 222899
454 43685 46053 36 87681
455 43873 46626 65 39222
456 43896 45428 136 163811
457 44029 45345 25 14284
458 44297 47387 55 97573
459 44303 44602 12 1904
460 44443 46609 47 101226
461 44449 46488 25 22594
462 44776 45771 145 146475
463 44860 50544 12 26019
464 44881 45013 5 169
465 44899 50917 24 133729
466 44953 49585 70 189022
467 45140 46598 16 8401
468 45263 47463 111 160285
469 45488 50654 6 12368
470 45592 46040 75 25910
471 45632 48503 31 30255
472 45682 46866 6 2857
473 45695 54440 15 71399
474 45698 48609 15 18838
475 45711 45918 48 5599
476 45777 47180 107 171925
477 45926 53383 64 234414
478 45957 47646 148 115204
479 46057 46365 74 26765
480 46066 50326 142 363062
481 46162 47827 96 88353
482 46322 51122 5 5939
483 46349 55178 113 455017
484 46419 54698 87 418275
485 46632 50476 121 64668
486 46692 52174 38 51084
487 46917 48738 59 25497
488 46938 53985 37 210446
489 46962 47006 149 3440
490 46994 47780 23 9373
491 47014 48196 9 10748
492 47087 59959 13 51578
493 47091 48434 97 108076
494 47154 52852 8 23301
495 47171 49028 28 10026
496 47215 52307 66 95636
497 47271 50099 36 49122
498 47336 47477 7 2674
499 47470 50141 43 88114
500 47474 47856 34 4921
501 47565 54123 82 281394
502 47659 49357 54 49378
503 47739 54049 17 38056
504 47839 48388 88 36931
505 48003 48394 68 16203
506 48060 60442 23 272702
507 48193 49195 54 59400
508 48297 49827 11 5188
509 48303 52173 135 215752
510 48378 49667 69 80337
511 48527 49792 133 71102
512 48733 50003 103 21524
513 48754 57312 31 41539
514 48755 50740 32 18982
515 48897 49757 5 1928
516 48963 55717 5 22246
517 48995 56784 38 107835
518 49596 49694 6 495
519 49611 51506 6 8417
520 49647 50093 30 7429
521 49722 52908 109 97683
522 49726 50874 124 83580
523 49737 51198 23 23533
524 49754 56392 47 193235
525 49822 52271 54 44705
526 49830 54618 4 8688
527 50149 58699 84 590915
528 50199 56183 25 70106
529 50525 52333 61 103488
530 50620 50847 136 5931
531 50633 51463 21 5533
532 50649 51977 81 30053
533 50689 52039 75 57019
534 50770 50898 139 25552
535 50983 53252 12 24352
536 51090 53087 86 134162
537 51124 52566 26 36287
538 51285 55569 28 121044
539 51323 52783 98 77325
540 51328 52863 148 116302
541 51674 51837 26 2938
542 51745 53702 122 43046
543 51751 52969 94 36685
544 51874 53071 12 17212
545 51936 53691 7 4852
546 52050 52371 22 3200
547 52104 52841 112 49446
548 52125 56277 140 376294
549 52197 55192 8 6147
550 52246 53072 99 79362
551 52450 57283 35 57633
552 52457 60856 11 39687
553 52464 53437 36 17845
554 52803 59604 31 34221
555 52849 53900 29 25274
556 52885 54411 53 78895
557 52971 60050 122 542907
558 53033 68203 4 44379
559 53260 62787 7 36616
560 53303 63993 37 173351
561 53356 55553 6 3161
562 53415 76014 43 218765
563 53660 53739 140 5271
564 53815 56996 95 200889
565 53905 54452 44 5433
566 53947 54162 42 8153
567 54159 55633 27 28894
568 54204 55779 50 17008
569 54224 56925 21 11275
570 54299 61716 108 148628
571 54328 58487 56 104061
572 54423 71457 136 567901
573 54646 56317 121 290178
574 54956 60791 13 16406
575 54959 73504 65 438764
576 55019 56832 62 61220
577 55133 55248 30 3787
578 55155 58758 131 129186
579 55302 62248 94 435285
580 55312 61240 56 194021
581 55403 57272 109 98627
582 55447 57580 15 10652
583 55523 61717 103 161959
584 55559 57900 131 69306
585 55601 61859 96 148778
586 55741 73171 63 505671
587 55749 60120 43 61165
588 55812 63972 9 38444
589 55850 56363 18 9068
590 55916 85581 4 62018
591 55943 57846 107 151789
592 55961 69481 130 636782
593 55969 75995 14 117011
594 56215 67306 131 1231029
595 56264 56611 4 623
596 56322 57600 41 25245
597 56625 64716 11 31892
598 56822 59762 48 30765
599 57264 60144 87 69125
600 57352 61176 8 12100
601 57422 69551 15 42980
602 57469 63661 102 237151
603 57491 64579 6 42174
604 57493 69692 40 389684
605 57545 57992 73 7502
606 57579 61965 20 64392
607 57723 69839 71 1054751
608 57816 62527 8 7019
609 57828 58998 117 131773
610 57833 58434 6 1747
611 57896 58295 6 1556
612 57904 73654 97 589547
613 57917 60452 14 25792
614 58187 58695 4 1117
615 58305 61792 128 126727
616 58319 59806 111 58389
617 58648 60539 23 45302
618 58864 62411 67 79714
619 58869 58926 114 1668
620 58891 59628 82 74381
621 58904 62760 13 16292
622 59190 62292 19 49443
623 59323 70168 21 119258
624 59355 61880 63 72826
625 59679 65226 26 33453
626 59728 62098 79 110562
627 59733 60674 125 103802
628 60058 61090 8 5004
629 60082 61056 65 48772
630 60172 60465 78 20113
631 60196 71577 58 677067
632 60214 64222 11 25934
633 60217 72736 12 35528
634 60392 68507 126 512941
635 60598 65761 102 480540
636 60658 62077 53 122502
637 60786 64874 88 176175
638 61005 66584 138 330757
639 61014 62147 57 37508
640 61035 61427 148 27038
641 61097 65375 7 16428
642 61145 70446 28 35925
643 61174 67941 45 348465
644 61210 61768 12 2736
645 61303 66017 24 35252
646 61371 64244 36 62533
647 61416 63276 43 115087
648 61682 66296 53 185478
649 61916 67857 14 28203
650 61922 63939 13 18545
651 62021 65918 42 81932
652 62028 62890 5 3174
653 62102 63640 37 17358
654 62111 62189 84 2201
655 62153 75513 26 125954
656 62211 62387 97 9742
657 62270 67568 149 277860
658 62358 65008 67 37095
659 62504 64013 32 5406
660 62626 64636 55 54406
661 62768 69571 149 544083
662 62925 76132 97 419347
663 62931 63142 53 9801
664 62956 65952 48 67118
665 62960 63132 115 8343
666 63111 63179 41 863
667 63198 70977 140 349626
668 63236 68801 5 22152
669 63356 65165 43 40484
670 63408 64507 50 43647
671 63428 72364 117 862860
672 63433 70042 131 696193
673 63446 66223 23 9414
674 63568 67585 5 5992
675 63761 64108 22 10105
676 63764 69432 45 78946
677 63836 63894 34 1025
678 63893 64911 43 35000
679 64059 68881 127 370613
680 64338 64778 60 10605
681 64510 75886 71 741253
682 64566 65213 109 23793
683 64586 65061 39 19668
684 64776 68193 133 379071
685 64814 75612 21 268875
686 65033 66173 118 97143
687 65064 67143 20 23570
688 65097 65977 35 47528
689 65180 72124 100 180579
690 65200 66665 58 16845
691 65374 66164 99 29809
692 65472 70207 31 210439
693 65523 71169 13 28131
694 65696 65820 24 1780
695 65748 71491 42 74126
696 65796 67830 39 38807
697 65888 69419 15 19006
698 66091 73741 5 11837
699 66219 66910 4 2194
700 66562 67811 45 31193
701 66573 66964 132 13041
702 66580 70489 16 18040
703 67002 69184 13 22609
704 67172 67816 80 64048
705 67666 72137 31 64532
706 67676 78588 19 145882
707 68004 68257 138 11259
708 68026 68718 52 20825
709 68224 72158 142 480923
710 68302 72642 97 148111
711 68324 76351 56 226992
712 68334 71321 28 33349
713 68416 74881 82 345057
714 68446 68748 84 6460
715 68448 71886 147 246671
716 68605 76897 8 19118
717 68875 70435 130 114610
718 69306 70270 125 106619
719 69353 71831 58 72819
720 69356 70014 68 31222
721 69360 71554 105 141161
722 69406 69441 54 1616
723 69420 70136 49 23089
724 69496 70782 85 34188
725 69594 70393 137 19932
726 69799 70325 120 53159
727 70115 70355 10 1651
728 70327 70715 118 31077
729 70394 73824 50 129404
730 70406 80791 46 183367
731 70555 76752 10 23225
732 70648 71358 44 18298
733 70840 73882 48 36267
734 70942 75147 6 5286
735 71224 74284 55 146885
736 71258 74116 34 67843
737 71372 72797 67 45625
738 71480 72557 68 26573
739 71650 71740 59 3573
740 71972 73769 20 12606
741 72077 72768 57 13237
742 72146 72444 16 1128
743 72186 74263 9 8648
744 72188 72502 65 6578
745 72332 75419 13 26433
746 72427 78027 11 33002
747 72443 87920 109 397839
748 72580 74756 82 88051
749 72698 73252 95 15947
750 72717 80589 125 284949
751 72725 84690 29 180559
752 72726 74926 23 50497
753 72824 74355 77 92212
754 72852 77243 48 46407
755 73036 73858 78 21379
756 73274 77152 16 14912
757 73291 80316 66 154087
758 73359 78348 28 26720
759 73663 86758 54 573811
760 73703 76088 79 131225
761 73779 83617 11 26110
762 73815 74454 20 9955
763 73926 76297 24 44962
764 74177 78964 4 12320
765 74200 90907 4 54932
766 74235 74759 10 3775
767 74240 74751 46 10135
768 74288 75437 6 2186
769 74489 78925 5 4483
770 74547 83207 21 94814
771 74643 76070 75 86192
772 74753 95704 47 326033
773 74788 83114 50 304666
774 74840 76176 63 50926
775 74906 77614 34 35727
776 74967 75859 110 75818
777 75092 79292 44 103252
778 75149 75751 60 23354
779 75208 76708 53 48470
780 75391 82227 86 399168
781 75453 86514 117 127035
782 75455 83772 13 33706
783 75460 76785 51 18039
784 75645 81651 124 371558
785 75704 85598 53 115850
786 75718 78763 15 18839
787 75903 77826 5 3534
788 75930 80857 28 40468
789 75944 89439 79 817849
790 75994 83957 7 21883
791 76138 94717 136 1475585
792 76265 77369 16 2709
793 76338 82848 70 367285
794 76514 79998 7 12254
795 76591 83033 69 95904
796 76596 79226 42 86980
797 76624 84687 13 18100
798 76716 93349 45 113520
799 76731 77143 43 8375
800 76891 77263 33 13858
801 77042 90802 43 798270
802 77079 77576 25 5107
803 77183 83474 80 390666
804 77235 82809 28 44161
805 77443 90090 11 78987
806 77457 79717 30 21527
807 77963 78461 6 3234
808 78075 79374 139 99371
809 78129 93313 16 109226
810 78278 88763 121 472478
811 78293 82268 24 17044
812 78297 83763 30 33635
813 78362 87576 92 541547
814 78416 78999 37 15810
815 78466 87734 40 66681
816 78500 81348 92 33324
817 78519 82176 15 28343
818 78576 79322 26 11587
819 78628 79065 29 8432
820 78682 83062 23 29707
821 78683 82732 59 93132
822 78722 98082 9 84141
823 78770 82224 105 365094
824 78789 78993 33 4793
825 78819 86970 21 49665
826 78897 83331 69 102412
827 78941 87994 13 45368
828 79043 79863 146 55155
829 79101 80781 97 54932
830 79142 80670 8 3769
831 79220 80185 53 38399
832 79294 80567 18 15436
833 79300 80551 8 3282
834 79511 80044 49 20104
835 79528 81466 124 106298
836 79571 92524 48 249587
837 79577 80946 107 57943
838 79901 88399 55 302153
839 79912 81973 57 58028
840 79917 83400 149 46778
841 80074 95655 5 82318
842 80081 81028 96 27388
843 80284 85064 68 439038
844 80407 89548 89 125329
845 80574 81424 132 63800
846 80609 88752 85 351623
847 80725 82929 37 22318
848 80760 87809 10 6995
849 80779 86208 46 131793
850 80936 82577 13 3168
851 81119 98869 76 266932
852 81127 85567 5 5560
853 81142 90292 148 759583
854 81329 81350 5 120
855 81341 85051 143 481134
856 81363 87074 101 113341
857 81365 83359 107 56138
858 81708 84055 92 325048
859 81718 81915 13 1583
860 81774 84408 11 7855
861 81810 82247 83 31550
862 81849 82856 22 10311
863 82277 92929 8 50814
864 82301 88815 114 84663
865 82313 86458 36 40703
866 82361 89357 126 563992
867 82444 83254 120 85705
868 82468 84170 41 91106
869 82495 84215 58 73078
870 82660 84341 124 136766
871 82742 84529 26 11618
872 82823 83355 150 54217
873 82829 89676 124 408658
874 82838 88675 36 83704
875 82998 84576 63 37413
876 83212 84205 103 43081
877 83250 86592 109 148328
878 83285 92293 33 173985
879 83481 85479 112 56940
880 83614 84808 29 11794
881 83859 92173 17 66940
882 84063 89335 80 64526
883 84129 84432 22 6322
884 84179 89449 105 276293
885 84262 96276 40 192726
886 84428 85561 50 38292
887 84442 84751 55 5438
888 84461 94876 124 1070602
889 84492 85442 8 2743
890 84661 91172 12 10733
891 84905 90127 144 470816
892 84921 85396 36 4087
893 84955 91884 40 65213
894 84984 87105 126 159932
895 85026 91134 5 14672
896 85249 95018 37 184388
897 85309 86311 12 4765
898 85373 91089 13 69073
899 85418 87103 96 82705
900 85462 89594 117 248459
901 85502 86429 51 24863
902 85536 86382 8 940
903 85548 87439 27 13321
904 85612 85966 82 22040
905 85717 99314 51 243633
906 85733 88373 10 8863
907 85760 93107 135 171628
908 86019 96339 25 54272
909 86073 86640 56 23453
910 86244 87188 56 31935
911 86254 92493 146 152827
912 86300 86655 96 42326
913 86516 96296 9 29170
914 86529 88986 39 45216
915 86531 87772 73 59407
916 86682 87799 144 54903
917 86704 90679 25 39697
918 86857 89124 22 42305
919 86878 89988 96 99320
920 86960 88823 4 4279
921 87048 88159 36 6455
922 87217 90511 59 256104
923 87351 87610 15 815
924 87359 97541 140 360183
925 87449 90070 7 16926
926 87589 89279 56 37413
927 87649 92397 135 180293
928 87676 94621 53 138183
929 87741 94217 31 65737
930 87810 94368 16 27007
931 87902 95865 113 319616
932 88084 91321 45 126060
933 88237 89383 70 77414
934 88266 89133 77 40816
935 88383 96466 36 47802
936 88398 89789 113 91495
937 88422 98191 94 299512
938 88440 89684 15 19029
939 88452 89118 74 26167
940 88610 90170 112 92611
941 88614 94455 20 17139
942 89021 90358 21 28307
943 89046 92138 97 81204
944 89071 91719 89 99003
945 89089 90576 9 11402
946 89093 90221 39 34857
947 89201 90911 40 13862
948 89297 97737 142 245889
949 89440 89980 49 16859
950 89469 90173 44 33562
951 89589 90496 58 25532
952 89739 92400 126 140001
953 90400 92818 5 4754
954 90430 91551 39 41154
955 90712 95818 69 162959
956 90917 93122 108 94729
957 91065 97608 111 263896
958 91347 91961 116 68025
959 91386 97966 23 188523
960 91413 92850 130 78522
961 91703 93991 59 96079
962 91710 94806 18 29938
963 91726 92273 138 55322
964 91729 93750 74 41321
965 92201 92345 96 10473
966 92775 93199 120 39359
967 92816 97460 139 620381
968 93038 96115 70 140131
969 93301 93569 62 11242
970 93324 94533 14 23824
971 93481 95676 56 55318
972 93513 95765 53 73975
973 93717 99529 36 171898
974 93842 99216 115 283814
975 93960 95535 86 36313
976 94067 94648 54 24776
977 94236 99967 59 247945
978 94498 96796 17 22101
979 94698 97749 17 70426
980 95029 97996 53 28715
981 95436 98030 24 32100
982 95724 96491 74 54928
983 95877 95973 13 766
984 95941 97163 7 4823
985 96108 97731 10 7650
986 96135 97331 60 28348
987 96439 98036 10 7911
988 96518 98297 8 4734
989 96609 96665 4 203
990 96639 99108 55 80797
991 96866 99458 42 76803
992 97066 99117 83 85236
993 97118 98837 56 25395
994 97680 98892 10 8606
995 97915 99542 20 15949
996 98018 98444 101 17441
997 99172 99348 52 2910
998 99319 99974 7 1598
999 99739 99851 50 3993
