50 1000 0.003
..................................................
...............................................#..
...............................................#..
..............................................##..
...............................................##.
..............................................####
.....................................#........####
.............#.......................###.........#
............###......................#####.......#
............##......................##.#..........
......................................##..........
..................................................
..................................................
..................................................
..................................................
..........................................##......
.........................................##.......
.......................................#####......
.....................................###.##.......
...................................#######........
......................................##..........
......................................##..........
..................................................
..................................................
..................................................
..................................................
..................................................
..................................................
..............#...................................
.............##...................................
..............##..................................
.............##.##................................
............#######...............................
.............#.##.................................
..............##..................................
..............##.................#..#.............
.......#.........................##.##............
....######.......................####.............
....######.........................##.............
.....#.#.##.........................##............
..................................###.............
.....#..#.......................#####.............
.....#####.....................###................
...###.####.................###...................
...#####...................####...................
...#.#....................#####...................
...#.##.................###..###..................
........................####..##..................
...............................##.................
..................................................
0 76 11810 130 238608
1 417 1764 14 4576
2 493 2448 32 22913
3 715 2162 12 4407
4 719 832 39 1395
5 836 3726 105 120151
6 882 6166 145 233366
7 902 2691 15 9773
8 931 3246 11 14018
9 1035 5536 20 40029
10 1046 3956 11 5047
11 1429 2074 27 7007
12 1470 2833 87 50992
13 1538 7517 9 10692
14 1549 5043 59 348592
15 1568 2085 98 32854
16 1742 4055 14 13214
17 1849 2213 13 908
18 2015 11167 10 45273
19 2125 9910 71 80919
20 2187 4761 53 76872
21 2493 4093 17 10378
22 2755 3005 9 1508
23 2759 3297 7 2109
24 2868 11180 27 36253
25 2895 5199 37 74281
26 2951 4084 56 99831
27 2960 4846 72 133786
28 3142 3864 95 58179
29 3153 3881 40 17381
30 3160 6881 87 167834
31 3279 3671 63 19363
32 3281 7880 46 28866
33 3312 4258 34 13926
34 3449 5907 108 83460
35 3452 9956 105 602248
36 3615 9192 85 304947
37 3742 9916 7 5366
38 3767 8463 48 147262
39 3837 8283 18 56919
40 4024 4709 149 65925
41 4171 4442 42 5141
42 4233 6710 110 128990
43 4257 4787 42 19052
44 4463 10241 32 83338
45 4464 4532 18 820
46 4608 5650 39 8176
47 4766 8950 5 13860
48 4979 18197 18 45930
49 4986 11770 12 28261
50 5062 5140 7 304
51 5167 5394 82 5121
52 5261 8264 82 137229
53 5420 20665 101 1039146
54 5554 5571 23 398
55 5788 7150 18 12545
56 5794 12509 36 51368
57 6030 6568 18 7708
58 6161 9845 93 188460
59 6333 7161 75 14695
60 6420 7237 19 6644
61 6436 7223 6 3077
62 6473 8672 105 91611
63 6491 9888 34 24619
64 6521 8948 121 130264
65 6690 12687 50 73597
66 6768 8427 29 24354
67 6835 14342 17 225341
68 6880 10980 132 190431
69 6932 8357 101 74253
70 6991 8845 106 30353
71 7173 10473 40 58140
72 7184 7567 113 126622
73 7242 16998 128 667842
74 7288 9946 77 117376
75 7535 9246 28 7926
76 7768 9526 52 24508
77 7800 8387 111 80041
78 7814 9349 20 9957
79 7869 12552 10 12058
80 8465 15996 75 318385
81 8722 21232 44 244151
82 8749 12241 5 4848
83 8862 9829 126 81912
84 8994 16536 55 51701
85 9081 18394 47 244699
86 9200 12183 101 163398
87 9223 10069 107 74263
88 9260 10206 29 12906
89 9604 10363 25 24790
90 9734 14400 13 34195
91 9795 12550 99 99324
92 9819 11731 84 27139
93 10027 12314 62 101267
94 10102 11886 49 37911
95 10156 12975 115 115190
96 10184 14111 36 36565
97 10361 11176 31 20985
98 10657 15893 31 81326
99 10669 14734 16 35635
100 10754 11480 126 22614
101 10933 11744 72 37334
102 10996 11638 32 21752
103 11115 11270 63 11493
104 11139 11482 122 59249
105 11211 13916 135 132218
106 11365 18416 81 78660
107 11462 12258 47 9646
108 11649 13754 29 36574
109 11774 14952 7 11763
110 11783 15087 16 12965
111 12004 14305 44 83794
112 12137 14903 73 39631
113 12256 14118 10 18476
114 12558 12582 95 786
115 12751 14229 77 29528
116 12875 14234 19 17215
117 12876 15848 39 111882
118 13164 23591 22 118920
119 13199 13361 89 6547
120 13216 15224 19 32680
121 13232 17321 65 228850
122 13234 17956 14 34725
123 13246 14028 29 15627
124 13360 18318 25 46393
125 13458 18248 47 61372
126 13709 16915 11 14505
127 13777 14873 121 98376
128 13809 20815 50 41386
129 13833 18207 110 145626
130 13950 16373 52 52091
131 14207 14839 12 5052
132 14324 15170 76 49948
133 14419 22728 95 357955
134 14429 16926 33 22097
135 14703 17497 10 7022
136 14784 15089 42 10960
137 14809 16408 103 59033
138 14859 15834 4 1599
139 14863 21509 25 126253
140 14870 18546 7 6641
141 14998 19575 69 199668
142 15471 30246 95 457449
143 15488 16150 101 31851
144 15493 15607 22 1388
145 15503 22761 10 35464
146 15521 15536 19 135
147 15540 20579 67 127615
148 15681 19218 82 139946
149 15736 23164 51 163673
150 15809 19779 141 154762
151 16031 16968 32 17233
152 16104 20712 27 25229
153 16239 21416 127 670458
154 16241 28937 133 851311
155 16275 17878 40 9342
156 16289 16367 76 2368
157 16309 17848 109 122167
158 16334 23639 80 480058
159 16487 20135 34 66496
160 16533 17674 7 1856
161 16737 17668 11 10853
162 16799 17223 74 10627
163 16839 20446 32 35544
164 16888 21611 138 225773
165 16921 24586 101 631884
166 16950 19682 56 92445
167 17121 19502 93 32456
168 17174 23987 51 255443
169 17421 22715 23 88110
170 17428 24947 8 51537
171 17464 24571 34 49748
172 17503 21855 37 26334
173 17588 25673 142 655924
174 17751 20629 41 47486
175 17779 18648 64 19335
176 17785 20128 101 154531
177 17901 25312 50 181117
178 18033 20725 6 6709
179 18226 20529 135 128558
180 18249 18263 7 177
181 18273 18578 144 25379
182 18289 27912 108 219979
183 18305 26196 65 175289
184 18538 23041 5 17669
185 18543 20168 31 20840
186 18678 19508 19 2833
187 18879 19976 43 12492
188 18918 19949 40 38754
189 18976 26719 43 68020
190 19037 21004 23 18789
191 19143 21693 109 45758
192 19194 20017 13 6748
193 19550 19968 83 20682
194 19777 25726 62 140152
195 19897 20517 34 6307
196 20065 20366 61 15856
197 20090 27617 38 128725
198 20181 23894 74 35402
199 20199 21486 74 26647
200 20392 23263 29 61816
201 20938 24020 11 21031
202 21013 25420 31 52601
203 21062 24415 103 142445
204 21306 30972 58 279487
205 21311 25918 99 577172
206 21312 24046 76 85741
207 21425 22287 49 19380
208 21444 29786 109 476509
209 21584 23515 54 82012
210 21652 24435 133 222519
211 21694 21962 135 17179
212 21893 28346 72 361182
213 22048 23657 146 258756
214 22356 27124 148 652170
215 22445 26299 47 38483
216 22450 25888 144 165772
217 22517 24076 90 62994
218 22632 22874 77 9044
219 22717 25736 118 260205
220 22783 24184 12 5506
221 22792 25017 114 135654
222 22870 28441 11 22828
223 22913 23230 15 1229
224 23173 25506 30 33842
225 23327 27414 18 33905
226 23363 24110 77 25568
227 23396 29197 36 117430
228 23492 24729 43 31267
229 23700 25651 31 22042
230 23996 27340 15 16964
231 24017 25138 119 97112
232 24105 43517 27 271303
233 24179 33624 13 74963
234 24550 31379 23 65693
235 24645 25678 74 42831
236 24758 25749 143 88691
237 24759 42929 92 597666
238 24808 28216 84 366722
239 24999 33604 81 485862
240 25085 26999 107 323462
241 25169 26346 93 75268
242 25204 25208 45 196
243 25433 27941 12 40584
244 25533 29169 144 529467
245 25563 27206 15 8799
246 25585 25698 72 5260
247 25632 31917 17 36697
248 25739 26316 63 14623
249 25874 27321 49 18365
250 25899 26199 25 4085
251 25927 26013 78 3405
252 25932 31853 30 38345
253 26006 26137 75 9261
254 26215 28773 39 38992
255 26292 27388 89 118517
256 26397 26710 47 6236
257 26489 27000 22 6786
258 26700 32648 27 118528
259 26819 32765 10 36611
260 26950 33249 60 112644
261 27008 27853 81 53934
262 27143 31968 21 152926
263 27311 28281 42 36856
264 27540 33099 30 118354
265 27650 29332 104 124742
266 27651 30909 10 15424
267 27742 30120 22 10349
268 27805 37042 80 216896
269 27945 29584 32 13026
270 28283 30928 106 151379
271 28381 41341 6 16780
272 28459 30900 79 60839
273 28546 28982 142 23799
274 28707 35000 70 182278
275 28832 29873 85 117487
276 28874 31714 83 345667
277 29045 29725 7 10055
278 29058 39414 62 391488
279 29229 30641 17 8655
280 29336 29714 7 1680
281 29353 29373 136 1114
282 29370 29990 113 23965
283 29589 41417 16 122480
284 29677 34186 58 85282
285 29820 33394 8 7487
286 29938 33053 92 59163
287 29984 30933 99 32191
288 30315 35083 107 355389
289 30564 31847 119 117960
290 30578 35965 62 165310
291 30580 30849 53 5487
292 30595 44188 110 748079
293 30667 32103 8 26696
294 30672 32001 111 55332
295 30730 39356 9 32177
296 30763 38926 44 96087
297 30870 32457 131 65300
298 30978 31633 17 7183
299 30991 34013 30 116114
300 30999 32061 63 39488
301 31026 35925 38 117498
302 31415 35896 6 18714
303 31425 34986 97 140810
304 31733 34063 51 72670
305 31794 32654 38 19588
306 31842 37847 24 94031
307 31957 45509 114 649677
308 32030 32733 9 3174
309 32046 34418 8 5524
310 32079 34076 6 6351
311 32143 33007 16 3926
312 32239 33948 15 5686
313 32242 40379 31 86610
314 32262 34059 95 94431
315 32387 35802 61 65780
316 32395 32969 12 2157
317 32470 32670 24 5237
318 32506 36428 94 203888
319 32557 40631 128 552818
320 32786 37248 90 177941
321 32830 35225 20 22744
322 32863 38746 20 80848
323 32882 33542 104 18658
324 33165 33947 10 4979
325 33408 37004 118 111686
326 33419 37502 64 135997
327 33428 34423 10 11829
328 33549 36452 39 90575
329 33625 37936 90 405640
330 33802 35731 22 17465
331 34080 34567 40 17704
332 34244 38178 117 596093
333 34336 36046 32 24802
334 34347 36919 29 5430
335 34408 35929 25 27788
336 34675 36183 97 41707
337 34815 35924 10 5894
338 34839 35720 32 7685
339 35016 35480 23 3992
340 35057 36211 84 95500
341 35092 41633 114 555524
342 35151 35758 80 10064
343 35497 39481 105 339068
344 35555 46147 57 338408
345 35680 38772 141 109194
346 35697 40383 17 40049
347 35725 41085 106 215681
348 35823 37788 4 5747
349 35843 37543 103 141039
350 35922 44593 48 304762
351 36002 38775 5 5176
352 36083 36708 31 6752
353 36101 45112 6 20368
354 36135 44048 125 422889
355 36193 40015 9 12254
356 36255 38839 7 10001
357 36348 36895 20 10268
358 36401 40376 116 279245
359 36413 37664 121 116982
360 36442 38070 76 40499
361 36619 37441 101 64542
362 36631 38668 98 222232
363 36693 40780 20 30553
364 36696 57743 24 205872
365 36837 38069 23 19763
366 36848 38320 10 14350
367 36874 43512 36 91972
368 36924 40956 6 9914
369 37008 39253 147 65880
370 37009 39519 53 42483
371 37062 47475 21 179508
372 37401 37932 133 29624
373 37545 37744 118 12529
374 37595 38576 105 84940
375 37621 39802 36 13263
376 37814 41065 5 4567
377 37956 41615 60 127782
378 38057 38652 92 35118
379 38103 44904 59 448494
380 38332 38897 23 10412
381 38475 39167 5 7978
382 38503 39535 14 7078
383 38512 47797 85 351617
384 38525 40068 86 55247
385 38530 39006 34 4760
386 38599 42420 55 33391
387 39013 40605 9 6697
388 39040 45146 52 223433
389 39248 43646 106 299278
390 39346 42354 20 21384
391 39419 41716 86 77672
392 39459 52759 86 267391
393 39664 40721 11 11558
394 39700 40890 127 49010
395 39845 40531 43 8937
396 39896 42988 6 2291
397 39989 47532 66 167534
398 40050 42863 27 38919
399 40137 40624 130 24128
400 40148 50493 65 297327
401 40225 45297 67 251703
402 40267 45244 80 200306
403 40286 43342 10 19230
404 40461 47707 146 389125
405 40509 43384 26 40499
406 40740 49276 120 503363
407 40840 41245 57 9776
408 40895 56031 5 36546
409 41218 44694 36 82336
410 41432 42359 21 11385
411 41491 45754 36 97475
412 41577 42867 34 10901
413 41603 48041 46 63090
414 41700 50815 4 23110
415 41712 46264 24 26255
416 41787 42331 114 98643
417 41869 44485 5 1850
418 41918 42998 8 2268
419 41964 47990 41 104042
420 41991 44215 116 149233
421 42093 47733 120 292547
422 42253 47016 14 33894
423 42585 44343 20 49820
424 42653 47875 35 82660
425 42668 51747 102 408920
426 42736 43044 9 713
427 42951 45795 15 11688
428 43022 43146 117 5409
429 43113 43878 75 27112
430 43172 44724 144 80433
431 43289 43530 135 19190
432 43290 47416 7 8117
433 43330 50256 142 461121
434 43400 47168 25 34085
435 43438 43951 20 3806
436 43559 58474 13 66138
437 43976 46641 25 24533
438 44068 46098 18 17177
439 44099 46807 5 4343
440 44156 45846 117 48054
441 44161 54748 6 30339
442 44254 55368 85 197028
443 44327 45363 115 36290
444 44442 46448 126 231413
445 44627 46814 113 234220
446 44690 49601 136 390749
447 44764 45455 105 25087
448 44795 45539 19 6994
449 44829 45439 26 16352
450 44940 47391 115 98685
451 44955 47341 134 56556
452 44991 48308 29 64659
453 45004 51999 14 17579
454 45100 49525 130 186456
455 45151 45289 36 5393
456 45312 47856 77 66177
457 45331 48373 5 12873
458 45462 45526 15 1280
459 45585 50223 10 27512
460 45587 46189 127 46215
461 45605 46901 111 51806
462 45610 51032 5 24911
463 45728 48168 82 23127
464 45851 46893 92 64025
465 45966 52101 30 50295
466 46010 50305 119 146569
467 46025 52985 8 13587
468 46030 48760 47 69539
469 46059 53938 101 198777
470 46128 46299 21 1355
471 46154 46379 8 1063
472 46167 48672 32 15633
473 46172 48037 109 48362
474 46449 49404 85 39107
475 46513 50904 24 110279
476 46791 52014 102 210475
477 46828 50948 90 326137
478 46909 56674 11 45218
479 46967 50345 41 54347
480 47027 49324 74 103046
481 47102 47565 10 3057
482 47479 48700 6 4134
483 47554 53758 5 9879
484 47561 47725 64 6818
485 47572 49447 68 51387
486 47633 51755 40 141689
487 47643 49209 128 93003
488 48024 49121 52 21825
489 48352 51165 45 180651
490 48409 49314 55 15321
491 48418 62186 19 63068
492 48545 51176 31 31676
493 48674 49043 136 70349
494 48789 50209 63 36122
495 48819 54719 68 212582
496 48832 50023 28 13832
497 49245 50066 23 8450
498 49516 50424 70 37423
499 49529 51664 32 16396
500 49541 49571 132 1640
501 49585 56436 64 72061
502 49989 50243 18 2646
503 50088 51147 74 42289
504 50110 50961 29 5449
505 50246 58162 131 164100
506 50254 52292 102 101824
507 50315 51688 8 9243
508 50328 52664 12 20497
509 50558 52763 82 70139
510 50629 57938 51 805942
511 51054 55770 24 39704
512 51133 56752 27 107967
513 51339 56344 31 65250
514 51445 59057 85 171066
515 51650 53424 32 23480
516 51876 51949 28 1724
517 51896 55078 12 7355
518 52144 53054 8 2544
519 52180 52873 98 26056
520 52240 54641 73 159599
521 52273 53775 44 25119
522 52752 58377 29 137343
523 52972 54335 59 48727
524 53045 56451 13 19524
525 53060 54276 10 3102
526 53197 53714 135 37931
527 53348 57469 109 195354
528 53700 55534 51 65515
529 53791 58166 81 229903
530 53875 54035 46 991
531 54025 56681 32 15514
532 54224 62490 96 286412
533 54226 57890 5 24342
534 54296 61812 39 151025
535 54450 56376 61 118577
536 54471 56382 127 72158
537 54533 54606 92 3858
538 54622 58805 137 269011
539 54697 59719 4 13341
540 54768 58059 57 78793
541 54801 73476 25 259066
542 54844 57721 5 17408
543 54855 55205 90 58865
544 54918 56819 63 61242
545 54947 55722 7 1591
546 54968 55839 28 12954
547 55067 57761 27 16254
548 55206 56314 20 6521
549 55289 56742 11 10933
550 55380 57465 46 53432
551 55639 56641 9 6835
552 55684 57298 19 12064
553 55804 57363 91 107127
554 55811 65178 117 400501
555 56039 67364 5 21092
556 56093 56144 55 1478
557 56166 63016 107 354840
558 56185 56841 28 10064
559 56272 61429 8 13774
560 56337 59540 87 82336
561 56408 57200 105 60577
562 56409 63175 27 26109
563 56418 56893 128 33655
564 56572 64588 116 217904
565 56643 57723 12 2980
566 57081 59524 69 123114
567 57107 59604 26 35659
568 57221 57918 129 90318
569 57435 65041 16 62657
570 57684 59116 97 92805
571 57834 62163 32 45193
572 57837 59570 34 6779
573 57852 60319 15 63026
574 57937 61837 9 7971
575 58055 61731 9 23445
576 58135 67782 14 50742
577 58220 58429 7 631
578 58368 60930 6 8243
579 58428 61957 148 244000
580 59009 59879 49 31078
581 59103 60492 132 268686
582 59178 68843 5 49231
583 59325 65444 30 68096
584 59374 61030 76 71569
585 59393 59906 123 52657
586 59451 60159 71 41163
587 59533 65573 59 175985
588 59598 62139 79 111375
589 59636 61397 59 57480
590 60014 62610 77 90408
591 60040 60157 124 10463
592 60192 65532 45 178765
593 60196 64245 14 32220
594 60264 63508 34 22681
595 60274 67311 20 71502
596 60417 62817 38 27922
597 60511 62563 105 74569
598 60515 60953 74 12728
599 60701 62042 24 8929
600 60717 83183 17 134113
601 60855 75405 104 760407
602 60890 63765 6 3297
603 61329 67253 115 356806
604 61356 66081 127 204420
605 61358 62385 4 1321
606 61626 63307 128 72560
607 61635 62578 92 53117
608 61764 67542 106 361115
609 61890 67031 45 70688
610 61919 62507 64 38208
611 61963 63758 18 8288
612 62185 62340 26 2706
613 62216 65232 81 140625
614 62377 62887 115 40870
615 62445 66241 7 15815
616 62689 63370 55 21775
617 62712 65677 23 24431
618 62734 63644 58 18014
619 62957 68540 149 197144
620 62995 64949 35 63677
621 63095 64476 104 91480
622 63110 68206 88 293565
623 63160 67991 33 84738
624 63169 63373 20 922
625 63271 73369 72 802406
626 63306 64365 147 34363
627 63315 68247 90 190099
628 63345 68616 70 326181
629 63488 66898 106 197440
630 63591 70391 123 371173
631 63678 65641 140 546327
632 63803 66194 68 61017
633 63915 67242 89 155188
634 63927 70176 117 622611
635 64005 71200 85 236838
636 64102 68686 22 63882
637 64305 64721 5 2185
638 64437 64594 14 4038
639 64537 70513 57 31497
640 64615 69219 8 49216
641 64705 65473 11 6333
642 64763 65389 15 3567
643 64792 67280 52 136461
644 64959 66870 107 146803
645 64962 66494 132 21081
646 64987 69932 21 52317
647 65069 77167 18 69728
648 65076 67452 24 17301
649 65204 67601 48 24649
650 65285 65762 118 13259
651 65328 72503 13 37675
652 65374 69574 6 5997
653 65560 67462 26 38051
654 65594 73111 45 170997
655 65867 67986 10 23071
656 65952 66953 55 14242
657 66298 71232 37 59285
658 66313 66693 15 2311
659 66314 69605 8 19197
660 66369 74365 8 7201
661 66383 82819 24 60895
662 66421 67961 39 17456
663 66597 76748 142 972109
664 66599 87868 142 813841
665 66668 67592 8 2898
666 66718 70254 8 14214
667 66888 68567 39 25907
668 66912 69288 7 7191
669 67040 70037 37 88625
670 67094 71213 10 13082
671 67115 69164 99 92878
672 67152 68090 19 8883
673 67434 68533 9 7932
674 67655 68204 20 7871
675 67657 79525 9 20899
676 67715 69463 23 14819
677 67775 72220 131 258227
678 67910 68483 107 23540
679 67960 72812 53 192032
680 68132 68382 52 6253
681 68148 68802 13 8487
682 68176 70797 70 68737
683 68213 68469 15 1708
684 68393 69757 69 57267
685 68693 68766 11 656
686 68941 70292 64 13766
687 69138 71328 56 31723
688 69280 70633 42 30691
689 69491 72341 26 32285
690 69565 79081 40 159022
691 69569 69638 101 6329
692 69617 74230 66 110545
693 69731 72487 125 76059
694 69866 72967 33 48978
695 70075 71734 117 35938
696 70081 77640 63 115471
697 70257 71978 47 63970
698 70431 71177 97 14316
699 70519 92354 17 218417
700 70549 79610 114 454156
701 70795 72177 33 50679
702 70910 71333 6 1319
703 70998 72334 34 28201
704 71144 71580 15 9115
705 71154 72909 5 2809
706 71486 76230 13 15475
707 71641 74527 7 8866
708 72168 73392 20 15275
709 72231 72980 4 1254
710 72307 73818 83 74380
711 72427 79449 30 73113
712 72486 75947 63 186917
713 72523 74071 85 57037
714 72563 77413 109 932567
715 72807 73221 71 53421
716 72867 73309 51 9347
717 73024 77092 6 10468
718 73035 73572 144 24096
719 73115 91243 94 354949
720 73176 75433 35 83145
721 73308 73686 24 3091
722 73319 73394 54 7204
723 73336 73430 81 5305
724 73660 88328 8 29122
725 73759 74461 100 104924
726 73810 74215 112 14538
727 73852 77622 46 49285
728 73917 74758 147 77203
729 74044 74516 8 1361
730 74091 76557 4 2424
731 74106 78367 123 239362
732 74187 75261 78 45297
733 74213 77968 15 28044
734 74502 75555 70 85129
735 74515 83929 129 256140
736 74631 79072 64 196787
737 74680 78206 6 11903
738 74687 78301 34 72306
739 74852 79683 31 35372
740 74955 86521 23 70863
741 75141 78841 87 248323
742 75175 77216 6 12443
743 75233 75400 107 11513
744 75236 81099 49 305744
745 75306 77842 53 68615
746 75432 80406 6 18478
747 75507 81830 21 65826
748 75658 75932 36 5367
749 75675 77489 22 25055
750 75681 76867 67 32594
751 75698 78621 92 67310
752 75900 81337 57 82990
753 75959 83361 118 156456
754 76013 76515 8 2773
755 76036 80249 78 287557
756 76072 76933 96 88403
757 76298 78183 8 14714
758 76303 77306 139 60047
759 76441 77007 11 5077
760 76725 76917 5 430
761 76738 77750 134 49126
762 76816 77697 38 29282
763 77158 78504 54 39861
764 77166 79930 107 96531
765 77186 81217 81 184776
766 77297 88527 122 724247
767 77302 82075 97 216888
768 77371 78843 74 56600
769 77522 77830 15 5662
770 77590 77804 90 10135
771 77600 78128 36 16214
772 77639 82317 39 43050
773 77681 78506 51 23654
774 77724 78531 38 13774
775 77743 83610 139 446923
776 77786 78047 148 17004
777 77812 87775 49 261494
778 77841 79955 92 50067
779 77843 80354 92 59715
780 77951 84042 78 119878
781 78064 79137 42 47594
782 78086 80397 20 15862
783 78095 82325 97 371073
784 78165 79832 32 36790
785 78217 87062 141 729047
786 78399 83664 16 38738
787 78443 80571 78 124142
788 78477 87437 122 627900
789 78563 85405 26 102358
790 78568 80565 73 42159
791 78584 78605 41 750
792 78633 79227 100 12672
793 78732 82173 23 52188
794 78794 81035 90 28149
795 78796 86883 10 48810
796 78912 79150 145 59805
797 78919 80396 74 70346
798 78961 81433 110 163869
799 79026 81915 5 17421
800 79177 81499 89 90567
801 79221 79856 25 17473
802 79252 82057 101 233261
803 79461 80138 79 21922
804 79473 82289 134 103742
805 79493 82578 36 134503
806 79700 80472 4 3790
807 79857 80181 27 3452
808 79861 81428 38 13462
809 79886 84015 99 241716
810 79889 80657 73 16384
811 80036 86878 64 264091
812 80042 88461 67 389300
813 80111 81838 119 55925
814 80119 80158 4 137
815 80294 80470 18 874
816 80427 84035 110 124959
817 80465 90797 14 31935
818 80497 88457 20 87042
819 80556 82623 16 24564
820 80592 87083 9 26363
821 80672 84770 123 119790
822 80724 88395 16 37801
823 80827 85883 20 35535
824 80844 81488 129 41438
825 80863 85951 59 88566
826 80902 81091 133 27882
827 80953 81328 147 18366
828 81152 87383 28 113078
829 81361 82651 14 13975
830 81653 83624 130 362086
831 81769 85870 148 405518
832 81937 87934 146 228820
833 81940 83578 73 53589
834 82117 84185 5 1583
835 82262 82726 10 1949
836 82264 84047 108 39751
837 82277 83344 59 11406
838 82349 85727 122 141192
839 82427 83675 134 152441
840 82444 88278 5 16500
841 82452 86457 49 82169
842 82506 85764 77 63829
843 82561 90323 139 334131
844 82887 88411 91 314781
845 82894 83530 87 19171
846 82967 83144 38 2366
847 83054 86434 132 137072
848 83074 85417 47 29835
849 83247 94520 102 210674
850 83304 88811 83 99735
851 83337 85030 9 2297
852 83433 85072 60 67183
853 83549 85466 14 16742
854 83558 94749 43 195000
855 83567 86792 116 130023
856 83590 83753 25 2036
857 84164 84590 88 21280
858 84395 85702 110 52049
859 84475 87196 6 8076
860 84497 85311 107 43102
861 84554 85659 6 2212
862 84563 87061 59 90338
863 84680 85302 24 11159
864 84748 89449 134 208074
865 84789 91056 4 7142
866 84808 88166 29 145336
867 84847 92337 54 93891
868 84878 85967 6 6540
869 85174 95664 117 1121042
870 85220 91390 40 92768
871 85363 88443 59 80082
872 85498 90591 18 48209
873 85649 86554 144 91411
874 85672 88500 49 187822
875 85761 87551 69 64500
876 85927 91065 138 372147
877 86002 89253 22 22508
878 86358 87294 56 17541
879 86369 87052 80 11377
880 86418 88152 108 228237
881 86712 87670 38 34311
882 86980 89851 17 10704
883 86990 87732 119 58631
884 87035 90680 15 21760
885 87218 93330 123 311810
886 87315 90234 80 106684
887 87459 88396 91 43433
888 87477 88369 7 1752
889 87505 91458 48 88558
890 87514 89436 8 5308
891 87608 89702 25 20828
892 87619 90673 80 286013
893 87672 88999 16 16221
894 87720 92082 135 350273
895 87809 90637 135 105433
896 87828 88665 57 40451
897 87916 89347 48 33671
898 87996 91503 10 8431
899 88466 90447 10 8731
900 88473 93111 29 62777
901 88531 95895 7 32847
902 88724 98507 19 65835
903 88758 89681 29 10994
904 88911 92679 8 8348
905 88956 91271 140 258046
906 89036 89047 72 752
907 89270 94408 28 126196
908 89276 93613 53 137948
909 89315 98883 135 1243264
910 89325 93635 25 146084
911 89358 92168 120 184448
912 89476 98886 5 14784
913 89661 97938 114 391005
914 89676 89835 25 3533
915 89692 94430 18 40309
916 89755 89772 17 119
917 89936 95069 53 59908
918 90092 90341 145 15999
919 90122 95083 69 189198
920 90165 95006 91 416868
921 90400 93878 5 10384
922 90567 95536 117 534664
923 90657 90889 86 8762
924 90771 94648 35 29526
925 90942 92971 118 238181
926 91127 91634 99 48393
927 91147 92588 129 261246
928 91248 94021 143 335288
929 91403 92682 78 41940
930 91404 94252 59 67546
931 91421 96859 84 127204
932 91437 93133 28 38471
933 91448 92939 122 87490
934 91544 93751 59 46238
935 91567 93206 5 4626
936 91668 92534 28 13332
937 91675 92027 88 8297
938 91736 96554 30 226774
939 91839 99816 10 110733
940 91908 94534 139 278733
941 91944 92341 125 11736
942 91949 97831 8 57977
943 91978 94852 64 68692
944 92167 94882 9 16300
945 92237 92470 102 22414
946 92331 93918 39 34556
947 92396 93199 5 1498
948 92553 93762 57 62406
949 92629 93265 14 8295
950 92798 93293 53 5014
951 92858 99563 65 229308
952 92863 93672 108 21295
953 93055 95541 137 33692
954 93131 99505 16 41031
955 93460 94386 42 15985
956 93501 95594 147 184410
957 93608 93850 35 4389
958 93752 94006 33 4434
959 93812 94367 120 36310
960 93833 95255 14 3134
961 93908 98178 100 103280
962 94372 95031 95 94467
963 94836 96500 127 116737
964 94868 96152 28 13227
965 94997 97213 145 129183
966 95121 95178 122 4601
967 95134 96597 138 68242
968 95388 95993 34 8876
969 95394 96165 19 6920
970 95428 98965 89 116612
971 95859 97777 77 58652
972 95931 99115 7 4159
973 96291 97986 93 82879
974 96299 98157 108 54265
975 96469 98569 7 7890
976 96619 97298 78 49920
977 96659 99045 103 56821
978 96671 99075 6 7487
979 96717 97283 72 44135
980 96811 97447 6 2640
981 97052 98773 37 48667
982 97164 98835 18 42722
983 97193 97773 22 11794
984 97288 99909 18 15307
985 97662 98550 53 19980
986 97754 99654 62 51545
987 98062 99151 121 91199
988 98079 98362 36 10369
989 98132 98382 10 3456
990 98141 99946 50 55403
991 98268 98421 76 7058
992 98378 98942 81 31500
993 98437 98509 136 6591
994 98541 99779 12 26813
995 98634 99634 135 78275
996 99193 99494 53 12089
997 99323 99814 135 27960
998 99337 99372 135 4398
999 99639 99804 14 2185
