50 1000 0.070
.......................#####..############........
.......................##......###.#######........
...........#.....................#...#.##.........
..........##...........................#....#.#...
..####.....#...............................#####..
....#......................................####...
.#..#.#.....................................##....
##..#.#.....................................###...
..#####.....................................#.###.
..######.#.....................................#..
..##..#.##........................................
.####...##...................#....................
..##...#.....................#....................
...#.........................##...................
............................##.................###
......###....................#........#.#....####.
.....####............#.......#........###.....##..
......#............####......#.........##..##.....
....###...........###.##....................##....
...#..#..............####...................##....
..##..................#####................####...
...##.................##.##..#.......#....###.#..#
..###..................#.#.###.......##.......####
#####........................##......##......####.
######...................##..#....######.....#.#..
#########................#..###...###.............
..#.##....#.............###..#.##..##........##...
..#.......#..............####...#####........#....
........###.............#.#....#####..............
.....####.............#####........#.##...###.#...
........##.............##........###..##.....##...
.........#............###.#...........#..#...##...
.......................####...........####...####.
........###............###............######..##..
..........#.......##....##..##........###.##..##..
.##.......##....#####......##...........####......
###.......#......##.#.#.................####......
####.....###......#...##................##........
.####...##.#.....#....#.................#.........
.###..####.....###....#...........................
.#.#....###......#..###..............##.....#####.
........###......#...#..............####....##..##
........#.......##.####.#...........###........###
...............####.##.###.#........###.......####
..............######.##..###.........#.........##.
...............###.#..#..####........##........#..
................##.#...###.####......#...........#
.................#......######.........#.......###
.......................####.##.......###.........#
............................#.......##.#.........#
0 60 16927 86 609389
1 87 4170 24 22027
2 275 7147 137 927254
3 434 4817 54 33543
4 437 4711 81 113633
5 754 15547 137 1219750
6 861 9757 34 130326
7 919 1624 55 20321
8 987 3436 50 35050
9 1091 3512 52 67153
10 1204 1535 48 9278
11 1323 4388 28 69830
12 1525 7840 23 49137
13 1541 1543 74 125
14 1561 11403 112 409673
15 1706 3887 127 146403
16 1765 2020 68 6734
17 1913 8185 18 166825
18 1944 3793 41 44094
19 2120 4428 23 57163
20 2257 2577 35 6627
21 2292 2805 81 39138
22 2468 4661 13 23727
23 2844 7349 43 55176
24 3088 6021 67 66879
25 3116 12377 81 369265
26 3258 3309 13 367
27 3549 3974 21 1842
28 3582 16405 131 534697
29 3611 9135 6 26501
30 3621 23874 49 706631
31 3731 14486 9 26905
32 3853 5285 114 53615
33 3877 10182 148 1308069
34 4139 7561 85 136119
35 4186 5256 32 18722
36 4266 10345 95 160768
37 4515 8279 97 227724
38 4570 6211 49 39378
39 4593 9084 56 112082
40 4710 5702 123 61392
41 4851 11233 18 59457
42 4862 6308 82 39411
43 4959 12917 14 40838
44 5034 13587 26 160734
45 5049 5650 147 21301
46 5306 6192 16 5142
47 5341 5898 77 18051
48 5573 6289 14 4741
49 5590 12759 29 77132
50 5809 6048 78 9248
51 5909 12965 99 537705
52 5933 9113 142 81628
53 6035 8807 12 19372
54 6229 8570 112 176725
55 6288 14190 7 16338
56 6297 8110 73 43560
57 6558 8373 85 131372
58 6575 7686 35 49479
59 6689 10761 9 17054
60 6733 12029 103 990840
61 6758 19217 73 812167
62 6833 16810 10 42673
63 6877 8270 6 6647
64 6969 11700 90 236375
65 7032 11477 86 297846
66 7089 20931 30 154225
67 7365 14367 80 227292
68 7458 9836 106 154008
69 7479 19473 34 120624
70 7515 18116 9 20731
71 7551 11352 95 86178
72 7573 16823 72 435375
73 7589 9981 44 25860
74 7672 14282 115 209356
75 7787 8359 141 22990
76 7794 8330 25 8443
77 7808 15132 12 37233
78 8161 8358 92 11577
79 8263 10332 128 84586
80 8342 9856 27 28556
81 8451 15702 117 1321254
82 8659 9349 63 20687
83 8784 20308 53 362523
84 9008 10085 12 7295
85 9013 10098 13 10040
86 9089 19581 120 526753
87 9281 13071 25 58019
88 9387 15307 67 91751
89 9684 10878 31 14445
90 9972 12381 35 37779
91 9999 19351 49 143412
92 10042 15816 126 269337
93 10261 20096 34 331447
94 10268 16380 114 174408
95 10490 13607 13 12021
96 10557 25832 11 43686
97 10644 15323 47 541343
98 10647 13199 109 109504
99 10843 22147 54 258791
100 10896 12659 144 38012
101 10969 11412 48 12871
102 11013 12160 127 106296
103 11155 17138 19 118573
104 11194 13546 66 117805
105 11197 16349 25 63894
106 11243 12223 81 48200
107 11312 12396 52 16237
108 11442 15450 22 18418
109 11476 15351 22 85617
110 11588 12993 130 256244
111 11778 16881 21 159947
112 12069 14931 70 62258
113 12103 41709 78 1038503
114 12126 12623 56 16043
115 12169 13283 95 38664
116 12220 18670 70 74180
117 12294 20119 90 310523
118 12368 17732 139 70850
119 12394 15908 121 159568
120 12516 13191 33 19321
121 12686 14030 24 8357
122 12702 14240 9 9770
123 13142 26491 10 65798
124 13584 21253 58 261096
125 13824 16507 78 86238
126 13892 14566 66 33803
127 13925 14157 33 3200
128 14038 15008 111 110093
129 14135 24008 16 36859
130 14220 16682 25 24489
131 14302 20982 73 124167
132 14498 22322 43 46358
133 15109 15153 147 2289
134 15117 18027 135 240888
135 15143 15692 5 2275
136 15561 16998 143 86013
137 15649 26646 31 263404
138 15716 21732 72 175245
139 15896 19138 88 210049
140 15959 20004 99 220533
141 16020 22246 113 246982
142 16166 21087 133 256220
143 16232 23109 28 194426
144 16235 17582 23 13810
145 16239 19792 41 48369
146 16267 20575 133 158619
147 16327 31067 78 412457
148 16644 17206 79 17845
149 16848 18601 15 3281
150 16935 19323 29 16927
151 17257 21032 14 36090
152 17279 25763 21 215022
153 17323 19524 7 4096
154 17348 19816 9 9381
155 17434 19283 17 13489
156 17496 18533 6 2441
157 17757 31558 110 1210183
158 17802 20839 4 5984
159 17848 18867 51 28620
160 17883 25379 104 551620
161 17891 18168 105 6519
162 17961 24581 26 39063
163 18124 21461 36 28968
164 18171 21217 104 159300
165 18191 22889 4 4951
166 18342 19974 68 39918
167 18350 18381 39 506
168 18571 18735 38 6992
169 18626 28910 138 790791
170 18731 23297 88 177274
171 18856 32284 137 829763
172 18869 21327 12 25259
173 18872 20652 126 104879
174 18887 22199 112 71622
175 18980 25692 74 263929
176 18987 19745 103 27185
177 19156 19818 44 13710
178 19176 19805 140 18032
179 19263 26701 104 65548
180 19353 21743 29 14049
181 19470 34388 18 176388
182 19493 22435 147 562612
183 19601 22228 123 242513
184 19741 22581 64 73317
185 19749 23987 143 142664
186 19844 23053 66 98251
187 19997 22362 15 20992
188 20240 20635 146 66319
189 20528 24043 19 59234
190 20541 23920 17 24027
191 20551 24888 24 13965
192 20564 31390 91 264542
193 20676 22279 83 58349
194 20690 20831 144 22852
195 20876 24408 22 15884
196 21003 30174 117 316491
197 21216 22200 89 42844
198 21291 27903 32 22060
199 21292 34351 64 120381
200 21318 24941 57 65263
201 21406 23202 47 80997
202 21416 25661 141 413930
203 21446 23433 5 6987
204 21451 24613 21 46706
205 21512 24691 11 8293
206 21532 40997 132 2038676
207 21535 33026 106 1299814
208 21586 24960 111 214294
209 21615 24518 39 127174
210 21628 24165 52 116703
211 21665 24172 74 63807
212 21711 31261 90 517660
213 21943 25137 34 60532
214 21994 22710 88 80659
215 21995 30223 132 834613
216 22059 37120 56 222449
217 22207 22351 5 710
218 22378 23522 16 18721
219 22532 26204 7 2736
220 22582 26434 86 228587
221 22589 28812 30 235500
222 22650 23368 5 1115
223 22695 25857 26 36909
224 22714 24980 6 9586
225 22945 26964 113 93972
226 23051 23362 18 1437
227 23211 23254 7 290
228 23260 32855 138 1002579
229 23365 24280 93 47499
230 23508 30176 127 268456
231 23526 36950 25 167522
232 23626 25306 29 16268
233 23653 25235 16 24477
234 23737 30442 20 86131
235 23820 29789 143 375163
236 23834 24775 52 39808
237 23860 26449 43 54426
238 24136 31945 4 10663
239 24227 26128 76 59667
240 24249 26232 22 12292
241 24350 25980 85 85985
242 24520 25716 21 33410
243 24528 26636 144 89994
244 24535 28170 60 130158
245 24625 29128 9 15123
246 24635 27967 35 27293
247 24659 27265 12 23656
248 24829 28424 27 38116
249 24840 34275 29 93693
250 24931 28458 70 48356
251 25077 30036 50 375638
252 25167 28518 133 245994
253 25200 26317 146 140053
254 25228 26106 63 14616
255 25247 28759 56 51503
256 25270 47550 38 210495
257 25280 31455 73 214597
258 25367 31990 76 219139
259 25634 27364 4 4201
260 25684 26587 14 6637
261 25741 37659 45 61147
262 25742 26505 134 72531
263 25795 33223 34 59480
264 26010 29738 14 12854
265 26083 36054 74 531591
266 26237 27483 97 20761
267 26322 30218 17 16110
268 26442 30569 35 116852
269 26645 32465 15 19640
270 26700 27235 5 1580
271 26723 29392 61 42441
272 26839 27676 23 4833
273 26851 30823 15 18032
274 26960 30887 150 412064
275 27017 28766 7 14652
276 27110 27122 135 628
277 27124 35138 14 83215
278 27144 28018 16 11929
279 27334 29773 89 55249
280 27412 34998 82 1009413
281 27482 34062 130 207158
282 27504 33617 25 47649
283 27556 32730 21 95522
284 27711 39126 99 354530
285 27742 33137 147 440285
286 27892 29839 48 37874
287 28114 33704 96 206693
288 28136 29502 24 13592
289 28274 29310 33 15338
290 28453 29266 66 31672
291 28739 42432 85 989493
292 28741 30859 12 7550
293 28751 46644 41 304313
294 28807 31426 14 9737
295 28924 33639 89 190479
296 29014 30867 68 61235
297 29027 34308 90 294615
298 29100 35292 54 261278
299 29235 30958 41 10085
300 29287 31871 21 34358
301 29291 30650 67 52431
302 29302 29742 100 18777
303 29395 30577 17 9569
304 29413 33686 116 231747
305 29563 45436 20 143977
306 29645 41861 80 325535
307 29754 33818 112 581253
308 29864 31900 47 40842
309 29892 37219 108 484701
310 30002 32441 17 11907
311 30061 30943 5 1183
312 30080 33424 7 4427
313 30273 35219 28 83261
314 30292 34173 11 24523
315 30357 34224 47 83590
316 30424 36416 4 17099
317 30486 46681 57 218810
318 30538 39811 9 29622
319 30622 31312 148 26689
320 30793 41237 62 157557
321 31011 33529 72 101281
322 31029 32672 87 76716
323 31101 33699 102 50811
324 31321 31754 69 17200
325 31347 33810 101 60714
326 31481 32085 26 8115
327 31595 36338 19 20967
328 31618 31998 32 7671
329 31822 32585 7 2689
330 31878 36247 5 11082
331 31905 37217 67 251014
332 32102 33707 143 53538
333 32115 37705 34 144918
334 32247 33270 5 4652
335 32386 38067 132 213724
336 32695 32729 22 97
337 32870 35646 26 35135
338 32892 34103 113 53848
339 33032 33189 6 344
340 33139 42377 6 10650
341 33261 37489 30 127773
342 33319 35814 25 18738
343 33345 38145 11 24872
344 33379 34652 144 83074
345 33418 36284 133 215321
346 33432 36746 99 82679
347 33471 34712 14 6347
348 33481 43283 46 233745
349 33669 35490 73 98099
350 33716 36932 85 88045
351 33796 35703 123 40834
352 33913 37405 26 34143
353 34059 40292 87 212828
354 34249 43308 12 61722
355 34406 36701 86 83055
356 34427 37859 145 230119
357 34675 37156 30 34273
358 34729 34865 11 2596
359 34833 40654 39 47052
360 34850 37675 49 45443
361 34994 40797 38 41404
362 35113 40028 67 37337
363 35115 41549 66 202847
364 35321 46811 79 114071
365 35760 38732 60 225294
366 35765 37967 146 122493
367 35781 38061 20 59768
368 35800 37904 129 55912
369 35812 38780 51 123427
370 35954 44706 15 127331
371 35965 46263 119 562538
372 36019 36307 91 16640
373 36034 40454 145 314370
374 36105 37955 11 26058
375 36125 39807 16 32664
376 36157 38727 118 193301
377 36253 43175 27 105560
378 36277 40256 118 332543
379 36514 37227 25 5887
380 36529 41379 7 16180
381 36537 38248 45 46826
382 36690 44324 76 371803
383 36711 41342 130 118373
384 36752 46088 22 31645
385 36755 53023 121 491305
386 37201 41892 134 435582
387 37212 51588 36 150901
388 37484 42215 16 24164
389 37493 48729 65 192376
390 37513 37635 142 11586
391 37530 41668 28 79820
392 37786 42446 137 570032
393 37910 41017 49 13594
394 37930 38714 46 29029
395 37982 41704 86 142904
396 38033 41868 125 294877
397 38078 39351 10 6370
398 38516 47170 43 193752
399 38634 44575 6 5406
400 38646 41670 114 176457
401 38833 52669 28 151398
402 38954 51983 17 96953
403 38959 43378 39 54232
404 38982 40737 59 32755
405 39396 42992 32 52473
406 39595 42143 11 17934
407 39688 42396 58 44579
408 39701 48127 106 306052
409 39738 40054 34 6045
410 39896 40771 47 24179
411 39916 41119 101 51213
412 39937 48654 9 20267
413 40100 41627 22 10620
414 40315 42521 36 21765
415 40323 47382 107 264802
416 40340 43509 30 39262
417 40476 45215 11 36107
418 40712 40778 60 5281
419 40812 43005 9 5812
420 40891 46656 16 30710
421 40903 50381 95 212766
422 41072 44444 22 16382
423 41100 41181 5 463
424 41145 46516 25 102224
425 41160 41335 32 8407
426 41403 41437 109 3246
427 41405 41788 36 4244
428 41534 42830 23 25288
429 41610 43356 90 49274
430 41611 57632 59 289095
431 41735 42857 93 97529
432 41762 54831 108 470023
433 41954 48852 6 29135
434 42049 48314 76 190265
435 42335 52318 114 150607
436 42457 48688 29 55475
437 42494 42934 6 1765
438 42511 43772 131 41584
439 42644 43138 125 50099
440 42707 55013 32 48979
441 42763 44520 49 33220
442 42812 42843 36 297
443 42945 55937 49 133660
444 43063 69618 125 1028378
445 43102 45991 62 39064
446 43156 44526 51 11748
447 43237 44644 18 13790
448 43275 49251 115 180079
449 43315 43627 9 1791
450 43452 46821 7 13518
451 43471 45850 46 62596
452 43552 47790 13 32701
453 43598 44465 9 4161
454 43758 45338 102 51775
455 43778 51305 56 243976
456 44115 47600 28 26902
457 44333 45441 105 36828
458 44450 44699 10 1276
459 44558 48103 6 17095
460 44601 54568 128 1722830
461 44840 44971 11 1518
462 44999 46533 52 29149
463 45202 50083 40 42270
464 45209 45276 9 506
465 45374 61611 27 66127
466 45520 48911 19 18899
467 45533 50761 78 241420
468 45546 48075 57 30270
469 45703 52614 62 175746
470 45824 53159 5 8245
471 45838 52052 17 78043
472 46208 49652 6 15635
473 46378 47633 63 28517
474 46404 47856 44 16150
475 46406 51098 70 56919
476 46537 49121 21 25266
477 46657 46945 53 13729
478 46700 50414 21 33819
479 46704 47579 13 8970
480 46754 47604 52 11041
481 46768 49101 10 8174
482 46808 52832 91 464771
483 46879 51668 142 321823
484 47004 51269 12 55690
485 47046 55436 41 296149
486 47489 48381 81 32532
487 47570 50616 62 60184
488 47635 49685 86 101150
489 47749 49397 16 25126
490 47886 49556 70 76139
491 47897 58070 92 423381
492 47906 49311 147 225507
493 47980 51209 13 34791
494 47981 48647 23 28038
495 48059 54106 66 134053
496 48085 50278 139 151251
497 48258 55403 140 433181
498 48294 48563 15 3434
499 48348 48712 20 2011
500 48362 48411 98 2178
501 48427 49405 95 26618
502 48505 49389 30 31759
503 48588 53839 101 168207
504 48755 53162 23 56579
505 48761 54769 13 35092
506 48773 56740 21 112336
507 48802 50674 94 71565
508 48827 53954 107 143228
509 48961 54485 133 254566
510 48990 53111 11 26366
511 49021 56406 38 41162
512 49136 53497 82 289570
513 49275 51188 82 49727
514 49321 52557 36 79990
515 49415 58988 6 7699
516 49542 50291 5 3965
517 49713 51333 64 23481
518 49751 50427 6 948
519 50004 51401 44 25771
520 50023 56525 26 47364
521 50058 55541 13 38977
522 50077 53103 44 60515
523 50228 56885 6 20926
524 50266 52138 121 75303
525 50454 53013 54 107663
526 50685 50715 132 5802
527 50692 52164 41 25547
528 51069 51102 9 173
529 51080 51185 83 3540
530 51461 53643 34 24850
531 51464 54870 139 173443
532 51782 56486 36 80371
533 51860 61535 138 270683
534 51878 63731 133 327050
535 51885 73687 140 1568812
536 51933 59580 97 315887
537 51947 54417 69 127083
538 52260 54509 143 75064
539 52439 52510 120 2902
540 52474 54567 91 138028
541 52506 56164 80 120566
542 52538 55016 67 48394
543 52679 58518 127 448972
544 52817 55381 11 20043
545 52971 86293 44 1220410
546 53015 55948 5 10325
547 53024 56326 44 107384
548 53047 54409 35 18569
549 53113 55067 70 49195
550 53228 56881 40 72728
551 53589 53704 77 5285
552 53612 62137 18 113503
553 53686 54630 16 6991
554 53699 56765 37 28069
555 53728 55181 16 4934
556 53862 63514 29 48955
557 53967 54030 79 3872
558 54025 54203 143 21613
559 54032 57926 92 110442
560 54115 60801 5 8807
561 54199 58183 9 32396
562 54419 54797 127 10965
563 54589 57206 41 78345
564 54660 55926 141 90265
565 54670 55245 57 30501
566 54693 59704 71 170708
567 54966 58331 15 10362
568 55109 56418 54 67992
569 55315 68151 9 34353
570 55394 56962 90 41746
571 55566 57200 7 4633
572 55582 60028 56 127230
573 55752 60201 79 169195
574 55907 62584 14 104970
575 56063 63630 13 40626
576 56139 58697 121 95367
577 56144 58028 14 12549
578 56194 58219 46 35107
579 56318 56943 118 40471
580 56420 66940 142 1249840
581 56435 57265 33 14765
582 56544 69147 125 1055769
583 56565 60860 71 127145
584 56637 60103 67 193293
585 56681 80112 22 355017
586 56723 67676 35 135507
587 56843 58146 5 3048
588 56857 58618 112 68281
589 57049 65329 70 172447
590 57079 59814 9 8722
591 57491 69189 67 195638
592 57661 57796 12 806
593 57723 68135 16 35097
594 57762 60294 8 1628
595 57778 63783 110 217879
596 57875 63097 70 222764
597 57927 58931 32 22305
598 57956 59824 10 7113
599 58119 62503 73 75267
600 58283 76937 130 1577956
601 58427 61663 22 12570
602 58470 61013 54 24320
603 58726 60469 26 25383
604 58769 59536 99 44526
605 58816 59979 94 62209
606 58832 59864 45 56625
607 58939 65455 16 63326
608 58956 61771 6 9407
609 59173 68533 9 62939
610 59218 65504 16 43044
611 59262 62215 29 41106
612 59311 72497 9 55329
613 59352 77184 9 28420
614 59368 65092 94 231280
615 59534 60832 13 8387
616 59552 60113 98 32545
617 59560 59616 106 5530
618 59669 68901 69 243879
619 59830 61982 56 97250
620 59837 69223 22 109641
621 59839 61237 14 5994
622 60243 61832 57 61833
623 60507 64283 14 22552
624 60546 63838 112 85331
625 60563 66086 6 16213
626 60886 64241 109 307327
627 60894 61480 10 3056
628 61061 65527 73 247078
629 61229 62258 59 11346
630 61399 78266 33 139316
631 61423 61550 55 4208
632 61438 62006 22 2694
633 61440 64513 16 8569
634 61460 61804 140 13433
635 61620 61727 42 1707
636 61672 64494 35 41588
637 61792 78736 117 1107310
638 61845 64499 118 253659
639 61862 75741 21 69064
640 61871 62622 33 12459
641 62134 66904 13 13099
642 62275 82651 15 179989
643 62294 68160 135 483507
644 62488 63181 106 42883
645 62646 69217 5 6909
646 62720 72031 31 103645
647 62794 62821 38 957
648 62908 62932 13 307
649 63010 63374 93 13405
650 63060 63844 84 14337
651 63088 67245 8 26954
652 63099 66418 91 190048
653 63422 75577 114 903251
654 63567 64944 111 167362
655 63668 64253 23 11839
656 63701 69386 81 317390
657 63722 63762 130 3188
658 63925 65435 5 4696
659 64180 68245 62 151228
660 64188 71353 101 178627
661 64200 64892 15 3443
662 64433 70318 13 23641
663 64471 66789 31 21778
664 65135 67965 68 169776
665 65192 74417 131 357950
666 65203 69467 59 182930
667 65220 69474 25 44410
668 65442 65547 118 7175
669 65463 67594 32 50250
670 65552 69368 100 313388
671 65625 70897 129 149192
672 65860 68524 148 74126
673 65875 67234 6 3252
674 65939 66652 70 27989
675 66075 68004 29 18938
676 66077 89669 71 887145
677 66080 70315 94 319283
678 66119 75818 82 649035
679 66154 67389 35 53111
680 66172 67239 144 77661
681 66319 70007 10 16857
682 66332 76800 143 903639
683 66366 69787 7 10535
684 66441 74617 95 74107
685 66545 70892 5 6976
686 66778 71926 46 53307
687 66918 69617 78 97209
688 66993 73887 32 155026
689 67076 69168 24 17863
690 67140 70049 16 16964
691 67208 68745 24 19051
692 67246 72159 110 181759
693 67349 67586 22 2419
694 67562 73631 113 330993
695 67659 69671 145 108084
696 67667 76324 27 76282
697 67975 79664 4 30180
698 68326 68743 9 1457
699 68348 90096 10 47483
700 68379 73528 29 133985
701 68408 76903 17 101454
702 68458 69360 79 27042
703 68461 72264 129 170246
704 68650 75372 46 160578
705 68730 69876 29 28804
706 68809 73123 31 38203
707 69053 69308 93 7828
708 69062 81577 14 137542
709 69109 80768 18 66149
710 69133 73183 21 18947
711 69134 75816 111 335605
712 69200 71440 81 40544
713 69224 76225 143 324231
714 69412 72615 7 4454
715 69491 74104 74 180112
716 69512 69634 94 13027
717 69595 75700 8 25987
718 69693 75546 65 279901
719 69762 72286 26 10073
720 69777 79372 118 245373
721 69843 69967 8 562
722 69860 72419 34 44163
723 69957 73701 121 288152
724 70014 71826 65 63481
725 70194 70278 11 282
726 70210 72155 145 140940
727 70231 70541 41 4647
728 70291 74499 5 10812
729 70446 77830 39 121359
730 70597 73978 75 137649
731 70822 74599 80 118286
732 70893 91687 14 225017
733 70949 77861 38 62964
734 71021 81189 82 166661
735 71280 72369 70 29662
736 71464 73934 50 56560
737 71474 74854 9 14929
738 71577 75744 14 24214
739 71590 78638 10 13653
740 71626 76932 114 340385
741 71670 72185 11 3412
742 71680 86112 42 154168
743 71684 75214 8 5538
744 71768 76976 44 74307
745 71860 73982 15 56625
746 72081 75562 38 32264
747 72086 73709 141 70141
748 72192 80444 13 18510
749 72290 75159 79 80139
750 72371 76133 18 25830
751 72433 74779 7 9686
752 72804 79596 11 25116
753 72913 75028 51 70012
754 73181 73966 116 47685
755 73287 73860 61 23073
756 73332 86620 96 2476760
757 73364 86646 20 63243
758 73535 77089 62 247073
759 73538 77998 16 35367
760 73540 76775 6 10634
761 73547 75527 120 67795
762 73615 77888 17 28890
763 73774 75694 51 95095
764 73828 82100 102 616223
765 73924 82684 119 439109
766 73995 94355 6 47097
767 74044 80061 97 213644
768 74156 79192 5 21713
769 74375 79052 113 348483
770 74453 78567 18 71356
771 74482 78216 37 64359
772 74484 78664 9 15959
773 74616 75923 74 71803
774 74711 83995 69 200241
775 74753 78254 43 48212
776 74801 79659 16 19625
777 74855 78413 38 71554
778 75015 89980 11 34720
779 75118 76529 138 36754
780 75235 81665 87 464185
781 75330 78075 30 81717
782 75342 96390 28 153154
783 75416 87829 87 246427
784 75426 76883 5 4759
785 75630 76288 26 8828
786 75672 79259 149 133260
787 75681 84182 47 124690
788 75691 83318 22 29736
789 75801 77060 108 54150
790 75900 76323 17 7463
791 75927 83172 15 28246
792 75961 89194 84 170231
793 75966 83714 7 18526
794 76058 77216 41 15470
795 76065 86360 109 172900
796 76164 77465 43 5713
797 76185 77258 80 138915
798 76234 78411 26 20388
799 76312 76814 30 10569
800 76365 76961 15 6623
801 76479 80017 109 157543
802 76484 78137 16 13308
803 76535 77756 58 14437
804 76756 77003 24 8213
805 76767 88908 28 165904
806 76776 78931 76 184514
807 76809 77406 30 22606
808 76880 77582 87 17854
809 77016 80443 125 124496
810 77215 77684 37 9848
811 77482 78018 16 4283
812 77513 79360 88 200680
813 77655 80221 8 9687
814 77810 85652 15 34185
815 77863 80396 79 138752
816 77907 84341 67 106550
817 78117 83169 40 104160
818 78456 78472 25 282
819 78534 80505 58 19871
820 78548 87979 11 70413
821 78571 78791 23 3403
822 78587 98887 57 442252
823 78622 82653 7 11304
824 78797 79772 101 19274
825 78812 81593 77 248674
826 78880 80555 110 40526
827 79267 79816 107 23686
828 79324 85070 48 109691
829 79369 85316 91 223030
830 79442 84823 73 259837
831 79692 88587 31 161591
832 79717 88209 42 337470
833 79867 86060 75 280141
834 79902 87588 7 45251
835 79963 83340 51 82747
836 80156 83354 7 15621
837 80193 82670 5 7801
838 80196 86059 28 97135
839 80377 94213 117 742750
840 80400 89831 63 382334
841 80506 80757 42 10789
842 80548 82603 19 19174
843 80571 91791 24 69578
844 80673 89893 62 258355
845 80846 85463 84 71878
846 80863 81655 17 13496
847 80914 81762 64 21296
848 81245 83184 121 42357
849 81285 90983 33 185613
850 81385 88015 37 86943
851 81428 83943 115 144253
852 81543 81930 13 3316
853 81595 97857 126 1237080
854 81639 86000 94 168719
855 81706 85255 37 82272
856 81743 91811 83 405216
857 81806 83053 7 5248
858 81829 87912 11 56858
859 81906 92310 40 81972
860 81916 90715 13 51864
861 81988 85328 73 79912
862 82026 82068 56 930
863 82130 84331 12 15237
864 82260 84774 7 10583
865 82318 83091 102 46032
866 82392 83237 134 58966
867 82453 87257 45 30277
868 82479 83207 72 22243
869 82491 84318 143 42900
870 82709 85301 105 130990
871 82781 87224 20 20863
872 82800 84563 78 47015
873 82815 93085 83 126502
874 82825 88186 132 684352
875 82932 83735 13 5009
876 83247 85577 9 31840
877 83329 86515 57 57649
878 83566 88324 10 23730
879 83660 97047 60 160228
880 83795 91315 73 218695
881 83813 83938 32 1747
882 83870 87669 39 63673
883 84096 86116 143 106261
884 84110 87901 59 88863
885 84288 90162 27 168328
886 84312 87003 32 25933
887 84484 92203 101 461679
888 84528 92165 47 153769
889 84543 88575 81 54217
890 84736 85467 95 15707
891 84773 86768 59 66138
892 84807 89621 36 61995
893 84837 85483 50 14081
894 84911 90690 31 98867
895 84979 87606 148 155926
896 85155 90466 7 10486
897 85315 90674 16 30388
898 85367 88335 37 74253
899 85394 86207 62 23646
900 85475 87366 132 172677
901 85504 88514 125 124611
902 85688 89430 17 39208
903 85692 91627 10 13190
904 85704 91445 86 96348
905 85731 87718 31 17706
906 85773 91081 10 9754
907 85871 86100 48 6152
908 86020 89818 82 66807
909 86346 90017 35 27285
910 86531 94157 121 397455
911 86589 90925 83 574501
912 86664 90124 78 139159
913 86782 89213 83 153328
914 87104 92260 125 298174
915 87115 88650 105 182218
916 87292 88112 97 47762
917 87352 87990 86 76228
918 87414 91345 28 74302
919 87553 88157 93 78595
920 87607 91513 88 218061
921 87610 92560 16 19028
922 87674 94723 5 24230
923 87803 87874 10 581
924 88128 88544 27 4176
925 88204 93705 89 479420
926 88269 89720 46 39820
927 88369 91611 27 34684
928 88633 91150 110 98471
929 88865 89427 141 33178
930 89168 92781 25 25997
931 89253 89769 148 43707
932 89349 98118 126 853895
933 89369 90873 11 12795
934 89546 95428 24 67328
935 89553 95244 26 53943
936 89731 94374 9 34445
937 89850 91105 20 10108
938 90064 95621 31 51602
939 90191 90751 133 64793
940 90292 96855 44 110307
941 90321 95248 31 65292
942 90370 94467 7 35363
943 90575 91886 83 65170
944 90680 95349 22 84620
945 90691 97813 46 139597
946 90785 91786 123 96789
947 90787 91309 21 9802
948 90999 92593 66 72279
949 91060 92963 16 13129
950 91155 98354 27 92139
951 91185 91467 9 2941
952 91248 93059 89 47133
953 91348 91920 68 33009
954 91882 95410 13 16230
955 92170 96700 88 161436
956 92202 98681 42 146256
957 92318 92677 107 32911
958 92454 96011 140 160558
959 92460 96197 7 12189
960 92541 92961 62 50052
961 92697 92753 40 2660
962 92722 95470 48 73653
963 92854 93086 77 13156
964 93117 95395 33 37710
965 93180 94894 16 10119
966 93276 93277 61 38
967 93278 97471 34 76098
968 93343 99769 140 342947
969 93400 95919 5 6564
970 93475 94635 102 61092
971 93838 94990 58 19016
972 93852 94413 111 32105
973 93864 96139 63 97323
974 94009 94099 125 11994
975 94154 98178 44 145109
976 94216 94644 5 865
977 94246 97532 119 107374
978 94405 96385 42 60398
979 94416 95951 20 26507
980 94427 95548 47 37268
981 94497 98345 72 180353
982 94797 94843 47 691
983 94895 99206 43 112901
984 94909 96151 136 73542
985 95121 99547 38 127167
986 95283 98347 13 8783
987 95344 98443 118 163650
988 95567 95751 47 6773
989 95912 98666 6 1847
990 95927 97123 56 43757
991 96014 96077 113 8614
992 96548 97396 24 35322
993 96708 99717 75 102178
994 97057 98823 51 28459
995 97641 97961 9 2004
996 97658 97899 57 7517
997 97875 98339 22 5801
998 99142 99706 93 17115
999 99338 99985 6 2728
