50 1000 0.019
..................................................
..................................................
..................................................
..................................................
..................................................
.......................................#..........
.....................................#.#..........
..................................#..###..........
................................########..........
........................##.#.#.###.#.##...........
.........................#####.##.#########.......
......................###.#.######.######.##......
........................###############.###..#....
.......................###..###################...
.........................####################.....
.........................#.###################....
................#..........###################....
...............##..........##################.....
............#.####........####################....
..........#.##.#.#.#.........#################....
........######.######........############.##......
........#####.########......##############.#......
.......#######.#####.##.....##############........
.......##.##############......#.#########.........
........#################.....########.#..........
.........################.....#.#####..#..........
.........#.###########.#........#.....###.........
........#############.###.........................
..........################........................
........##################........................
.........##############...........................
........###############...........................
.........##########...............................
..........#####.####..............................
...........######.................................
.............###..................................
.............##...................................
.............##...................................
..................................................
..................................................
..................................................
..................................................
..................................................
..................................................
..................................................
..................................................
..................................................
..................................................
..................................................
..................................................
0 159 9330 88 194871
1 343 4898 27 16077
2 398 5737 87 229633
3 438 1354 11 5334
4 516 11247 31 94063
5 616 10545 7 20587
6 634 8464 47 308197
7 667 2288 14 17905
8 689 1784 36 14058
9 715 7279 123 126253
10 950 3737 42 61481
11 1125 7457 5 15780
12 1453 4812 108 105116
13 1456 2102 106 47664
14 1689 10093 107 237132
15 1725 6615 108 126992
16 1733 6134 65 311469
17 1765 2200 118 19192
18 1814 7844 89 181795
19 1886 11482 38 496189
20 2087 7563 120 610513
21 2097 10228 23 121439
22 2254 10482 131 696846
23 2334 2451 134 6695
24 2442 4085 82 65192
25 2448 19564 118 1044230
26 2536 4489 16 29141
27 2631 13036 19 131263
28 2947 3780 30 10327
29 3105 3453 8 1019
30 3325 5533 134 294401
31 3375 11045 47 112067
32 3405 29871 79 589143
33 3433 7081 30 45940
34 3500 23721 47 210212
35 3641 5933 15 44934
36 3652 4541 15 8078
37 3768 7996 12 15445
38 3778 17010 20 107878
39 3791 6499 55 84250
40 3808 7182 104 121187
41 4074 8961 17 16624
42 4137 12894 78 175853
43 4424 9786 7 14705
44 4431 15187 45 235556
45 4475 4750 81 21155
46 4672 5718 13 3115
47 4678 6825 17 15283
48 4698 8155 73 84901
49 4717 12236 33 35878
50 4849 6450 38 53386
51 4893 4943 89 5109
52 4908 24426 5 69734
53 4924 7315 46 69703
54 4938 39948 80 525728
55 5128 8182 69 59058
56 5136 17156 95 339138
57 5380 21191 50 253686
58 5398 5946 104 55109
59 5430 10310 28 21418
60 5440 9224 65 159904
61 5518 22285 87 891267
62 5638 7317 29 35666
63 5770 7085 48 18812
64 5827 6678 84 45352
65 5860 9821 19 53705
66 5911 6582 57 34569
67 6212 11254 11 23864
68 6216 6475 22 1294
69 6242 18468 45 173598
70 6403 11478 117 330548
71 6516 16900 5 21488
72 6701 9446 6 12797
73 6711 9799 16 20660
74 6762 11292 55 110250
75 6782 7529 61 10423
76 6828 7730 25 14734
77 6858 27796 93 1783453
78 6924 16755 128 456244
79 6929 7810 147 65449
80 6989 18504 79 224160
81 7022 8683 42 76748
82 7106 17630 73 333503
83 7194 8656 14 8252
84 7580 8898 148 224111
85 7676 17538 75 447041
86 7941 15023 69 369596
87 7959 29205 56 318997
88 7979 14167 63 216112
89 7986 9312 44 14833
90 8075 10533 115 169016
91 8519 18381 29 121290
92 8550 32118 133 2491420
93 8606 12039 116 143832
94 8651 10857 125 123626
95 8715 10605 92 63267
96 8787 14908 32 124947
97 8992 11404 24 21675
98 9012 13915 82 357091
99 9112 19134 130 679635
100 9193 13563 34 59649
101 9204 25016 34 105929
102 9220 16573 105 236076
103 9356 24015 79 291948
104 9357 14417 68 210925
105 9413 16911 13 72993
106 9449 13700 33 21279
107 9486 21147 34 62294
108 9592 32006 59 454187
109 9681 11980 18 26220
110 9700 12709 66 200834
111 9723 13226 143 115817
112 9757 13304 23 36886
113 9763 10184 144 39499
114 9900 15324 14 23591
115 9901 14629 12 12060
116 10132 31769 75 300354
117 10243 11603 51 18498
118 10283 25535 43 205405
119 10298 10412 67 1435
120 10318 18573 5 29240
121 10558 17065 26 110888
122 10597 17977 12 30184
123 10662 15975 105 619685
124 10704 18632 62 124594
125 10774 13339 84 132496
126 10820 14939 22 31052
127 10821 13096 79 31676
128 10924 10950 38 499
129 10961 16984 64 100341
130 11005 17604 19 87797
131 11016 15262 7 49320
132 11234 12394 39 23073
133 11399 15358 57 64907
134 11432 20800 30 241484
135 11495 14875 32 50348
136 11574 18586 118 235719
137 11672 23076 86 166580
138 11766 21806 6 10971
139 11802 15696 52 102830
140 11840 25342 29 136784
141 11917 31636 125 846851
142 11987 16460 127 328776
143 12086 19887 147 813721
144 12092 14854 45 158252
145 12098 15422 51 60201
146 12105 25527 10 38877
147 12121 14472 13 7424
148 12169 22466 125 453942
149 12320 12751 4 792
150 12371 18657 139 243932
151 12404 12911 63 24719
152 12428 17116 8 22397
153 12604 15331 4 3940
154 12760 15775 19 32363
155 12784 16168 8 12316
156 12841 15865 133 209807
157 12855 34774 111 975564
158 12870 16758 64 65567
159 13065 20587 106 281486
160 13214 28503 18 148663
161 13338 16393 10 53932
162 13520 18198 104 213393
163 13556 17706 88 149118
164 13572 22848 61 269055
165 13653 14765 30 26840
166 13709 27028 100 937617
167 13802 22253 86 251254
168 13924 27898 10 25937
169 14612 44635 4 32797
170 14653 26434 20 64974
171 14689 18290 134 287609
172 14778 24136 18 86383
173 14883 18320 92 164003
174 14996 17935 93 54008
175 15080 15640 16 16078
176 15203 16580 66 21830
177 15206 15852 54 7887
178 15464 15725 16 1528
179 15581 33520 69 1201120
180 15602 21337 51 106120
181 15650 22522 82 321207
182 15802 19368 102 150971
183 15815 22225 89 457013
184 15970 18683 79 63690
185 16122 26739 7 19153
186 16165 22620 8 37639
187 16184 31674 99 824819
188 16253 17005 90 71231
189 16471 18766 11 13364
190 16483 19392 9 19167
191 16592 25748 7 20902
192 16610 26318 16 134424
193 16801 28047 105 476304
194 16903 18898 8 10859
195 16959 21670 58 77026
196 16985 18293 6 5026
197 17089 24698 56 153437
198 17252 67263 12 471431
199 17293 20119 135 193181
200 17613 20951 71 112823
201 17713 23666 11 30160
202 17817 19766 31 49192
203 17886 30363 90 1022599
204 17891 23311 22 41265
205 17958 19038 97 25622
206 18079 18488 39 9919
207 18163 22152 61 60064
208 18456 21510 82 55367
209 18480 19823 59 39042
210 18579 25188 12 34282
211 18587 27509 8 40672
212 18656 22748 113 214322
213 18834 25154 6 38608
214 18904 22958 79 191955
215 18990 20514 16 9803
216 19168 24576 17 30828
217 19280 23557 81 73319
218 19411 27911 122 633795
219 19496 19947 110 18225
220 19674 21519 102 79089
221 19728 25389 85 100328
222 19797 23139 18 15707
223 19876 20991 61 20144
224 19943 33219 94 505703
225 19952 25430 115 400338
226 20051 23852 74 107355
227 20094 38377 140 1892283
228 20167 26811 6 20177
229 20239 28592 70 475834
230 20273 34145 42 105942
231 20413 20641 12 976
232 20422 31064 101 249872
233 20537 27400 41 62776
234 20604 25178 79 106336
235 20681 25611 13 17515
236 20722 21628 76 74108
237 20758 24550 21 13850
238 21087 22413 134 65146
239 21092 38931 12 77322
240 21148 21792 25 5888
241 21402 25555 11 33062
242 21407 36461 62 250669
243 21662 22312 12 6590
244 21669 31523 9 26434
245 21760 21812 68 1201
246 21780 23448 86 105695
247 21784 40788 35 211012
248 22161 22282 54 7246
249 22402 31975 9 26811
250 22580 31815 54 60689
251 22773 26536 102 269331
252 22828 29874 56 277721
253 23032 27738 105 279609
254 23058 28961 76 147279
255 23062 24041 5 2820
256 23073 30628 6 14719
257 23105 27227 65 121150
258 23140 31958 41 111612
259 23187 35842 106 456541
260 23243 26057 12 9008
261 23286 26390 95 204229
262 23348 32850 51 213969
263 23355 24195 89 27673
264 23397 43955 73 467240
265 23421 31462 6 18027
266 23452 36064 42 254140
267 23601 34039 8 47120
268 23873 25702 23 20063
269 23952 24606 7 2837
270 23975 34520 147 1030878
271 23980 24455 72 22558
272 24010 26249 98 60139
273 24019 36489 31 130016
274 24087 64250 5 54174
275 24176 27021 108 99657
276 24204 25341 113 83316
277 24309 31961 14 51848
278 24462 30398 85 117404
279 24473 25400 37 7805
280 24522 26042 27 24743
281 24524 26111 15 24633
282 24533 36422 65 194672
283 24567 25709 122 72970
284 24934 25949 13 3636
285 25039 27125 59 49474
286 25132 31588 6 14393
287 25189 31817 35 141327
288 25311 29754 20 51575
289 25380 26382 149 61735
290 25384 41833 90 978102
291 25398 29131 45 107671
292 25447 27823 7 4401
293 25556 30189 119 331237
294 25657 26457 63 27633
295 25658 28600 138 277795
296 25693 26332 136 24497
297 25732 34232 14 51359
298 25750 27355 119 107220
299 25780 42114 46 129269
300 25850 29044 118 107795
301 25864 26505 90 46444
302 25870 51902 7 40988
303 25955 28159 10 29021
304 25964 30271 37 32933
305 25974 28734 54 61402
306 26028 29656 13 21701
307 26040 28789 96 187787
308 26484 39955 16 183518
309 26542 28714 17 19008
310 26624 28458 41 17207
311 26802 29912 33 37245
312 26807 39581 9 23340
313 26886 27735 107 106676
314 27037 29860 67 60571
315 27064 30225 8 26428
316 27070 31480 18 29830
317 27094 29755 145 90726
318 27258 29097 13 8421
319 27390 42256 42 252746
320 27593 37181 75 366341
321 27660 31845 26 58609
322 27698 30496 98 108087
323 27730 35001 21 36930
324 27820 27932 14 946
325 27905 51526 81 1578559
326 27929 30605 81 114422
327 28346 29187 42 35015
328 28423 31945 78 111281
329 28604 33169 132 429374
330 29017 36149 4 11144
331 29033 29794 149 121680
332 29157 33482 37 107955
333 29361 33464 28 21703
334 29406 30323 107 20178
335 29600 31574 37 17154
336 29640 41428 6 25867
337 29674 29766 56 6373
338 29772 33593 120 281858
339 30017 36999 103 637890
340 30131 31729 43 54881
341 30132 36895 82 231534
342 30141 36573 14 59699
343 30283 56469 52 255185
344 30510 31175 32 19126
345 30537 31168 95 42706
346 30545 40618 7 15304
347 30668 30932 6 948
348 30674 40940 119 210758
349 30711 47133 35 106669
350 30728 31804 12 5420
351 30847 37860 89 293418
352 30964 32778 20 8468
353 31022 51327 30 267217
354 31066 32580 114 105104
355 31069 38387 64 201325
356 31088 37392 25 63786
357 31094 42571 92 655140
358 31215 33067 11 7349
359 31248 37466 9 27558
360 31255 38818 39 140450
361 31382 44968 6 25487
362 31394 35935 76 199404
363 31922 32705 66 18187
364 32003 33776 8 6018
365 32105 36617 92 258183
366 32191 36681 81 132243
367 32279 60053 79 1916137
368 32292 35339 51 52749
369 32447 38374 101 114390
370 32476 34374 85 67969
371 32645 45697 92 401694
372 32672 38188 8 10341
373 32691 41315 16 38764
374 32827 48447 4 44367
375 33075 38502 109 304706
376 33081 41905 145 642806
377 33211 51146 53 503193
378 33246 44189 118 533299
379 33318 39437 89 149763
380 33523 34035 89 19498
381 33788 38093 4 4511
382 34025 34846 16 4656
383 34084 51257 27 88020
384 34221 34646 105 45346
385 34226 42300 8 82369
386 34246 34857 5 1419
387 34286 34432 111 3915
388 34316 71238 56 706116
389 34411 44913 84 1331075
390 34594 44292 17 124788
391 34595 39546 133 263649
392 34679 40697 76 393188
393 34700 47922 92 455746
394 34779 35451 49 15443
395 34823 40391 5 5703
396 34863 38448 26 65673
397 35161 37816 41 59586
398 35184 36934 105 80175
399 35192 35903 70 15868
400 35196 38889 35 82114
401 35629 62644 13 136779
402 35676 56386 51 429623
403 35725 44492 6 48210
404 35738 42305 77 313582
405 35747 36878 16 9961
406 35847 36745 22 8246
407 35885 41829 140 325646
408 35886 84984 18 710589
409 35925 55666 47 306090
410 35968 37546 135 148665
411 36178 36359 36 1971
412 36230 39694 41 99742
413 36455 61121 79 358601
414 36503 39411 49 56328
415 36615 39541 147 87220
416 36863 39443 140 343712
417 36944 41168 19 39250
418 37068 55958 21 46470
419 37173 48746 74 64394
420 37254 37509 71 4928
421 37312 40284 87 141099
422 37468 47206 136 417612
423 37520 46686 66 379364
424 37583 48246 121 373426
425 37620 41097 135 91538
426 37799 46290 90 371553
427 37822 44586 142 509735
428 37990 44580 28 177068
429 38069 38624 92 48822
430 38110 47325 7 29379
431 38324 42108 89 253098
432 38533 44820 122 1058263
433 39405 40084 12 1589
434 39466 46218 140 214282
435 39509 39611 98 5773
436 39712 45534 58 46455
437 39742 74600 51 358972
438 39776 44781 144 380880
439 39819 41638 15 12346
440 39887 46221 26 95562
441 39949 69467 85 816101
442 40040 42711 55 24071
443 40107 47946 143 682458
444 40299 45036 109 126440
445 40343 41544 66 38639
446 40369 55372 5 50734
447 40442 48989 74 138270
448 40703 44169 24 62809
449 40779 44571 23 50915
450 40930 44188 21 26842
451 40968 42493 29 19651
452 40995 52793 91 485281
453 41039 42130 60 57834
454 41125 42465 49 30459
455 41442 46203 59 267951
456 41480 49062 31 159695
457 41584 53397 128 1240117
458 41656 57773 75 788309
459 41783 48050 78 215924
460 41849 56525 24 142628
461 42026 59019 28 162938
462 42112 56948 5 49674
463 42116 46289 52 88652
464 42140 43047 9 3811
465 42149 52893 69 266537
466 42166 42597 67 9510
467 42208 52663 50 125775
468 42276 46268 5 27139
469 42337 47615 119 376294
470 42552 54414 71 111079
471 42673 46822 85 143984
472 42704 43459 11 1876
473 42862 48436 36 23815
474 43195 72069 95 1159856
475 43238 53190 127 261860
476 43253 48271 82 189984
477 43281 44190 132 32183
478 43582 50612 79 412298
479 43714 47115 8 22274
480 43762 62925 25 157540
481 43791 46430 25 48013
482 43798 50599 18 55785
483 43849 53089 75 250815
484 43909 45435 99 60630
485 43921 54792 6 26776
486 43961 47007 52 53545
487 44149 50103 106 313795
488 44297 53728 49 79806
489 44359 45048 12 8124
490 44364 47373 7 9360
491 44366 57727 17 111236
492 44374 45030 21 4309
493 44439 50152 7 14830
494 44489 49413 95 426466
495 44564 45297 75 11066
496 44596 46930 98 108209
497 44709 63067 34 161674
498 44823 49013 19 35954
499 44862 45912 102 95198
500 44928 46232 143 63876
501 45021 59944 8 58042
502 45087 51483 139 659701
503 45111 51285 97 303700
504 45183 47183 139 85095
505 45300 68046 61 1082191
506 45309 49351 22 56079
507 45325 71497 5 11638
508 45529 49240 94 77935
509 45624 47358 149 210753
510 45627 70025 128 785229
511 45684 48304 12 13629
512 45842 52988 16 126250
513 45848 48595 33 17529
514 45952 58920 6 49078
515 45981 69199 67 286007
516 46019 62522 30 139306
517 46195 60503 24 339407
518 46433 47632 66 37709
519 46440 46610 64 3796
520 46443 53025 8 30063
521 46489 50129 33 48300
522 46621 48531 15 6724
523 46678 61047 41 350235
524 46680 48587 12 6470
525 46759 51336 29 58486
526 46940 52927 32 100712
527 46952 58358 20 122103
528 46990 50611 110 84457
529 47071 52769 104 183062
530 47217 49694 15 9779
531 47230 51576 144 147008
532 47332 62765 34 251567
533 47374 48448 130 68099
534 47401 70333 36 131583
535 47439 96752 39 613987
536 47489 64522 56 246130
537 47495 54014 6 19749
538 47597 50362 125 246094
539 47619 56406 10 18072
540 47623 52898 60 164029
541 47637 58921 5 20315
542 47655 51596 22 20610
543 47665 56100 78 838851
544 47833 51887 127 224740
545 47998 48132 5 667
546 48027 48702 65 45016
547 48094 51533 41 53691
548 48364 54358 109 324431
549 48468 52133 86 235472
550 48516 60926 22 102330
551 48522 49267 4 890
552 48660 59603 33 78106
553 49034 60952 70 206012
554 49039 59410 67 233127
555 49387 76255 100 1861243
556 49398 73224 59 730215
557 49501 53459 56 142145
558 49526 50985 10 8129
559 49623 50551 103 16869
560 49672 55467 18 83237
561 49689 60019 100 570579
562 49778 57079 14 24431
563 49813 53499 65 261636
564 49822 56687 7 35228
565 49974 50338 113 20333
566 49995 53171 15 36897
567 50001 52962 75 228716
568 50022 55573 68 96677
569 50125 54785 99 279092
570 50191 55028 90 302945
571 50227 66175 30 102737
572 50317 52495 29 26143
573 50347 52017 120 147022
574 50430 61589 28 153169
575 50605 54342 59 138218
576 50688 52452 66 66016
577 50820 51601 140 53964
578 50934 55047 24 44295
579 50947 58053 15 50037
580 50967 58697 124 260808
581 50999 54977 88 186227
582 51009 54360 40 50886
583 51078 51616 57 16330
584 51149 61800 118 368751
585 51184 56659 51 135911
586 51215 61124 119 188118
587 51476 58804 138 129430
588 51568 56343 120 70826
589 51575 52107 121 34751
590 51608 56729 38 99539
591 51647 54364 6 8431
592 51865 53796 26 15642
593 51934 53009 9 1277
594 51951 61361 136 420212
595 52005 81150 19 147346
596 52274 83240 110 911573
597 52532 58180 6 20582
598 52736 59224 21 51337
599 52801 59517 89 249995
600 52895 68091 124 363109
601 53177 53924 34 8050
602 53183 55046 64 27450
603 53516 59245 92 120904
604 53637 57432 33 39419
605 53654 60953 13 70686
606 53671 61398 141 386579
607 53784 54844 71 37167
608 53808 75639 15 191923
609 54047 61911 100 465521
610 54273 55545 112 131405
611 54438 72970 133 1051682
612 54652 56004 111 65674
613 54742 54951 11 2004
614 54773 65252 51 114352
615 54867 56977 88 59962
616 54938 55584 53 28589
617 55251 60569 23 153642
618 55328 65722 59 351304
619 55346 63237 14 94042
620 55443 61818 77 258278
621 55537 60433 22 49564
622 55655 77247 41 508746
623 55709 56361 128 57209
624 55740 60740 58 326029
625 55819 62104 7 10153
626 55823 59742 51 75561
627 55919 64222 64 260335
628 56061 61728 25 20220
629 56105 73261 5 18212
630 56167 56827 40 11863
631 56214 58185 21 28170
632 56380 59832 121 252575
633 56959 57499 77 21374
634 57174 65156 37 145129
635 57218 60009 60 85250
636 57302 58596 75 51384
637 57401 58851 22 21718
638 57505 74601 89 674647
639 57704 60495 10 8799
640 57714 60516 54 38399
641 57870 70411 10 33400
642 57954 63212 113 174553
643 58060 58530 6 1433
644 58162 64720 64 95432
645 58221 59123 122 52656
646 58223 73554 15 39836
647 58263 85068 125 1042045
648 58341 60081 30 36904
649 58423 75769 149 2231275
650 58442 65914 142 766284
651 58456 60648 20 39959
652 58500 70234 15 91645
653 58563 68425 91 445775
654 58622 61544 84 83625
655 58663 65372 27 56310
656 58740 65681 57 97246
657 58829 65692 114 574755
658 58833 60389 12 14107
659 58898 77060 132 682029
660 59090 59518 67 9077
661 59390 61851 25 14316
662 59503 63840 114 288187
663 59504 59733 141 33416
664 59546 67676 48 281148
665 59564 74497 27 108577
666 59567 63815 24 73301
667 59574 65810 27 95219
668 59657 61908 41 42978
669 59720 80502 15 195805
670 59982 65812 5 16013
671 59992 70673 33 114785
672 60013 69793 16 33099
673 60202 74878 17 70906
674 60220 73822 49 315073
675 60258 85766 122 1674647
676 60398 61986 16 11057
677 60436 70587 139 649946
678 60456 73842 22 212175
679 60614 66349 11 18555
680 60679 80467 57 325844
681 60722 79067 25 295620
682 60808 90317 80 954024
683 60844 63186 19 22755
684 61010 68772 121 573083
685 61044 61612 50 20291
686 61183 71655 35 364459
687 61303 78873 66 332406
688 61374 69635 33 180293
689 61444 61868 20 7325
690 61622 81543 68 648589
691 61782 65054 11 39344
692 61820 73594 67 430518
693 61838 72134 60 213955
694 61862 67348 66 284368
695 61977 63919 139 196889
696 62183 64979 97 62210
697 62257 70191 83 152847
698 62517 87793 80 577821
699 62624 72565 5 23213
700 62645 68912 19 121601
701 62791 68739 91 247711
702 62932 71048 17 17085
703 62937 77340 23 117390
704 62991 64756 68 61411
705 63075 65526 138 217211
706 63125 65059 23 9766
707 63152 65141 6 5333
708 63316 66748 7 15805
709 63387 66967 56 64277
710 63476 82702 114 739546
711 63557 65974 27 9225
712 63669 82931 78 374180
713 63681 73748 52 284920
714 63730 66415 79 62353
715 63805 70579 7 12180
716 63817 77115 43 129559
717 64013 67947 54 52901
718 64048 67605 137 121152
719 64131 68645 121 479038
720 64223 82723 36 232798
721 64424 67359 18 61350
722 64588 67404 26 26327
723 64608 67723 13 12178
724 64768 65002 104 12239
725 64838 75807 36 452947
726 64982 67562 86 182910
727 65080 72942 7 45445
728 65086 93933 15 175565
729 65091 65464 100 10415
730 65099 95702 31 410700
731 65378 72823 89 278593
732 65418 78683 50 226369
733 65691 70509 15 14718
734 66023 67142 16 12913
735 66267 71073 23 41576
736 66346 67026 13 6729
737 66440 68833 100 171603
738 66583 76129 41 119461
739 66654 72116 7 20023
740 66802 73113 110 496532
741 66806 75656 95 409151
742 67458 90356 123 659117
743 67580 68754 25 16408
744 67682 68874 24 55661
745 67704 69234 5 13427
746 67789 74781 33 73340
747 68086 77812 5 51802
748 68108 79155 148 1075387
749 68288 68795 123 10953
750 68430 70027 97 78841
751 68489 82064 29 46168
752 68495 70150 142 129581
753 68539 72525 137 141819
754 68714 74083 21 58895
755 68765 80027 94 375108
756 68782 69607 66 20504
757 68792 73392 25 78103
758 68910 80781 18 91646
759 69215 79475 101 305045
760 69331 84857 80 331521
761 69529 72456 60 97103
762 69666 78011 37 162263
763 69694 73340 148 142228
764 69765 72475 80 38013
765 69778 76074 26 40815
766 69788 94819 22 36251
767 69885 82578 119 507026
768 70089 72290 11 28012
769 70158 74746 91 237551
770 70359 70425 74 4852
771 70491 82499 35 79028
772 70523 73354 14 25318
773 70629 72427 84 182072
774 70659 71167 25 12675
775 70701 74322 69 110738
776 70708 74226 6 7934
777 70732 73212 127 312834
778 70743 70971 30 2230
779 70808 80628 42 97780
780 70836 73582 11 21675
781 70977 75236 9 29533
782 70991 80909 21 68098
783 71055 76343 6 8773
784 71712 75644 63 98443
785 71896 75197 48 124930
786 71931 82287 26 63413
787 72073 72477 48 10398
788 72193 77839 31 149724
789 72660 76897 42 88907
790 72736 81830 17 90200
791 72811 84406 111 220889
792 72849 99740 103 1570852
793 72893 74635 22 15330
794 73038 84642 136 529775
795 73052 74663 50 46590
796 73071 80178 115 898448
797 73315 79877 83 630937
798 73517 74378 86 92423
799 73827 91488 127 936422
800 73953 74925 106 42237
801 74027 76212 149 128642
802 74151 88880 14 120942
803 74287 80466 79 157620
804 74318 77854 124 160226
805 74661 76312 123 72131
806 74726 80047 7 24378
807 74734 76428 81 80418
808 74836 75552 78 58582
809 74849 77599 42 51272
810 74884 77821 10 6350
811 74895 75965 124 119327
812 74919 81378 52 86095
813 74937 76691 107 52259
814 74988 78286 48 77690
815 75070 78146 8 11388
816 75158 80770 35 93022
817 75190 97620 104 904476
818 75249 76660 53 14760
819 75435 80182 8 33997
820 75521 84800 71 312713
821 75643 79908 146 370492
822 75661 80088 44 71181
823 75764 84309 108 298986
824 75787 85045 25 124607
825 75814 79416 65 57110
826 75943 84910 51 212982
827 76103 81594 138 235210
828 76223 80601 45 105730
829 76232 81273 131 644088
830 76284 78874 32 17951
831 76300 83755 4 9622
832 76395 81191 21 53010
833 76864 77273 121 36527
834 76894 83877 29 69993
835 77162 79640 144 285082
836 77238 82356 144 496714
837 77389 99986 29 490281
838 77460 91320 71 1188151
839 77623 88268 8 43996
840 77736 80096 40 34435
841 77866 91384 119 318204
842 77895 78108 84 16834
843 78368 88736 21 57631
844 78494 81237 105 148923
845 78516 79072 75 90654
846 78548 90595 108 466698
847 78666 86857 68 288294
848 78854 80831 144 174720
849 78966 81980 127 106848
850 79019 93438 76 1548908
851 79020 79735 23 7844
852 79269 83359 147 267862
853 79318 90393 13 51413
854 79699 82910 30 33171
855 79776 87418 48 320340
856 79842 82054 6 10152
857 79880 87451 10 24775
858 79891 96742 15 56173
859 79972 83822 51 120298
860 80210 85470 24 28442
861 80423 91644 70 448254
862 80470 90902 25 145930
863 80530 91585 53 222872
864 80877 84631 89 64762
865 81016 84069 29 29755
866 81142 83571 132 143284
867 81261 94323 69 527311
868 81601 82687 4 1810
869 81686 82048 137 46188
870 81811 91932 123 963379
871 81816 87947 98 390561
872 81825 95767 132 973414
873 82187 91315 5 9014
874 82237 84298 5 3357
875 82393 94822 132 1149434
876 82438 82908 10 3693
877 82467 85735 124 311473
878 83030 87854 9 15312
879 83046 84987 92 59731
880 83314 90009 117 522764
881 83338 94109 16 46319
882 83485 85829 29 29578
883 83548 88607 113 106813
884 83651 88827 52 84732
885 83782 84573 45 15652
886 83821 87554 5 9611
887 84073 87049 37 79114
888 84257 91176 42 78276
889 84315 86828 82 97216
890 84447 90388 125 166334
891 84449 87556 36 62081
892 84571 96366 50 388797
893 84644 90269 92 163158
894 84718 86949 46 72240
895 84740 88552 10 15264
896 84781 86157 48 49177
897 84868 90150 20 53720
898 84891 87977 11 11306
899 85008 95782 132 491702
900 85030 94134 35 54723
901 85118 86238 43 32260
902 85317 88886 84 99354
903 85372 94027 108 915322
904 85496 95644 77 287596
905 85520 87106 4 1249
906 85532 88375 42 76239
907 85561 85695 31 2791
908 85642 89542 35 62629
909 85742 88514 35 23916
910 85751 87708 32 17580
911 85796 88134 56 102249
912 85814 89383 72 158875
913 85875 86626 69 14521
914 86076 93642 23 65418
915 86219 87898 38 25514
916 86256 95048 12 17856
917 86276 90292 94 141137
918 86382 94350 30 168964
919 86450 86894 42 8208
920 86477 87178 11 1337
921 86585 91962 64 182652
922 86588 92239 88 221909
923 86604 91313 6 5483
924 86619 91939 62 217505
925 86639 89073 106 212661
926 87111 88817 11 5142
927 87364 88732 9 19435
928 87557 89277 45 42115
929 87661 93800 53 70526
930 87826 89232 6 9540
931 88117 92299 121 96798
932 88189 94428 31 93543
933 88229 90039 50 53876
934 88270 97168 19 87872
935 88274 89621 8 11077
936 88871 89841 48 31702
937 88976 92390 8 13227
938 88989 90531 35 38822
939 89113 91518 35 14153
940 89295 94563 82 234845
941 89333 99396 28 203861
942 89421 93212 93 235803
943 89544 92978 37 26879
944 89611 90401 141 34306
945 89640 92491 14 9489
946 89705 92111 124 295896
947 89913 90034 144 9992
948 89977 90402 19 4167
949 90221 90390 12 1368
950 90426 95632 50 172757
951 90501 91085 72 21572
952 90514 93613 12 25462
953 90516 97549 4 17195
954 90560 96349 109 140050
955 90693 94921 72 38985
956 90738 91053 16 2243
957 90856 95958 143 125561
958 90865 95694 60 149096
959 90869 91102 76 21365
960 90916 98799 54 134035
961 91114 91363 16 1833
962 91196 98770 5 34942
963 91317 96881 22 34307
964 91326 98055 23 38866
965 91350 92784 10 5602
966 91383 91861 30 8527
967 91536 96158 87 128473
968 91682 94745 6 27263
969 91707 95961 24 67742
970 91730 95034 13 7747
971 91764 95216 93 174219
972 92315 99735 53 64447
973 92499 96476 117 124820
974 92759 96751 8 12406
975 93162 99985 32 70387
976 93342 97929 87 66040
977 93500 95105 30 13654
978 93600 99535 30 70829
979 93667 98469 54 74781
980 94518 98938 14 39489
981 94580 95634 143 65701
982 94965 95421 73 30106
983 95062 95935 148 64366
984 95113 99865 81 189802
985 95166 99842 22 42915
986 95434 95503 7 245
987 95435 99970 106 315026
988 95484 96975 14 10155
989 95755 99739 91 285182
990 95957 98253 28 20797
991 96000 98675 8 26375
992 96485 97307 76 35209
993 96719 99804 7 5967
994 96924 98204 14 3510
995 97143 98213 34 19645
996 97836 99217 17 6453
997 97935 99301 94 100628
998 98194 99860 128 231447
999 98714 99698 14 3835
