50 1000 0.018
...................#.#####........................
#.....#............#...#..........................
#....##....#.....#.#...#.....#....................
###...#...##.....#..........##.....#.....##.#.....
#.......####...................###.#......#.......
..........##.............##...#..#.##.............
..........#............#..######....#.............
.......##.#.........##....#.##......#...........#.
.....###...#........####...#..#...###.#........##.
.....#.....#.........#.#...#.###..#.####.......##.
...........#.........###.#.#.#...##...............
...........#...#......#.##..#........#............
...........#...#.####..#.#....##....##....###.....
..............#....##.##......###...#...........#.
.............#.##...............#.#.##.#..........
........#....#.#..........#...###.#.#####......#..
....#...##................##.....#######..#.......
.........#.............###.#.#.....#..#.#.#.......
......#.................###...........#..##.......
.........##.##....#.....................#...##....
..#.....##..####...........#..#.....#####.........
.............##........#.###..##....#.#.......##..
..#####.....###.#.....##.......#........####.#.#..
..#.............#.....#####.............##..####..
..#....................#................###.#.....
..#..................##.................#.......##
.###.....#.......#.####.##........................
##.......####...##....#..............#.........#..
...#..##.##.#.......................##........##..
...##.##.##..............#........##..............
.........#...........#.###..##..##................
..#......#.##..............##....#................
..##.#...#####.#.....#......#................##..#
..####.....#...##...........#..................#..
.......#....#.###........#....................####
..#.####.....###........##.....................##.
#.#.........#.#........####....................#..
..#........##....#.##....#...#.........#..##......
........#...###..#...................#.#.......#..
#.#.........#.......................###...........
#.#..........................#.##.....##..##....##
#............................#.##......##.......#.
.............................##........##.#.......
....#...#.......#...............#......####.###...
.......##......##......#....##.##.....###.........
.............###.......##....#....................
.............###.###....###.##...........##.......
..............#.........#.........................
.....##..........##..#............................
.................#...#.......................#....
0 196 7127 32 79950
1 206 1039 9 4073
2 233 3611 49 76550
3 818 4822 5 15669
4 955 7626 17 52393
5 991 6538 129 233742
6 1159 3271 48 22277
7 1277 2653 62 59335
8 1304 2572 97 44984
9 1338 7168 53 84764
10 1472 3141 34 24031
11 1660 1740 45 2465
12 1930 2873 54 35346
13 1994 6281 80 116757
14 2018 5102 46 123130
15 2030 2251 143 25757
16 2216 3213 50 14620
17 2444 4296 112 240396
18 2486 5082 12 24646
19 2561 2612 141 3944
20 2574 4331 15 5450
21 2725 5429 5 4733
22 2778 3940 10 10203
23 2827 10548 126 637621
24 2880 4696 64 24999
25 2991 4940 88 20343
26 3108 4581 123 149811
27 3137 5656 22 34704
28 3138 7700 107 185414
29 3272 6812 29 90193
30 3274 12844 12 80535
31 3294 7302 62 93908
32 3303 5977 9 25811
33 3325 12191 150 483629
34 3434 6511 33 56274
35 3661 3996 71 4295
36 3688 9507 108 196123
37 3757 5171 5 3948
38 3760 5888 9 18269
39 4249 6576 105 83393
40 4359 5619 82 87728
41 4472 5079 71 25415
42 4568 4930 24 7349
43 4598 5325 12 3173
44 4609 12448 69 95594
45 4626 6271 96 135308
46 4727 7178 108 213112
47 4728 4838 77 7691
48 4759 5863 18 15793
49 4817 20332 29 247578
50 4928 9426 10 17463
51 4964 5055 80 6165
52 5002 5845 129 60030
53 5370 11426 63 195275
54 5614 6042 101 35703
55 5642 9286 38 54335
56 5834 13268 37 77841
57 5868 6047 48 4418
58 6006 6129 63 3796
59 6130 7378 53 24958
60 6137 6833 116 14995
61 6263 16058 4 9717
62 6273 7511 9 2615
63 6385 6839 20 5718
64 7008 8500 47 15245
65 7070 9057 11 6585
66 7145 7399 20 3878
67 7179 9745 113 82354
68 7354 12170 18 50725
69 7814 11938 32 51394
70 7940 12756 36 184932
71 8082 10302 14 43583
72 8126 10355 40 23770
73 8134 8751 30 3707
74 8192 11337 126 162844
75 8213 16181 52 148476
76 8457 12070 126 175384
77 8470 17568 27 116427
78 8507 15572 10 13939
79 9058 10632 97 70960
80 9121 11762 77 53867
81 9294 10727 105 114617
82 9339 11332 4 3541
83 9436 10143 65 38010
84 9811 11180 22 28388
85 9855 12906 12 20037
86 9982 12738 60 217924
87 10047 42093 84 1015672
88 10099 14159 22 37513
89 10183 11548 103 137123
90 10197 11670 65 34175
91 10235 13568 49 75986
92 10436 10865 35 20818
93 10491 10899 24 3335
94 10508 14708 89 116979
95 10626 11517 102 133716
96 10720 13038 100 97896
97 10898 13026 135 35651
98 11037 11870 141 49290
99 11040 14634 111 469587
100 11125 22081 33 144424
101 11165 11542 85 21972
102 11234 13220 71 155330
103 11371 12931 5 9948
104 11748 28268 44 97230
105 11966 17484 16 43556
106 12039 17261 27 106820
107 12067 19576 119 261900
108 12482 21787 127 539187
109 12492 20702 80 463848
110 12618 16142 96 327858
111 12641 13901 56 32996
112 12670 16715 57 196363
113 12685 13387 130 44609
114 12700 13054 22 5530
115 12732 14724 90 53405
116 12779 24542 116 349919
117 12793 27633 149 251141
118 12798 13774 92 41175
119 12932 17703 139 291662
120 13018 13913 50 13797
121 13228 24011 115 583640
122 13352 14949 18 9094
123 13473 33699 27 438405
124 13518 15206 136 130667
125 13624 17531 36 107990
126 13633 18009 8 10221
127 13640 15026 114 37737
128 13702 17671 16 50314
129 13777 18278 98 161009
130 14051 18788 52 49563
131 14056 22552 50 168098
132 14191 16719 34 21227
133 14255 18382 75 109759
134 14320 16973 101 79537
135 14485 15469 144 117583
136 14650 18994 13 16695
137 14659 16389 17 26374
138 14675 21598 15 71097
139 14782 17102 67 125767
140 14808 17758 69 129135
141 15018 15287 19 5021
142 15355 17559 17 14721
143 15403 20490 4 10956
144 15447 20480 46 181591
145 15465 18081 54 69946
146 15470 15638 112 10114
147 15600 17606 35 154422
148 15642 16431 79 19877
149 15787 20169 16 18124
150 15958 17114 30 28817
151 15990 16953 30 8490
152 16161 23431 126 1056532
153 16278 16864 144 65616
154 16527 23011 11 46714
155 16627 22147 8 40847
156 16651 18116 52 30775
157 16747 17642 10 5440
158 16788 19864 17 14510
159 16803 20196 149 92946
160 16968 25374 6 13435
161 17013 22096 136 206994
162 17132 21525 6 21164
163 17208 18743 7 10424
164 17278 20628 113 151273
165 17402 18548 42 27204
166 17503 19049 109 35102
167 17960 20773 11 17014
168 18296 20626 107 73360
169 18327 19867 77 80370
170 18693 20950 121 204385
171 18744 18837 134 3739
172 18961 23049 33 63191
173 19000 23663 74 103470
174 19003 20614 27 14240
175 19082 20154 36 15961
176 19110 29218 6 30941
177 19472 21950 118 182422
178 19509 23334 38 112265
179 19565 27798 4 10809
180 19635 29234 20 45740
181 19636 20033 55 13427
182 19691 23238 6 4369
183 19714 25178 5 9555
184 19788 21254 81 58214
185 19820 29145 22 66551
186 19827 20030 63 9102
187 19828 27907 32 147901
188 19925 22714 24 104491
189 19970 21901 87 100039
190 19976 23758 9 15171
191 20130 22408 114 71140
192 20165 20206 6 248
193 20191 21449 57 47761
194 20352 23558 64 71656
195 20411 25207 122 278651
196 20729 25885 30 154612
197 20775 28348 31 144497
198 21117 26420 86 119231
199 21194 21673 18 3684
200 21223 22883 102 85388
201 21266 26294 38 266083
202 21389 23614 69 54651
203 21536 22248 35 12720
204 21546 21577 68 2218
205 21572 24134 24 39030
206 21574 22366 93 26275
207 21602 24144 67 37460
208 21688 21779 137 2931
209 21742 26262 7 15192
210 21788 26656 34 16434
211 22068 26086 104 165471
212 22275 24875 107 42357
213 22353 24058 11 15390
214 22422 28043 40 76728
215 22443 30273 16 78994
216 22506 23915 36 15032
217 22556 29336 124 250554
218 22561 24003 42 37909
219 22624 25774 14 67883
220 22746 23139 93 28189
221 22750 28745 57 146237
222 22815 23540 15 5425
223 23054 26571 34 116999
224 23108 23969 21 8170
225 23126 27290 17 30068
226 23314 24821 28 74691
227 23765 24224 70 16950
228 23767 25813 71 78374
229 24030 25449 41 24752
230 24077 33532 43 231973
231 24419 24472 7 67
232 24451 26849 6 4727
233 24604 31168 129 367996
234 24722 27920 35 39363
235 24804 25062 32 5647
236 24903 26611 37 15371
237 24948 27834 15 27766
238 25347 30371 8 20077
239 25375 26483 106 30261
240 25425 27622 9 9251
241 25693 31472 24 46705
242 25725 28691 63 53759
243 25783 27660 122 60590
244 25883 29202 94 82947
245 25899 28014 91 65863
246 25910 26139 110 9129
247 25933 48230 18 131528
248 25942 26826 9 10209
249 26050 26453 27 8283
250 26088 30607 136 189245
251 26127 34310 105 340891
252 26144 27677 8 9953
253 26375 29419 125 317312
254 26581 29989 22 88343
255 26658 27245 14 7331
256 26701 28628 25 43505
257 26918 38367 33 135411
258 26961 37434 79 157504
259 26972 36470 27 47658
260 26992 35763 8 59426
261 27228 27529 110 25940
262 27231 27685 27 4347
263 27364 36320 120 602907
264 27479 28661 49 20220
265 27542 37378 24 70585
266 27575 32031 56 228382
267 27636 28755 127 58090
268 27697 31331 130 276272
269 27796 33430 143 172726
270 27951 32040 10 11473
271 27975 29807 146 281910
272 27986 31000 100 257948
273 28061 28888 104 35219
274 28085 30916 100 105853
275 28133 29196 4 1499
276 28158 34255 84 241523
277 28182 28399 8 1714
278 28258 39264 36 721011
279 28417 29467 42 18281
280 28456 28510 120 1892
281 28551 34184 6 10546
282 28689 36067 56 321955
283 28712 35240 11 33317
284 28727 32198 40 126834
285 28736 34496 5 13516
286 28767 28844 141 9916
287 28925 30836 16 12481
288 28938 30702 138 109504
289 29116 30068 5 2082
290 29210 30147 10 6219
291 29242 29749 17 5205
292 29337 30674 49 12755
293 29364 30050 57 49388
294 29411 30705 149 80990
295 29466 29756 53 11435
296 29594 33673 84 61557
297 29631 36362 56 187070
298 29815 31123 56 21158
299 29987 37922 46 195481
300 30161 31290 123 39825
301 30352 32376 67 28669
302 30403 32112 33 11176
303 30418 31259 4 4412
304 30457 38781 144 659778
305 30491 42062 5 17635
306 30518 37255 121 322640
307 30908 31644 92 53962
308 30927 36586 66 130059
309 30993 34867 33 28399
310 31240 35622 53 87761
311 31304 36753 83 203335
312 31653 41694 33 183368
313 31681 38590 82 185629
314 31878 33176 15 10235
315 31926 33759 69 39830
316 31943 41858 145 543097
317 32348 32817 20 2697
318 32466 49471 133 1269442
319 32681 32970 116 34484
320 32773 35373 67 56169
321 32866 44954 45 198659
322 32884 35779 18 37306
323 32940 34411 129 122708
324 33355 34736 21 48909
325 33469 34026 112 44491
326 33511 41045 19 106521
327 33538 36007 114 181994
328 33582 34956 22 20172
329 33585 38023 79 104536
330 33887 37090 21 24568
331 33929 37531 25 93977
332 33995 35513 68 35527
333 34104 37480 58 39114
334 34108 43451 140 970232
335 34145 43545 68 362888
336 34198 36294 12 8597
337 34206 35039 12 7430
338 34291 34363 72 2162
339 34294 35231 16 6253
340 34560 41446 10 52307
341 34640 36875 10 5324
342 34754 42459 14 38509
343 34958 39696 64 92088
344 35099 43515 5 30664
345 35116 35464 139 31763
346 35244 49631 50 189862
347 35264 51089 7 57681
348 35560 51521 124 785816
349 35621 43207 35 193346
350 35637 40678 6 9372
351 35723 37149 40 20799
352 35727 38354 5 6217
353 36141 40174 30 65432
354 36187 37259 53 39894
355 36304 38817 22 28872
356 36455 37337 10 2657
357 36460 37020 133 63002
358 36687 37669 16 7162
359 36729 53858 70 502151
360 36777 38523 10 5546
361 36918 42149 18 25912
362 36976 40195 101 131565
363 36990 38610 89 53435
364 37021 37401 14 4623
365 37049 37163 28 2774
366 37100 40423 130 240776
367 37282 39431 44 31054
368 37385 39601 8 6861
369 37469 40600 35 92120
370 37580 40806 67 206525
371 37581 38204 21 7294
372 37650 38372 80 11553
373 37743 37787 9 119
374 37784 40101 39 43720
375 37904 42908 42 172722
376 38229 42411 101 187087
377 38230 50041 85 422877
378 38258 42065 26 24488
379 38304 43834 8 15571
380 38407 39025 62 20790
381 38411 48356 5 17008
382 38475 38668 48 6499
383 38591 39265 112 31419
384 38615 47830 147 454106
385 38644 39972 34 13962
386 38647 40239 148 143828
387 38673 38717 103 6986
388 38695 39775 94 105590
389 38801 42990 137 47502
390 38872 39200 13 1344
391 38958 39332 66 18440
392 38960 40936 27 6544
393 38997 47089 13 37560
394 39161 41122 15 34172
395 39465 45568 45 116330
396 39673 42365 75 49275
397 39835 41863 46 21436
398 39874 40619 53 12388
399 39996 50562 22 107289
400 40041 40059 90 975
401 40112 40308 30 5883
402 40272 46441 134 261224
403 40560 42180 49 58853
404 40669 49171 21 111188
405 40680 41277 56 28339
406 40719 42051 49 16434
407 40812 42193 79 32857
408 40902 41598 53 14433
409 40905 41494 26 4381
410 41062 49531 62 241882
411 41124 45828 10 24031
412 41159 42549 60 39570
413 41372 45494 35 85691
414 41383 42174 7 871
415 41393 51363 94 738556
416 41418 45787 19 65019
417 41525 44165 93 218379
418 41579 49690 126 270112
419 41663 48361 69 114434
420 41738 42874 5 5396
421 41934 44725 30 14963
422 41958 47850 46 221109
423 41998 44947 6 12690
424 42054 42660 143 35991
425 42107 51181 23 47558
426 42126 42228 35 1476
427 42161 48649 7 37923
428 42211 49462 13 67293
429 42259 46524 40 88813
430 42338 47166 24 90996
431 42357 43110 18 9686
432 42427 43693 149 99270
433 42494 46583 13 24102
434 42502 44051 45 13329
435 42564 42709 51 5484
436 42607 44025 10 3134
437 42743 46626 4 7794
438 42819 49066 32 43323
439 42884 43652 17 9994
440 43016 52928 118 250238
441 43017 44512 35 15716
442 43041 45209 147 104415
443 43070 47006 75 133449
444 43132 56907 44 199775
445 43133 45686 61 112872
446 43326 46987 130 675248
447 43369 43473 128 9891
448 43399 44456 44 15003
449 43511 48750 112 130309
450 43547 57426 91 211614
451 43874 44895 24 6805
452 43884 52395 29 81732
453 43918 49479 56 356452
454 43922 44899 139 50052
455 44007 44410 75 19023
456 44012 44643 10 2452
457 44281 45142 85 39520
458 44367 49031 129 176891
459 44394 52476 65 161098
460 44481 57073 7 30470
461 44515 51263 11 31557
462 44715 46243 87 28421
463 44796 47056 48 49805
464 44809 49445 133 238101
465 44886 47335 32 46847
466 44920 49986 10 39272
467 44986 46135 136 63281
468 45183 46712 16 11470
469 45453 52925 146 383877
470 45490 49278 145 202837
471 45584 46582 145 73991
472 45603 46568 61 7897
473 45634 48756 19 19955
474 45744 49751 36 114651
475 45756 51038 106 647623
476 45757 45962 36 2378
477 45795 51736 36 47641
478 46338 46456 35 1603
479 46373 52152 13 16860
480 46529 53560 54 129421
481 46731 48393 43 75277
482 46744 49896 33 68590
483 46846 47767 35 11836
484 46901 51125 115 193736
485 46932 48748 78 56937
486 47051 54155 116 142437
487 47090 52763 17 51273
488 47576 55644 106 230491
489 47617 52480 145 254540
490 47685 48503 34 18692
491 47710 54968 34 87789
492 47717 49768 76 91514
493 47882 57345 60 360976
494 48032 58607 58 53471
495 48122 49703 55 113988
496 48296 49121 18 9377
497 48300 57760 105 830169
498 48387 52280 120 245551
499 48414 50180 24 15461
500 48457 50874 91 103883
501 48505 48743 13 2212
502 48593 50342 36 26082
503 48605 49465 14 4105
504 48615 55774 128 1028422
505 48794 48847 70 1972
506 48893 54544 35 170464
507 48922 49067 129 6088
508 48953 51795 11 14524
509 48982 55584 145 674614
510 49083 49276 141 32791
511 49187 50036 121 32219
512 49196 49875 9 3379
513 49225 49976 29 14100
514 49274 53117 9 15431
515 49495 51775 22 49096
516 49521 51070 54 43001
517 49575 53790 75 170288
518 49614 50025 123 12119
519 49639 51452 143 98159
520 49697 54714 87 147671
521 49698 51145 79 41948
522 49833 54764 6 4905
523 50026 53362 72 147525
524 50070 55627 4 8270
525 50192 55078 8 12627
526 50356 53634 9 13305
527 50470 54981 67 137035
528 50551 50560 70 188
529 50583 64464 108 528275
530 50649 53488 4 6194
531 50790 54733 72 290631
532 50804 60570 28 136422
533 50829 53264 88 253574
534 50863 53769 16 38309
535 51003 59009 71 171564
536 51103 53708 19 29866
537 51400 55853 118 212473
538 51625 54619 11 17715
539 51761 52127 87 16319
540 51916 52118 48 6755
541 51919 53859 37 47927
542 51920 53590 132 178573
543 51968 53109 86 72953
544 52012 61593 82 344394
545 52014 53782 136 55053
546 52032 52378 112 24381
547 52190 55963 67 99787
548 52199 54588 130 91835
549 52319 57977 129 120876
550 52349 53583 101 39811
551 52367 56520 50 202003
552 52413 57396 25 20887
553 52718 56163 15 42478
554 52754 55032 124 29804
555 52848 58036 65 78311
556 53209 53390 67 9021
557 53450 58485 5 10542
558 53467 54179 60 42454
559 53548 54341 121 79000
560 53607 54137 61 10407
561 53766 53979 14 1460
562 53795 53957 127 4807
563 53960 56512 25 10442
564 53984 55122 86 17500
565 54011 57613 71 175399
566 54257 56688 4 9667
567 54403 54676 103 9988
568 54420 61893 6 29431
569 54438 54758 148 69639
570 54442 54958 69 14716
571 54538 55443 12 3852
572 54633 58187 30 52910
573 54727 57571 63 106569
574 54738 54804 73 1556
575 54762 59363 47 37239
576 55022 55452 43 9250
577 55027 55337 31 15270
578 55117 60606 80 145740
579 55186 56133 23 15132
580 55242 58491 82 59541
581 55327 55654 113 14343
582 55360 55608 12 1183
583 55528 58026 18 18817
584 55570 59636 86 240263
585 55761 60632 67 112334
586 56013 71846 16 135262
587 56039 57702 91 52018
588 56076 56634 6 2864
589 56150 58636 6 17692
590 56248 57120 69 37743
591 56320 56940 10 4131
592 56358 65295 70 176465
593 56514 57395 27 8959
594 56573 64696 21 39141
595 56580 64223 77 149505
596 56620 70820 22 75416
597 56719 59389 9 14102
598 56825 68627 133 274709
599 57007 59172 5 2825
600 57050 57552 46 16959
601 57100 61098 41 118772
602 57217 59534 69 39941
603 57326 62930 27 86364
604 57363 58540 132 93552
605 57614 58200 48 11453
606 57747 69986 105 371747
607 57762 65348 117 162752
608 57862 62743 73 157371
609 57943 63749 9 33637
610 58037 59322 46 28212
611 58059 60249 50 65057
612 58118 60965 34 20831
613 58159 59521 141 127803
614 58371 61576 41 17178
615 58562 61761 56 72866
616 58830 59691 50 22626
617 58961 64283 116 222780
618 58982 66735 41 106612
619 59162 65363 4 6246
620 59163 62190 145 129198
621 59246 61507 18 26827
622 59574 62737 56 135423
623 59703 60411 89 23046
624 59781 61425 14 4963
625 59796 63026 14 15421
626 59963 60141 10 322
627 60035 60828 7 3877
628 60043 65422 79 121350
629 60082 61849 22 8730
630 60183 69212 73 167189
631 60233 70875 5 20696
632 60415 67791 17 60137
633 60423 65884 74 166668
634 60540 69567 119 483145
635 60648 63478 38 31417
636 60674 62676 27 39282
637 60749 69326 16 42483
638 61090 70266 35 204713
639 61132 61683 23 4820
640 61394 62429 110 32268
641 61591 62753 78 29664
642 61674 65686 115 372354
643 61914 64922 32 58673
644 61942 63206 119 56046
645 62072 80621 14 128008
646 62329 67404 60 292702
647 62446 72330 139 551885
648 62546 68361 41 42352
649 62563 68920 49 175889
650 62569 67531 55 581446
651 62626 63386 20 11288
652 62735 67250 16 46124
653 62770 66037 43 48109
654 62813 63801 67 36203
655 62903 64402 7 3348
656 62957 67258 131 173419
657 62992 63743 90 44846
658 63027 65012 5 3128
659 63120 64907 104 38087
660 63163 68958 58 331114
661 63265 68551 145 348692
662 63411 67686 24 42475
663 63569 65694 23 61192
664 63585 73583 58 144601
665 63647 70769 12 35588
666 63722 70230 49 149071
667 63845 70691 5 16311
668 64175 64343 67 18681
669 64219 64853 92 25094
670 64281 66159 13 5393
671 64342 68977 124 540162
672 64468 66072 140 104036
673 64525 65562 50 17770
674 64724 75490 66 122470
675 64787 64852 87 1095
676 64841 69014 38 68760
677 64963 66809 10 9528
678 65024 65819 27 23111
679 65026 68583 87 113537
680 65106 65689 6 2456
681 65288 67044 15 10107
682 65290 75911 53 138179
683 65300 66757 131 70623
684 65343 65476 6 443
685 65352 68083 122 267024
686 65386 70536 22 45031
687 65762 71585 95 93984
688 65797 72488 13 45340
689 65971 66527 20 4317
690 65979 78057 34 213752
691 66001 69288 124 251279
692 66338 75570 17 58818
693 66347 68762 9 10221
694 66460 67371 55 11366
695 66467 67742 39 26125
696 66718 72503 66 164807
697 66877 69292 59 26959
698 66980 67732 55 17024
699 67092 77145 146 639838
700 67202 79888 54 194463
701 67233 68531 12 5263
702 67368 69843 90 74149
703 67372 68105 103 12236
704 67469 70091 30 67688
705 67499 67962 13 3460
706 67504 92093 14 95916
707 67600 68021 28 3204
708 67919 72225 21 46433
709 68040 75978 117 723187
710 68168 70145 14 29305
711 68392 75677 9 16834
712 68441 71605 89 172726
713 68444 68893 63 10527
714 68543 69139 15 8845
715 68564 73840 39 157143
716 68646 72710 71 119347
717 68746 70842 8 6044
718 68834 72360 35 80743
719 68971 77465 11 46752
720 68996 71662 11 13009
721 69030 70335 16 8971
722 69090 71507 14 21022
723 69207 70836 26 22909
724 69343 72655 99 186876
725 69511 71943 37 29232
726 69819 78933 17 54854
727 69915 70778 88 34128
728 69978 72530 74 39930
729 69979 71700 33 60882
730 69987 75717 20 48375
731 70061 70608 133 20082
732 70108 72636 148 597225
733 70127 86883 82 309712
734 70246 73148 52 84157
735 70437 71378 8 4735
736 70496 76196 68 215060
737 70663 72946 62 48281
738 70813 77819 24 22071
739 70946 71013 110 1521
740 70955 71765 65 28604
741 71003 74461 31 77291
742 71057 75033 123 296126
743 71141 71986 83 40140
744 71177 75909 8 12894
745 71582 77003 28 248866
746 71588 73566 54 78665
747 71593 75514 34 75595
748 71634 72470 42 20746
749 71635 75862 120 134494
750 71674 74795 49 133093
751 71752 79565 25 61490
752 71838 77324 63 159290
753 71965 77304 14 20102
754 72005 72747 7 1937
755 72189 77887 32 145638
756 72204 74189 95 122116
757 72237 76319 78 128784
758 72317 74915 106 73064
759 72323 81478 30 109317
760 72459 79520 119 733349
761 72516 85164 48 288781
762 72526 72724 131 30043
763 72600 73884 147 127298
764 72663 73252 83 29545
765 72755 73213 27 4114
766 72840 77495 144 167782
767 72951 72960 5 37
768 72992 76983 9 19192
769 73133 76681 49 75878
770 73310 76194 22 38326
771 73388 75113 114 149598
772 73704 75159 95 36442
773 73719 83866 18 46611
774 73735 74830 55 43225
775 73863 75487 25 87757
776 73908 75661 87 69596
777 74292 74898 4 1551
778 74667 78268 60 130885
779 74728 75414 18 16328
780 74836 77912 116 73087
781 74947 75187 32 3938
782 74974 76840 110 100602
783 75602 76188 33 11378
784 75787 80338 141 96888
785 75803 79685 52 147470
786 75959 88777 67 334446
787 75996 78227 82 90721
788 76037 78845 6 10893
789 76166 82423 29 110859
790 76482 78284 16 65957
791 76521 80363 11 24561
792 76658 77147 53 15908
793 76906 86646 148 251815
794 76929 77960 48 13779
795 77128 77723 129 46604
796 77161 79579 149 100369
797 77506 78434 35 23634
798 77517 84128 60 207579
799 77556 82927 85 93429
800 77595 77984 41 8453
801 77650 80023 73 97171
802 77665 77962 64 9407
803 77787 79395 66 51485
804 77808 79149 18 11431
805 77880 93978 81 402140
806 77933 78653 18 7628
807 78170 79577 48 16581
808 78384 90073 19 41396
809 78485 79160 105 50068
810 78525 81821 36 59290
811 78745 81026 141 330476
812 78889 86636 89 125048
813 78899 79793 24 16606
814 78949 79961 21 16852
815 78986 80911 28 16068
816 79075 85294 9 20500
817 79288 84473 58 127175
818 79425 82164 31 15003
819 79592 79799 148 27897
820 79695 81054 101 118303
821 79805 80236 20 5464
822 79813 80708 11 1552
823 79827 85832 59 70343
824 79959 80945 59 21817
825 79998 81241 11 18337
826 80082 82330 43 17024
827 80085 84040 16 19969
828 80286 80727 118 16997
829 80395 83834 21 54584
830 80408 81588 41 20882
831 80421 93629 94 1234485
832 80525 80832 131 29488
833 80799 83043 145 178870
834 80839 81372 147 45296
835 80966 81030 11 217
836 80977 81468 37 21723
837 81064 87251 22 55154
838 81117 82942 118 56506
839 81151 86675 17 12988
840 81195 90862 29 143355
841 81577 84381 38 51656
842 81713 86050 16 44155
843 81750 82619 44 21884
844 81756 88512 36 75514
845 81792 83985 22 8843
846 81866 85709 6 13816
847 81929 83568 88 59245
848 82101 87444 59 68571
849 82621 87966 150 517417
850 82686 84823 74 72415
851 82711 85441 17 43145
852 82743 87263 130 263136
853 82756 83287 76 25584
854 82822 84448 8 3012
855 82854 83450 100 35059
856 83237 84868 98 151044
857 83414 87808 141 161952
858 83419 88572 8 14031
859 83427 83541 107 6260
860 83455 85033 7 3541
861 83472 91429 54 88283
862 83547 84428 100 32123
863 83700 91213 50 57311
864 83718 88171 111 295646
865 83754 83757 9 31
866 83774 88915 95 104611
867 83850 90642 111 262799
868 83966 97736 141 281663
869 84046 88650 96 491270
870 84149 94425 5 7190
871 84206 90153 10 16111
872 84224 89443 82 176761
873 84236 85000 91 33668
874 84360 89643 19 94126
875 84463 95318 35 355584
876 84482 86006 48 13681
877 84631 87829 7 5301
878 84951 87868 47 53370
879 85051 86442 28 26173
880 85230 86599 6 3581
881 85263 95436 79 257765
882 85320 88172 144 355394
883 85333 89588 138 123692
884 85362 87870 36 46400
885 85547 88274 10 20992
886 85549 86809 10 8335
887 85568 89085 72 99375
888 85572 89396 81 72495
889 85658 85943 33 9609
890 85715 89022 12 21773
891 85816 91557 143 455636
892 85820 86118 8 694
893 85870 92815 81 137271
894 85885 86727 61 34907
895 85924 92745 104 196936
896 86045 87021 61 21885
897 86070 86617 141 71274
898 86145 89850 25 28953
899 86328 89372 55 51910
900 86464 87944 71 48901
901 86655 88577 128 224781
902 86683 90478 32 52689
903 86772 92520 81 189849
904 86906 90189 83 85067
905 86917 87368 8 2298
906 86945 89131 8 8935
907 86981 87202 33 4229
908 87083 90301 8 19945
909 87149 87497 135 20864
910 87205 88962 15 8941
911 87232 90357 142 216058
912 87243 89375 17 21336
913 87451 87935 88 23155
914 87673 89676 88 50721
915 87814 87888 16 318
916 87817 93333 68 200507
917 87893 96255 142 408079
918 88034 89270 66 56314
919 88056 89917 133 192375
920 88124 88228 80 8385
921 88167 90344 13 8512
922 88183 90003 30 56357
923 88249 93553 136 368575
924 88296 88361 12 387
925 88401 91937 103 406466
926 88410 91483 55 121402
927 88411 93933 31 80292
928 88527 94750 9 35071
929 88827 89115 36 5424
930 89099 91987 58 35792
931 89229 95545 127 597834
932 89395 91249 7 4148
933 89406 90323 43 32788
934 89416 89527 148 8243
935 89432 89828 15 1811
936 89484 89904 52 17379
937 89544 90514 24 4851
938 89767 91915 15 9458
939 89966 90464 44 12164
940 90028 97974 47 69642
941 90104 95629 112 223365
942 90161 90632 104 87812
943 90285 90884 76 20295
944 90435 91974 9 5683
945 90547 91325 107 123635
946 90883 91015 57 9200
947 91026 95139 10 11407
948 91039 96030 24 72504
949 91103 96435 18 13716
950 91192 93390 54 35321
951 91294 92087 5 3020
952 91421 92142 32 25956
953 91898 92913 9 4212
954 92047 94387 150 211591
955 92127 92971 56 21842
956 92213 92515 83 19627
957 92277 99931 16 35414
958 92401 95970 102 240403
959 92411 95358 19 18038
960 92449 95833 10 25046
961 92467 92510 106 6945
962 92525 95573 21 21158
963 92573 93938 123 41367
964 92585 93981 82 95180
965 92609 97526 13 43511
966 92623 99162 35 45482
967 92736 93011 31 2869
968 92770 93429 148 71577
969 92939 93061 145 22191
970 93092 93239 137 12237
971 93137 97719 76 145402
972 93331 95620 141 65585
973 93375 94793 69 39540
974 93767 94866 141 120460
975 93921 99778 44 135613
976 94051 98429 52 41798
977 94127 98099 132 401095
978 94326 94599 106 21208
979 94708 99855 74 167607
980 94925 96424 6 2598
981 95028 99507 59 110466
982 95093 96007 49 101762
983 95165 98041 15 13910
984 95208 96011 134 74038
985 95839 99647 79 215236
986 96181 97760 27 40995
987 96794 98860 12 11823
988 96837 97266 27 10906
989 97026 99517 19 19710
990 97032 97573 52 18602
991 97115 98121 143 45901
992 97318 98520 69 21774
993 97585 99477 10 10006
994 97758 99638 80 67526
995 98030 99454 13 12907
996 98086 99755 25 39582
997 98355 98975 149 23088
998 98625 98723 14 511
999 99284 99912 5 1607
