50 1000 0.014
.....#####.##....................#...............#
#....#.###.###.#...........#.....#..........##...#
#......#####..##..........##...####.......####...#
.#......#.....###........#####..#.##.##.....####.#
.............##............##.####..###.###..#....
.#......##..#.##..........##..#####.###..##..#....
##......######.#....#...#..#.##....###............
.#......#####..#....#..###......####...#..........
...#######.#...#....#..###.....#####.#####.#......
...###.###.#.......###.##.......##.##..##..#......
...##.###.#.......#.###..#.....#...###..#..#......
..###...#.#.......###.####..#..####.........#..#..
.....#..#.##........#..#.#######......###..#######
.#...##...#####.....##.###...###.#....####...####.
.#.######...#.......#...#...###.##...#.##.....#.#.
....##..##..........#..###.....###...#.........###
...#####...........###...##....#.#.......##...##.#
....#..###.........###...########...##...#....#...
......###.........##.....###.##.#...##..........##
........#..........##.........###..###..........##
#.......#..........##...............##........####
#......#....###...##................##........####
......###..#####...####.......###..###........##.#
.......##.#.##...###.#........###.#..#.......##.##
...##.###.##......#.##.......###..#..#.......#####
....#########...#.#..##.......#..####......###...#
#....####..###..####.##.........#####.............
.....#.....##.....#..#.........#..................
............##.......#.........###...##...........
..................######......##.#.#.#.......##...
#....................###........########...#.##.##
#............###.....##...........#####...##.#####
##..........#........###...........##......#######
###.........####..######........##.#......##....##
##.....#.....#####...#..........#.........##....#.
......##....####.#...#.....#....#..........##...##
...#.###....#....##...#.#.####..##..#...######....
...####.......######.####..##....#####...#.####..#
...###.#.......#..######............#.....#......#
......##..........#..#.##.................#.......
.......##.......#..#..###.................##......
.....#####......####.######.......................
....#####.........##.#.#####.#.#..........#.......
....##.#..........#.#.#####.####........####......
....................##.##.#...####....#..###......
...#.............######...#.....#.#...######......
.####.............#.##...#.#.#..###....####....###
.#..#..............#####.#.###.###.....#####..#.##
...................##...##..######....####.#..####
........................##..######.....#.##...##.#
0 190 6519 95 214105
1 509 4322 53 91706
2 581 4375 65 133072
3 725 3193 34 50769
4 805 1338 7 2088
5 856 15161 40 861498
6 896 2190 15 8594
7 959 12679 100 502419
8 1036 12583 29 140051
9 1254 4107 19 15612
10 1277 1640 54 5598
11 1326 2469 5 3183
12 1597 4928 21 21402
13 1846 21047 143 1042711
14 1885 10101 9 10011
15 1929 12568 33 101332
16 1965 18487 26 222890
17 2104 2267 15 2141
18 2148 18962 6 79460
19 2174 2950 47 30576
20 2231 14259 24 210636
21 2349 9894 92 634815
22 2374 7089 6 5901
23 2483 6329 62 133887
24 2491 13564 105 678472
25 2619 3533 15 8209
26 2687 3801 96 115085
27 2710 4747 46 27888
28 2875 7648 91 167762
29 2929 19459 4 46448
30 3032 6637 116 171386
31 3100 5282 6 8145
32 3232 5915 28 23797
33 3256 4939 59 64067
34 3259 16198 71 197660
35 3394 3771 9 1744
36 3637 9529 58 137799
37 3713 4447 21 7757
38 3832 24301 34 211246
39 3835 10552 8 20959
40 3867 5232 63 22248
41 3941 9330 14 24607
42 4157 14984 47 133955
43 4163 9437 15 60513
44 4240 9443 142 268467
45 4268 10992 111 239388
46 4273 7546 17 31735
47 4308 14979 4 30018
48 4359 5504 6 2418
49 4451 4684 133 9193
50 4515 12686 32 139050
51 4539 13035 75 158885
52 4672 14461 44 121979
53 4701 7489 60 162103
54 4813 32873 123 527901
55 4826 6478 70 138439
56 4833 25165 8 65249
57 5063 7912 8 13504
58 5102 28817 38 424240
59 5109 11258 23 77891
60 5146 6793 10 10314
61 5248 5874 80 29497
62 5286 7970 95 126789
63 5389 13650 21 42011
64 5415 14852 83 358948
65 5442 8314 91 457958
66 5537 9263 117 127790
67 5556 13733 72 253337
68 5630 19963 33 219455
69 5691 10007 60 88434
70 5764 19158 15 49190
71 5766 13507 121 873517
72 5812 12654 17 20880
73 5839 13875 35 41784
74 5878 7374 122 75767
75 5999 6687 65 18885
76 6013 6656 8 4707
77 6503 16524 14 26791
78 6576 9976 41 39757
79 6591 20217 74 101454
80 6746 9520 47 104281
81 6929 17986 53 413521
82 7074 15098 34 64455
83 7218 7263 52 2583
84 7232 7420 14 1936
85 7279 18688 12 129052
86 7372 15085 75 139718
87 7403 9033 76 24433
88 7440 8467 5 5174
89 7561 24095 18 333668
90 7864 10165 110 97395
91 8005 29192 94 688369
92 8233 21396 83 233474
93 8377 20193 15 128238
94 8420 21546 26 119882
95 8436 13806 91 218037
96 8516 9765 143 118565
97 8554 12295 62 24061
98 8592 15874 40 298004
99 8613 11672 113 408525
100 8658 17995 51 137995
101 8661 16838 83 178015
102 8662 13411 19 49391
103 8669 10757 55 69477
104 8809 13801 135 662305
105 9025 11966 62 83967
106 9068 26820 5 9279
107 9093 13140 71 103764
108 9181 11979 22 21487
109 9199 9349 36 1917
110 9326 10442 47 63934
111 9554 34417 32 309934
112 9901 20498 32 171559
113 9987 11983 42 26345
114 10052 15389 6 12059
115 10064 10242 69 7251
116 10235 11283 50 7592
117 10286 12396 26 29876
118 10321 11393 109 60982
119 10537 13715 119 101328
120 10675 18204 48 169160
121 10815 15345 108 133071
122 10847 12395 141 25074
123 11137 11448 83 20636
124 11388 16505 106 49887
125 11433 11645 5 979
126 11512 15196 103 245892
127 11753 15853 32 78396
128 11786 14449 138 69024
129 11831 17914 45 184140
130 11852 13787 18 19428
131 11974 39925 12 102304
132 11996 13376 29 19924
133 12146 15127 5 5334
134 12152 17788 32 150793
135 12191 18734 65 266418
136 12378 41201 61 249127
137 12596 19703 11 108453
138 12780 16799 6 4767
139 12785 17675 19 32673
140 12900 14335 93 51326
141 12950 14624 22 14271
142 13051 25148 17 102294
143 13317 16736 59 40894
144 13481 15191 28 15135
145 13491 19405 107 128275
146 13725 28548 57 237148
147 13730 15639 7 5196
148 13908 22879 132 355484
149 14021 16590 81 72286
150 14047 15627 26 13562
151 14286 18322 117 253779
152 14630 17065 38 41826
153 14965 20275 116 250187
154 15017 15247 5 424
155 15132 28480 61 334818
156 15250 16229 66 42687
157 15347 18032 19 24506
158 15461 19352 82 161519
159 15511 19734 75 93191
160 15528 49518 19 153559
161 15655 16440 104 61181
162 15973 18330 102 83330
163 16083 20259 6 7814
164 16146 24705 18 39092
165 16170 20819 13 14012
166 16217 21941 11 10554
167 16266 19696 6 12683
168 16323 18796 6 9537
169 16421 17951 73 223870
170 16534 23189 8 20930
171 16581 19525 149 194521
172 16862 30208 13 59072
173 16908 17245 86 14913
174 16966 25004 14 41217
175 17215 18973 90 40508
176 17265 19010 93 29054
177 17267 22383 26 26939
178 17414 23049 14 34417
179 17484 43301 50 679907
180 17544 24642 85 221368
181 17593 25506 70 656031
182 17742 39187 112 865814
183 17795 19209 85 91533
184 17895 35222 19 106320
185 17898 20752 6 7985
186 17946 26481 5 22941
187 18001 56205 15 96734
188 18033 21081 28 24863
189 18189 20831 22 25872
190 18250 24628 16 116691
191 18254 32909 53 222564
192 18293 30395 131 1696558
193 18475 18817 29 4152
194 18628 33143 31 77519
195 18786 22751 26 42978
196 18798 42813 57 508357
197 18874 27733 9 32342
198 18975 32536 134 864210
199 19198 27889 46 266196
200 19358 20768 59 37179
201 19383 19612 94 8751
202 19388 41191 95 524068
203 19394 21712 68 47065
204 19550 34391 129 631422
205 19582 21497 54 27979
206 20308 21450 57 30952
207 20350 38094 90 749185
208 20377 31945 67 230587
209 20390 25390 67 229457
210 20421 21107 114 16895
211 20534 34712 42 325202
212 20577 41032 5 41043
213 20842 40513 15 133794
214 20883 36396 17 31663
215 20948 21970 5 2263
216 21035 22066 85 77914
217 21189 25854 17 25096
218 21274 22133 6 1594
219 21328 25407 33 139969
220 21496 22679 12 3046
221 21658 22581 144 69773
222 21688 38876 43 302885
223 21772 27616 91 261559
224 21846 26815 65 223353
225 21889 34142 18 123148
226 21908 23136 29 24570
227 21972 22043 85 1955
228 22136 37795 5 55941
229 22314 40014 51 254360
230 22356 33500 27 114857
231 22380 23560 82 38625
232 22499 24047 15 11452
233 22576 27412 9 6239
234 22591 36237 35 372943
235 22623 32020 78 152958
236 22670 23000 9 1272
237 22776 23855 111 84952
238 22953 43919 5 44581
239 22990 25400 148 246730
240 23011 31137 9 18731
241 23091 39575 93 799625
242 23252 27881 118 669612
243 23341 32195 16 37175
244 23567 31648 10 51099
245 23793 26828 148 192425
246 23876 35005 14 51105
247 24022 25699 15 6780
248 24038 28986 115 254828
249 24091 24699 6 1625
250 24106 28563 91 275990
251 24182 25657 9 7061
252 24229 25363 142 113358
253 24248 35271 9 51383
254 24443 28121 35 45113
255 24446 24496 80 7486
256 24502 35137 20 193750
257 24560 30943 5 9022
258 24626 25807 17 15386
259 24762 31055 147 274230
260 24848 26350 61 61952
261 24889 28584 10 26650
262 24900 52839 19 64550
263 24919 28893 8 33186
264 24971 38300 29 87329
265 25067 26664 23 35912
266 25184 26882 68 33014
267 25258 30219 128 215261
268 25451 34029 110 537147
269 25659 46021 7 35479
270 25732 28467 52 85290
271 25765 33590 75 211926
272 25821 40085 63 148057
273 25962 32488 147 446582
274 26053 31255 40 117087
275 26076 30725 52 74452
276 26098 44601 137 862014
277 26309 46059 55 315505
278 26453 40144 16 181269
279 26457 27492 26 8469
280 26503 37967 10 90811
281 26508 33264 33 110041
282 26739 34892 61 200371
283 26785 33943 108 277961
284 26792 28421 24 34357
285 26826 41648 43 337038
286 26832 28177 12 3543
287 26853 27999 83 35548
288 27077 29344 6 7068
289 27100 33077 138 402353
290 27129 36920 56 244629
291 27182 29198 12 7388
292 27267 29488 7 11204
293 27353 28014 137 11950
294 27435 29199 12 14092
295 27461 28673 81 43426
296 27581 29063 52 49943
297 27660 31472 27 54957
298 27722 32911 5 13244
299 27783 31422 106 141510
300 27835 50630 7 86576
301 27928 28086 11 678
302 27954 35096 10 26469
303 28056 30155 128 131876
304 28122 36668 97 261364
305 28329 31793 119 221729
306 28417 33485 82 155150
307 28536 34392 24 88484
308 28808 30491 57 81158
309 28811 34616 5 7980
310 28944 44100 33 141039
311 28958 30112 136 36050
312 29054 29761 18 4576
313 29281 37125 77 153533
314 29641 47979 27 356804
315 29783 30164 99 24432
316 29915 30698 100 17083
317 30038 39904 13 58454
318 30088 44860 6 55461
319 30098 31176 26 24920
320 30166 32575 7 17778
321 30176 38760 15 54405
322 30333 36702 83 191694
323 30347 31031 4 1036
324 30379 40706 55 165063
325 30389 59356 84 874681
326 30707 33709 109 291814
327 30750 44229 75 372503
328 30839 44810 40 360954
329 31208 46076 62 655503
330 31241 33702 45 56316
331 31331 37177 8 7635
332 31365 32435 131 95598
333 31385 34146 124 128335
334 31610 47281 119 811684
335 31621 35242 46 59404
336 31659 54587 36 628711
337 31837 43662 13 80346
338 31919 36889 63 264577
339 32001 33596 123 214690
340 32021 42058 59 339099
341 32074 35835 29 19482
342 32367 33876 138 103977
343 32373 45150 26 202455
344 32461 88988 70 1387768
345 32494 37960 64 34468
346 32649 45056 23 46567
347 32651 33216 141 38128
348 32758 33246 52 8166
349 32913 48030 96 317893
350 32914 35154 35 35383
351 32927 36665 51 106100
352 32977 57250 18 251874
353 33213 38041 52 125491
354 33252 37397 104 147430
355 33379 40811 40 99991
356 33392 34375 42 36263
357 33397 33839 112 33555
358 33413 33824 145 36155
359 33607 33985 38 4328
360 33673 57505 14 228791
361 33685 34021 149 15909
362 33719 39279 48 83163
363 33739 45817 8 86853
364 33856 43939 67 131008
365 34385 35969 28 33177
366 34501 35503 95 39048
367 34504 42615 100 509493
368 34527 41053 37 79154
369 34693 35452 70 50626
370 34751 42078 54 72763
371 34807 37581 62 71014
372 34813 36277 10 9317
373 34847 40617 19 40837
374 35090 37671 92 181525
375 35108 46648 4 78134
376 35337 87802 7 37816
377 35469 51446 97 715997
378 35574 36112 114 12495
379 35752 38944 76 215917
380 35938 36426 87 32646
381 36033 40782 25 38061
382 36178 37302 15 5166
383 36432 44335 53 160194
384 36738 38986 146 139817
385 36832 39553 77 89489
386 37089 39059 65 77682
387 37151 37786 49 23069
388 37187 58936 15 107839
389 37254 46140 141 1016087
390 37261 37415 72 11872
391 37425 45503 107 428157
392 37482 47159 11 39440
393 37527 49873 8 15542
394 37660 43384 6 11885
395 37748 40233 121 149725
396 37913 38339 62 66443
397 38032 49017 42 131934
398 38064 77284 75 946649
399 38105 43737 28 83276
400 38135 41607 21 58726
401 38156 39704 7 5422
402 38360 38885 21 11728
403 38410 41614 100 146999
404 38444 43235 43 112383
405 38602 39494 112 38794
406 38667 54170 4 64105
407 38819 55842 79 1116226
408 38869 39303 86 17986
409 38894 41728 26 23157
410 38953 41090 37 54815
411 39160 56040 24 109962
412 39229 59467 72 242388
413 39247 39709 36 13525
414 39297 45697 28 92391
415 39387 39686 101 11007
416 39432 52504 36 55933
417 39598 55420 31 456854
418 39663 42546 16 21019
419 39701 45876 4 8844
420 39719 50057 123 803675
421 39747 48841 120 852415
422 39753 53308 53 241287
423 39854 42611 121 257598
424 39884 40213 38 6262
425 40037 55348 129 344066
426 40069 55952 27 171288
427 40235 46360 65 347170
428 40395 50162 109 741665
429 40424 45230 11 15858
430 40470 43785 60 90518
431 40526 43127 47 50494
432 40620 55102 27 292283
433 40713 43066 105 137709
434 40756 46191 13 35207
435 40759 50741 13 59081
436 40841 44624 67 122279
437 40966 44159 6 17072
438 41030 46478 25 94912
439 41047 41641 32 6459
440 41103 74348 133 921395
441 41264 41575 22 15109
442 41411 49374 40 85681
443 41630 44437 111 75546
444 41682 61823 125 969418
445 41686 43050 53 40915
446 41701 41808 16 1925
447 41702 58524 26 196229
448 41843 44286 38 27967
449 41871 56950 15 153581
450 42047 47051 11 14636
451 42135 50755 99 371788
452 42338 44244 54 41575
453 42391 49929 40 180869
454 42460 49593 56 97784
455 42602 48031 44 138001
456 42664 42881 83 17079
457 42811 61632 51 306968
458 42812 51396 26 30599
459 42857 47111 78 139786
460 42924 50902 25 43229
461 42932 53349 84 739636
462 42978 47708 14 10948
463 43325 47714 22 14556
464 43348 43863 79 29958
465 43485 48770 121 270173
466 43635 67948 148 955005
467 43682 45222 114 116828
468 43717 61443 35 205241
469 43753 47858 75 57089
470 43782 48712 128 186102
471 43936 49810 47 296316
472 44091 46373 43 18547
473 44205 54813 8 40266
474 44207 44896 139 45771
475 44724 45522 7 4465
476 44767 44812 105 8472
477 44773 47781 84 202226
478 44803 48324 16 27921
479 44855 52438 69 523292
480 44874 64253 29 128684
481 45030 53844 76 369581
482 45156 53334 119 846625
483 45267 64684 95 588698
484 45282 51893 97 188551
485 45286 51570 22 73816
486 45287 48109 91 70964
487 45381 53690 77 268162
488 45389 46075 21 10917
489 45435 74722 16 255783
490 45442 47173 117 126651
491 45490 55060 79 323572
492 45735 50185 49 126556
493 45788 78756 16 96261
494 45863 55886 130 152286
495 45904 48110 10 7808
496 46023 48379 126 34649
497 46033 48825 112 80062
498 46105 49779 30 26052
499 46137 53231 143 293469
500 46206 51594 64 237540
501 46400 63384 35 291841
502 46452 58284 147 1115673
503 46565 46943 19 1830
504 46634 58910 146 411854
505 46667 49038 13 14944
506 46841 65054 41 215259
507 46922 47151 110 12060
508 46962 71075 50 620379
509 46970 57664 79 190635
510 47003 52311 36 52279
511 47114 76438 39 433271
512 47148 51809 136 177434
513 47419 48113 148 92965
514 47450 50616 14 24220
515 47499 67177 145 523590
516 47507 64179 4 15230
517 47512 63842 43 230759
518 47529 52141 113 343317
519 47587 66899 131 790737
520 47746 47898 37 2508
521 47920 58638 29 157603
522 47960 52850 74 167749
523 47969 50800 98 163792
524 48060 54943 7 29413
525 48117 59347 59 368221
526 48165 51914 109 173419
527 48203 49419 44 36472
528 48357 51630 12 20159
529 48487 50373 10 5711
530 48568 50733 13 5066
531 48615 48997 129 9111
532 48631 51693 149 435240
533 49249 50484 38 52380
534 49294 50719 33 24633
535 49316 67160 132 1184792
536 49468 61544 38 128722
537 49476 56093 22 39597
538 49641 57499 5 9625
539 49679 56146 44 121825
540 49731 52769 27 64199
541 49783 59070 88 409103
542 49911 61339 121 549093
543 49944 52299 71 64110
544 50235 52828 135 215588
545 50237 52691 90 133876
546 50304 52704 124 210723
547 50404 66196 12 42930
548 50621 56659 40 114922
549 50717 52966 14 21229
550 50781 53314 56 145787
551 50851 54072 62 68690
552 51039 61496 104 296460
553 51161 54289 17 36851
554 51243 59465 7 50798
555 51417 61129 29 233457
556 51588 75249 56 946192
557 51608 54159 10 33076
558 51629 51736 24 445
559 51703 61268 15 58639
560 51811 53196 48 53028
561 51839 60148 113 639991
562 52013 70124 124 1557050
563 52203 53632 80 67852
564 52240 62864 31 117101
565 52359 53824 80 85843
566 52364 59217 17 109261
567 52384 62063 97 334332
568 52496 57168 115 354430
569 52605 55059 26 17871
570 52660 57129 53 133135
571 52746 53948 32 9148
572 52804 91203 25 411638
573 52874 83141 56 236079
574 53124 63037 49 194809
575 53145 76491 12 61405
576 53232 59714 10 13019
577 53287 72804 60 451063
578 53328 53786 147 27999
579 53452 64472 43 235429
580 53789 54206 126 142000
581 53888 56916 58 79982
582 54050 57450 32 48598
583 54077 55422 143 86591
584 54104 62013 11 42903
585 54148 56385 68 130969
586 54239 64721 5 23710
587 54292 72806 18 146044
588 54397 71369 62 370462
589 54422 67617 72 810583
590 54619 61844 92 164823
591 54624 60211 143 345522
592 54641 55803 43 23674
593 54846 77671 31 121434
594 54968 55187 5 789
595 55173 90365 88 1595809
596 55462 68548 15 91684
597 55488 63009 24 85661
598 55650 63623 120 324263
599 55913 59838 92 149838
600 56324 57251 58 52550
601 56423 71827 108 1100274
602 56434 58201 110 87892
603 56481 56665 41 3002
604 56505 59727 110 114017
605 56833 74875 141 490395
606 56838 59142 32 22455
607 56941 60930 57 71095
608 56953 69525 25 129010
609 57221 61770 36 146616
610 57269 58338 19 9047
611 57432 60695 140 190542
612 57441 71333 56 98879
613 57473 73656 60 541119
614 57486 58180 107 36806
615 57492 59691 92 77864
616 57540 66962 97 520449
617 57546 66857 29 95043
618 57827 57930 103 3611
619 57870 66257 21 191165
620 57960 68014 80 582156
621 57975 60237 127 66049
622 57977 60861 31 37063
623 58113 65420 105 251097
624 58183 62261 22 30182
625 58225 60186 103 60701
626 58271 60838 31 17619
627 58337 64625 110 278057
628 58450 59471 145 241659
629 58512 61946 21 62286
630 58535 75349 121 531467
631 58578 68579 27 165005
632 58605 61602 12 17308
633 58787 62874 80 199899
634 58943 61263 26 94569
635 59001 62986 142 90428
636 59173 65563 16 38309
637 59329 68135 67 48117
638 59716 60047 22 4977
639 59742 62101 18 34871
640 59787 72877 88 292771
641 59811 72880 5 21361
642 59817 61884 30 11565
643 60063 62257 22 18506
644 60154 67750 86 243019
645 60264 68239 4 18862
646 60573 85482 89 1438481
647 60611 65534 114 449877
648 60701 62096 16 3575
649 60723 67125 63 187982
650 60764 64614 49 94097
651 60780 67993 111 268353
652 61072 91931 31 497140
653 61259 67520 66 131031
654 61272 64874 117 257608
655 61329 63679 64 79120
656 61354 67034 89 211360
657 61375 75476 64 376743
658 61412 64955 32 93151
659 61435 70801 85 622249
660 61772 77314 11 43433
661 61809 85734 119 1120697
662 61907 81251 93 209562
663 61944 62202 96 11342
664 62000 63065 28 34436
665 62036 67318 108 362579
666 62094 65224 110 507932
667 62526 63765 113 28953
668 62702 62721 36 328
669 62707 62958 67 13719
670 62708 69493 79 129906
671 62738 74476 117 1030222
672 62848 75418 140 563119
673 62869 69410 44 179181
674 63120 73439 34 235497
675 63273 91710 69 570951
676 63385 63879 115 12309
677 63563 64385 68 41158
678 63643 69336 24 41674
679 63669 72606 86 271548
680 63684 67202 17 33091
681 63702 68127 96 72318
682 63811 97577 132 2846629
683 63950 76024 7 30886
684 63987 64053 20 566
685 64131 74623 29 152152
686 64175 71059 15 34103
687 64255 65058 27 6357
688 64323 68811 51 204341
689 64506 64570 50 517
690 64573 69605 101 311846
691 64886 78080 141 1266322
692 64887 95967 66 452271
693 64949 78288 60 147677
694 65134 70911 147 740562
695 65192 69896 75 92626
696 65477 71706 5 16136
697 65691 68237 126 151594
698 65719 87624 7 45858
699 65797 74092 46 116146
700 65817 66511 79 32203
701 65837 66404 143 96500
702 65996 66457 34 7638
703 66216 84212 22 103927
704 66277 69011 129 176328
705 66354 76302 116 640304
706 66383 68727 53 44434
707 66414 76823 21 170262
708 66490 75683 18 46956
709 66534 72141 33 71369
710 66545 83127 132 644104
711 66631 88676 48 367780
712 66671 92148 7 69632
713 66849 74498 69 290076
714 66872 69848 9 21258
715 66901 70632 132 174660
716 66933 70859 113 182509
717 66944 94188 52 760591
718 66983 68181 20 11668
719 67029 67166 108 8638
720 67101 68241 147 65815
721 67186 68007 111 55910
722 67349 67533 112 3814
723 67456 71252 127 88775
724 67664 78401 107 447767
725 67724 68335 30 8111
726 67828 71374 59 106515
727 68078 79613 56 125596
728 68150 76318 17 35148
729 68354 69016 71 28534
730 68412 80057 65 550945
731 68532 78066 80 340290
732 68732 70175 28 19574
733 68735 78885 79 241902
734 68812 74748 58 124717
735 68833 97870 112 572386
736 68867 71343 82 49242
737 68898 82356 7 89486
738 69049 73102 56 60533
739 69452 70292 107 67306
740 69504 75070 61 196512
741 69532 69736 74 5343
742 69600 70393 42 6583
743 69627 71492 61 81848
744 69655 86345 50 198738
745 69657 71823 92 35458
746 69659 85883 46 199947
747 69734 75780 142 429752
748 69870 70989 128 50519
749 69901 81723 20 86354
750 70128 78063 5 9906
751 70174 76567 42 298852
752 70176 70417 24 2683
753 70418 70613 150 21161
754 70430 71690 116 158237
755 70614 74855 96 114513
756 70661 71250 28 8664
757 70716 71021 67 8308
758 70824 87195 6 73345
759 70899 77549 7 13748
760 71023 75445 9 9556
761 71067 72371 115 59534
762 71188 91435 93 823695
763 71228 73861 141 119834
764 71495 89076 26 126929
765 71600 79977 40 109954
766 71859 83921 62 115145
767 72066 78014 105 169811
768 72157 76433 15 26898
769 72369 76474 46 46478
770 72412 75183 52 79176
771 72564 73654 7 1331
772 72577 73297 60 5803
773 72711 73163 22 1949
774 72759 79050 6 17376
775 72834 73480 9 778
776 72901 73129 97 11727
777 72997 77631 5 4921
778 73105 96017 134 2404987
779 73118 75370 140 178074
780 73204 86015 111 878336
781 73464 74911 45 37211
782 73510 81135 11 44840
783 73533 86617 68 256607
784 73747 79258 146 224085
785 74141 92469 53 716576
786 74192 76380 93 131864
787 74426 89833 71 789647
788 74499 78929 12 22478
789 74583 74633 8 574
790 74610 76637 91 122910
791 74762 81024 47 59107
792 74954 75061 45 3478
793 74970 84528 120 204966
794 75036 90011 66 483613
795 75089 77616 7 5292
796 75205 87467 33 122384
797 75212 79261 138 274008
798 75227 76292 18 14790
799 75263 79234 58 66311
800 75297 89943 93 240511
801 75399 78371 126 173054
802 75437 94659 34 145894
803 75540 77347 87 144585
804 75626 76172 21 5969
805 75685 86608 6 28489
806 75846 87532 16 105584
807 75850 77715 7 12172
808 75890 86019 14 42500
809 75910 78948 6 6353
810 75994 82381 8 20207
811 76001 77961 127 96123
812 76083 83895 95 219252
813 76167 79181 29 33885
814 76211 80841 60 106785
815 76221 81340 29 43197
816 76280 80819 20 14698
817 76699 82417 7 11443
818 76780 82720 48 266536
819 76799 77798 70 19428
820 76857 79940 90 23117
821 76934 77977 18 21593
822 76961 79810 37 48826
823 77002 91127 32 423366
824 77067 82260 126 192638
825 77200 78988 32 39881
826 77205 79853 118 250312
827 77313 84265 5 15462
828 77353 80193 25 28626
829 77442 84125 96 880622
830 77474 80666 103 107181
831 77792 83496 73 62261
832 77829 84716 6 36273
833 77830 82858 95 63005
834 78013 83108 103 191276
835 78106 79825 108 86869
836 78176 81504 82 160951
837 78204 79743 36 14069
838 78664 82318 134 100428
839 78699 79704 5 1848
840 78706 79281 68 15775
841 78731 84019 43 86558
842 78993 90079 130 799053
843 78997 82251 116 47096
844 79009 81313 10 16424
845 79045 79479 106 24004
846 79141 94958 11 167027
847 79287 87156 12 39593
848 79392 88582 9 18051
849 79423 87582 56 271761
850 79693 84060 55 179812
851 79729 93270 14 38918
852 79730 94595 28 95596
853 79733 85238 111 271379
854 79760 92451 64 388548
855 79794 83357 56 61641
856 79941 92878 89 456858
857 79946 84525 132 152834
858 79997 84636 109 174046
859 80027 84613 68 155395
860 80329 92940 30 148838
861 80509 87490 108 918135
862 80647 81920 88 87997
863 80715 87865 12 15846
864 80938 82244 49 35901
865 80948 88787 116 277578
866 81064 87436 79 187434
867 81105 93221 59 196440
868 81175 93254 6 20282
869 81194 84149 39 90423
870 81212 83012 7 3785
871 81339 86367 29 93688
872 81505 93504 54 560882
873 81598 86768 31 50603
874 82041 85237 15 9734
875 82415 84775 26 16687
876 82439 86219 55 181784
877 82518 83517 80 49103
878 82592 87999 139 462104
879 82834 93386 48 172131
880 82866 85777 19 37931
881 82894 87502 8 8634
882 82900 85286 15 8682
883 83402 93679 130 639547
884 83432 86332 37 42079
885 83717 83999 140 12375
886 83816 85031 91 44698
887 83914 85849 56 47363
888 84105 86714 144 189559
889 84133 87509 11 8209
890 84135 93632 58 216144
891 84138 92984 35 160087
892 84205 98576 60 325411
893 84319 92415 7 43953
894 84428 84456 29 667
895 84559 95182 4 5103
896 84583 85700 8 13408
897 84793 86928 146 76614
898 84851 85085 43 11604
899 84878 86413 82 24033
900 84960 87830 27 19809
901 85078 85778 7 1694
902 85197 93037 92 480728
903 85314 86835 124 125175
904 85386 87141 36 28270
905 85409 87395 64 15953
906 85415 96306 140 260097
907 85458 97693 32 120251
908 85515 91418 30 132886
909 85781 91630 8 9182
910 85834 92937 59 387806
911 86023 97425 18 330371
912 86257 89840 89 77659
913 86330 87622 106 61782
914 86352 86481 102 8317
915 86454 91530 48 179185
916 86552 92610 38 70242
917 86664 99732 128 424794
918 86716 89128 4 4309
919 86780 88217 72 22281
920 86916 89549 42 44831
921 86978 99342 115 1093029
922 87010 88099 138 90093
923 87041 88006 21 6724
924 87154 96260 146 2067750
925 87254 92926 62 103081
926 87343 88420 24 22576
927 87362 92039 124 238852
928 87407 89212 84 48395
929 87413 88301 107 48861
930 87433 87585 51 2405
931 87524 88927 16 7775
932 87656 87930 86 14410
933 87745 90202 49 12745
934 88036 92436 53 23454
935 88062 97189 76 679106
936 88111 98733 52 342117
937 88351 90333 11 15526
938 88439 90037 30 23905
939 88633 88781 147 13287
940 88730 89266 125 70335
941 88891 91413 38 34080
942 88900 91835 6 5984
943 88954 91224 79 53149
944 89026 89896 23 6981
945 89485 93262 20 47674
946 89569 92729 6 3045
947 89613 92453 37 57107
948 89686 90319 113 51125
949 89809 97756 12 63187
950 89950 94728 80 163005
951 89972 97008 145 185755
952 90008 97172 9 40557
953 90401 97393 101 168366
954 90454 96114 75 209920
955 90528 96485 77 114664
956 90707 92743 9 6887
957 90913 94410 43 111649
958 91043 96312 83 142554
959 91056 94023 82 326856
960 91168 92596 67 28686
961 91186 91616 12 1843
962 91336 91620 54 7527
963 91338 93813 26 65098
964 91349 94551 90 72738
965 91365 92734 40 15863
966 91407 96741 108 241728
967 91605 93114 106 161171
968 91667 97042 111 376316
969 91718 97942 21 19764
970 91761 97730 67 208284
971 91767 92118 147 38546
972 92094 95090 5 6004
973 92228 98551 62 103229
974 92270 98796 88 1029082
975 92286 94278 9 19575
976 92354 99299 51 125004
977 93289 99100 60 75389
978 93463 97240 19 32439
979 93634 96676 69 95057
980 93734 93978 98 9743
981 93974 98029 62 219031
982 94089 94805 50 12274
983 94156 98736 122 604946
984 95153 99445 129 202933
985 95178 95417 4 1157
986 95525 96570 94 51799
987 95550 98288 146 143632
988 95768 96545 118 46265
989 96269 99838 24 31416
990 96315 97906 57 44077
991 96385 98713 15 25890
992 96493 98203 91 133350
993 96637 96883 12 2680
994 97631 99343 135 262441
995 97819 98778 10 2196
996 97821 98728 11 30324
997 98065 99843 123 92023
998 98332 99587 121 58502
999 98656 98988 61 23637
