50 1000 0.004
.................######...........................
..................#######.........................
....................##########....................
..................#########.##.....####.#.........
...................############.....#####.........
....................#....######....#####.##.......
....................#...########...#######........
....................#.....####........####........
.........................####.......#####.........
.........................#####........#.###.......
......................########........####........
.......................##.##..........#..###......
......................###................##.......
.......................##.........................
........................##........................
..................................................
..................................................
..................................................
..................................................
..................................................
..................................................
..................................................
..................................................
..................................................
..................................................
..................................................
..................................................
..................................................
..................................................
..................................................
..................................................
..................................................
..................................................
..................................................
..................................................
..................................................
..................................................
..................................................
..................................................
..................................................
..................................................
..................................................
..................................................
..................................................
..................................................
..................................................
..................................................
..................................................
..................................................
..................................................
0 72 1695 13 24310
1 260 3220 45 73274
2 461 5219 35 48273
3 519 5155 141 272951
4 608 3154 51 95726
5 842 3490 114 135750
6 849 4434 15 31883
7 850 5189 6 5534
8 942 4103 120 104919
9 965 2029 8 4642
10 1204 13717 142 1005720
11 1299 2944 127 145143
12 1300 2557 90 29874
13 1378 12946 86 841688
14 1510 1576 129 5907
15 1525 3103 37 38271
16 1636 2014 61 6741
17 1727 5930 87 123193
18 1916 5529 119 102957
19 1937 3824 125 62759
20 2172 2671 72 16589
21 2298 4765 104 536952
22 2300 2750 60 14569
23 2379 10450 24 93292
24 2565 5599 104 222261
25 2571 6478 107 217646
26 2753 17612 42 246053
27 2776 16041 48 602850
28 2794 2798 57 275
29 2835 9005 7 17553
30 2995 3487 7 1258
31 3095 4963 11 5133
32 3306 16157 101 366636
33 3366 5020 115 45088
34 3408 3947 47 17504
35 3455 5054 29 49453
36 3470 6170 39 79462
37 3552 9773 96 219679
38 3610 17813 16 59720
39 3756 4185 7 1965
40 3799 24175 16 162997
41 4041 6195 7 9685
42 4080 4603 89 66834
43 4201 5408 87 68935
44 4276 4546 8 1183
45 4417 4539 49 10775
46 4607 5125 93 23371
47 4612 8484 22 44382
48 4613 5655 50 24814
49 4676 5445 97 61028
50 4794 17199 89 291162
51 4943 5939 15 12881
52 4960 5571 148 74365
53 5004 11139 24 79029
54 5283 7851 8 13228
55 5338 5382 74 981
56 5608 5926 83 19540
57 5612 5679 103 7785
58 5628 6286 29 5705
59 5712 8548 138 156536
60 5783 6643 143 53812
61 5827 7019 8 8616
62 5858 12935 50 106389
63 5988 19350 33 137917
64 6074 7479 51 41580
65 6090 8564 23 31203
66 6092 7393 143 41042
67 6146 7072 44 9536
68 6175 7990 8 2260
69 6497 6861 145 14061
70 6656 8986 105 88757
71 6800 13027 122 290859
72 6887 15018 95 187922
73 6985 11399 5 15214
74 7170 10630 14 8504
75 7211 10133 28 12230
76 7518 8272 25 20383
77 7546 8555 12 6008
78 7699 24259 15 45159
79 7871 16468 7 27296
80 7900 16192 90 850047
81 7956 28883 80 378191
82 8003 12563 30 94168
83 8138 8454 83 19960
84 8210 20392 46 240231
85 8290 9173 28 22800
86 8332 10002 99 82175
87 8370 13333 28 85735
88 8374 10428 20 44877
89 8419 9242 10 3843
90 8551 9185 27 10240
91 8593 8759 47 5623
92 8641 23502 5 32482
93 8655 9569 12 8147
94 8669 9349 128 92110
95 8827 13321 38 55665
96 8886 11644 96 68573
97 9085 11518 54 42968
98 9256 9319 29 881
99 9271 11017 4 3793
100 9423 11810 101 133618
101 9440 13039 29 71210
102 9453 9704 71 4464
103 9472 10256 14 1475
104 9486 9598 131 13363
105 9536 10899 20 4941
106 9539 13812 21 50242
107 9681 11513 68 124540
108 9697 10348 23 6692
109 9714 12712 12 8891
110 9820 17074 124 450829
111 9922 11534 70 66200
112 9956 11167 6 12304
113 10068 13811 116 201112
114 10076 14427 13 48906
115 10266 13390 121 393606
116 10379 20309 38 99169
117 10459 12318 82 72249
118 10618 14805 10 22527
119 11156 15583 13 14339
120 11286 27167 13 120204
121 11607 13612 76 46213
122 11738 15877 65 91275
123 11945 14490 20 13803
124 12342 12881 67 49347
125 12363 16793 42 40011
126 12366 12962 31 4955
127 12403 12867 74 25761
128 12467 16801 137 373324
129 12540 13339 7 4019
130 12611 17332 31 43805
131 12679 19065 64 144455
132 12766 20654 31 60048
133 12841 16480 23 101068
134 12982 17997 8 20927
135 13302 17633 36 87186
136 13354 16328 100 216304
137 13426 16335 96 182245
138 13684 14952 44 18188
139 13750 15028 9 12059
140 13782 19770 7 12324
141 13796 23784 17 62578
142 13996 16122 35 104541
143 14091 14755 92 17994
144 14094 18789 85 212092
145 14236 35822 15 139341
146 14325 24489 6 27245
147 14350 16269 7 4618
148 14434 16261 8 5026
149 14480 16567 76 75230
150 14521 15754 20 13310
151 14616 29138 34 147792
152 14790 16886 8 8114
153 14919 21024 59 85561
154 14926 20401 133 357403
155 15013 19197 21 16444
156 15019 18266 8 17817
157 15023 20051 71 121355
158 15157 19461 31 84886
159 15202 21336 21 28179
160 15246 22284 124 288356
161 15255 21078 18 14990
162 15623 15841 139 40906
163 15742 18553 92 45140
164 15821 16913 28 15439
165 15898 19244 76 198706
166 16134 20976 76 128316
167 16246 16698 6 1254
168 16258 19464 89 565463
169 16309 17603 131 85897
170 16347 23217 16 102087
171 16415 25218 5 27487
172 16435 28263 98 1121783
173 16552 17739 86 51384
174 16555 22876 150 1196278
175 16612 25306 51 158681
176 16659 29205 5 63653
177 16707 17679 11 7101
178 16756 28940 6 46782
179 16773 17391 17 1938
180 16855 17088 99 16065
181 16995 21301 33 41973
182 17008 18499 92 53539
183 17133 28944 73 443635
184 17144 32190 67 92371
185 17310 21453 5 16729
186 17454 23346 118 234656
187 17470 25800 21 116368
188 17770 18311 57 12327
189 17802 19856 96 37267
190 17963 19835 25 15733
191 18364 22707 13 15324
192 18387 23698 130 319204
193 18397 26252 102 496743
194 18574 20197 78 95130
195 18676 27793 39 206800
196 18730 28489 136 757430
197 18825 19452 34 20036
198 18979 19836 122 49763
199 19155 22949 105 57469
200 19162 24036 63 33179
201 19173 23602 137 540499
202 19190 22638 139 271694
203 19338 20937 112 29479
204 19346 21052 20 54866
205 19358 27157 101 483605
206 19576 19857 137 26824
207 19593 22128 132 239210
208 19702 28952 127 459927
209 19760 20868 19 7787
210 19841 25945 115 388479
211 19892 23569 83 60363
212 19894 26699 86 99831
213 20011 27245 21 87913
214 20042 20209 11 1193
215 20086 28535 126 348395
216 20623 24807 50 100067
217 20652 38563 12 93668
218 20694 29715 29 86458
219 20739 30873 27 71877
220 20817 21654 57 23253
221 20827 22754 44 92784
222 20846 29395 34 76956
223 21194 22879 5 6246
224 21229 28913 7 33605
225 21237 25510 94 149615
226 21244 21413 5 706
227 21348 31505 5 67817
228 21404 27121 108 344757
229 21412 24728 9 11207
230 21868 26512 46 89160
231 21964 23232 121 23480
232 21976 26834 56 235552
233 22071 26399 28 68159
234 22075 24946 13 18887
235 22084 32510 132 344959
236 22151 24962 116 142402
237 22374 24351 5 3299
238 22573 28795 63 191955
239 22591 22746 19 962
240 22697 24947 50 39137
241 22847 26472 64 112016
242 23029 23290 5 614
243 23087 27055 70 63438
244 23413 23557 29 4339
245 23685 25825 74 39585
246 23812 29567 15 35326
247 23908 33150 89 265131
248 24021 33835 129 269304
249 24035 27155 55 119472
250 24361 24557 36 7000
251 24378 26117 146 95485
252 24620 25339 114 55357
253 24710 27051 15 6353
254 24809 30445 44 65317
255 24843 27206 130 61171
256 24864 29568 133 188579
257 24936 28588 23 23915
258 24970 29927 6 4162
259 24983 36079 100 219175
260 25122 25327 145 13086
261 25158 36691 8 57688
262 25283 36642 13 47022
263 25501 27462 49 27367
264 25613 35628 96 182912
265 25623 28006 91 98460
266 25624 32485 16 22944
267 25870 31375 67 248591
268 25970 26708 104 67745
269 26082 27238 71 52891
270 26097 40370 92 588927
271 26123 34510 53 333615
272 26165 29706 86 125116
273 26299 27300 27 3839
274 26342 27064 147 118525
275 26361 30051 42 50426
276 26371 27430 21 15096
277 26372 26902 39 15445
278 26386 34367 96 343178
279 26430 28251 142 67364
280 26434 27235 77 24860
281 26454 40833 20 106309
282 26516 41831 11 41134
283 26554 30086 6 10505
284 26594 27586 150 39466
285 26611 28261 133 213197
286 26615 28268 135 56608
287 26664 31173 8 16987
288 26729 30912 120 277735
289 26764 28310 80 23470
290 26921 35162 57 70659
291 26962 30136 54 74837
292 26983 30336 84 95180
293 26997 29560 127 189167
294 27125 28473 60 27996
295 27243 37775 138 499142
296 27330 31146 104 165709
297 27391 42881 106 753917
298 27465 35008 122 998580
299 27558 33406 58 170908
300 27674 28771 69 97441
301 27769 31019 149 372608
302 27771 29924 129 61063
303 28063 51499 12 92051
304 28087 36109 9 69181
305 28226 28615 98 17285
306 28277 28912 132 48770
307 28384 31333 63 141546
308 28471 31389 71 139412
309 28647 29518 79 23612
310 28744 29397 81 12712
311 28957 30645 109 112135
312 28969 34941 78 190070
313 29293 29719 58 23898
314 29436 36049 144 127596
315 29486 32522 117 110013
316 29558 50005 7 51267
317 29737 36447 109 554655
318 30081 37976 28 49486
319 30212 36519 11 18106
320 30247 48548 59 346731
321 30471 34118 8 14888
322 30505 31614 106 204222
323 31053 46288 109 274939
324 31197 34684 33 44148
325 31420 31910 43 11003
326 31437 38068 141 595885
327 31457 40679 42 602905
328 31794 34191 75 38445
329 31853 34384 37 30157
330 31879 37035 66 75271
331 32036 39515 6 13180
332 32064 32274 25 3560
333 32122 32437 28 2140
334 32256 36340 24 112652
335 32267 41434 25 37900
336 32272 32323 19 368
337 32333 32645 83 19232
338 32786 36270 27 46273
339 32818 32881 108 5528
340 32996 33420 83 32085
341 33042 34423 6 2787
342 33084 38887 83 242639
343 33120 37355 134 128701
344 33533 35515 14 14492
345 33573 37784 10 21125
346 33978 37671 106 435154
347 33986 34623 19 5194
348 33993 41865 11 28213
349 34031 34573 12 5824
350 34129 41932 48 80933
351 34214 34508 123 26690
352 34243 42632 67 253236
353 34308 36558 79 67339
354 34319 35526 35 22158
355 34322 37612 86 163586
356 34346 54127 8 64600
357 34357 36038 16 24655
358 34362 36832 80 107439
359 34440 36804 78 38982
360 34565 37080 112 91926
361 34749 40893 91 186196
362 34753 37274 99 334099
363 34793 36111 5 4971
364 34820 49126 6 48039
365 34914 39202 55 95175
366 34984 36251 98 42152
367 35189 37747 12 5464
368 35284 36977 106 97985
369 35346 50863 28 315680
370 35378 40021 25 41320
371 35462 36216 8 2359
372 35612 36173 83 9522
373 35648 37510 62 55438
374 35736 42139 98 116542
375 35872 37452 43 36674
376 35882 41385 25 50363
377 35901 36830 15 6356
378 35921 42996 30 43918
379 35945 37328 19 20988
380 36042 36483 43 22031
381 36249 47417 116 383908
382 36471 38367 42 67574
383 36576 36725 9 590
384 36613 40198 72 60579
385 36623 40859 66 98254
386 36628 38000 48 44441
387 36690 36883 9 1267
388 36885 45204 12 25823
389 36918 42182 21 173265
390 36927 53155 39 313631
391 36998 43504 107 248916
392 37056 37522 53 7055
393 37134 37289 138 10620
394 37187 37483 22 6927
395 37236 37636 31 16166
396 37460 57914 5 29251
397 37536 40455 123 268831
398 37649 54077 50 246813
399 37711 41231 28 46733
400 37856 39425 71 54756
401 37985 40471 102 189105
402 38075 46057 18 38863
403 38201 39921 83 93344
404 38463 44868 9 28679
405 38501 47634 118 472539
406 38673 43851 106 122585
407 38739 42927 150 153078
408 38889 47912 84 543611
409 38994 65802 89 557377
410 39185 45339 42 104972
411 39201 39653 85 35163
412 39255 46706 29 79779
413 39418 39740 149 52212
414 39450 47791 144 672730
415 39798 50085 99 920081
416 39853 44184 66 116333
417 39920 43928 81 178987
418 39939 42307 107 177433
419 40261 42913 10 19131
420 40386 41256 16 8897
421 40525 58086 18 263113
422 40531 41463 4 3503
423 40533 40982 77 12468
424 40687 41572 95 40219
425 40745 46021 41 108785
426 41335 44095 7 7544
427 41480 51017 74 78868
428 41804 41893 19 611
429 41885 42224 30 3942
430 42069 46262 6 15824
431 42217 44610 26 10032
432 42279 42473 83 14345
433 42309 46303 8 6007
434 42516 43776 10 21128
435 42630 43316 126 31205
436 42647 46788 119 209708
437 43023 46470 121 175298
438 43215 45732 87 122205
439 43292 47151 7 18831
440 43310 50742 29 68986
441 43615 48652 46 104225
442 43712 52522 114 149380
443 43864 49733 25 43445
444 43963 47461 63 256797
445 43985 45235 77 59036
446 44152 49477 32 142974
447 44185 50643 132 229492
448 44510 46700 35 26112
449 44565 52095 5 18651
450 44679 53374 116 331124
451 44850 50370 39 67846
452 45069 46070 73 76797
453 45245 55221 81 247495
454 45581 51441 131 290803
455 45761 48578 89 58378
456 45905 49515 92 189550
457 46050 61446 64 884443
458 46087 51796 9 14283
459 46206 50402 148 367860
460 46224 46638 13 6002
461 46308 50232 112 95523
462 46310 48915 101 72535
463 46331 47476 11 3809
464 46477 46658 102 1876
465 46515 57816 107 559829
466 46636 48693 132 122920
467 46725 57139 57 218822
468 46808 49146 8 10901
469 46887 48229 84 41352
470 46901 47800 41 11508
471 46927 47098 19 2991
472 47012 47038 102 1499
473 47027 48069 24 31013
474 47093 57365 22 73169
475 47101 47669 62 10664
476 47184 48596 15 29851
477 47186 48078 26 7212
478 47410 47827 119 30066
479 47411 48276 71 32123
480 47472 49080 71 81453
481 47485 52328 6 6620
482 47754 50207 68 217585
483 47802 49734 40 28017
484 47812 48412 16 4614
485 47856 55675 64 217488
486 47893 48845 89 111027
487 47961 51279 9 26105
488 48000 52182 144 318875
489 48022 48611 26 9280
490 48116 49923 100 164764
491 48149 49445 7 5433
492 48289 51397 136 312999
493 48538 59296 8 62029
494 48557 58187 45 177391
495 48625 53299 103 323949
496 48699 49215 108 30501
497 48861 58398 15 33905
498 49036 49875 4 1531
499 49055 52087 131 274702
500 49114 50396 14 5272
501 49193 72648 70 675561
502 49362 49454 13 1334
503 49482 52458 143 268426
504 49555 51016 96 78245
505 50173 50239 50 2417
506 50192 52856 26 19619
507 50352 53253 76 87556
508 50586 59522 111 328344
509 50671 51456 25 15754
510 50945 57576 7 11780
511 50985 51240 55 3026
512 51162 52303 26 20921
513 51197 52775 22 11883
514 51223 56743 60 118890
515 51350 51679 29 5941
516 51486 56960 13 24744
517 51529 51599 10 252
518 51596 52505 141 75299
519 51893 52626 77 24701
520 52063 52813 21 7881
521 52108 52883 17 6678
522 52122 59566 146 458798
523 52421 60365 73 305972
524 52507 57570 5 9453
525 52568 58544 19 43751
526 52587 62237 57 344743
527 52792 53685 36 45436
528 52807 53572 107 64656
529 52832 57159 69 125056
530 52899 62423 9 19747
531 53082 56550 5 5371
532 53088 53741 125 57808
533 53137 61872 104 530134
534 53191 60060 56 58875
535 53290 57407 44 86962
536 53362 55596 80 87001
537 53739 62986 146 2089733
538 53746 55778 126 90364
539 53762 54452 27 4898
540 53792 60356 50 146531
541 54130 58777 28 19879
542 54213 55760 31 14859
543 54432 56591 138 112957
544 54454 58345 19 91558
545 54456 59484 95 275339
546 54858 59437 73 313725
547 54994 81972 7 73327
548 55124 61097 8 62077
549 55179 60588 11 9366
550 55241 57473 79 83962
551 55367 56384 47 35673
552 55609 70502 18 114812
553 55718 65143 42 210106
554 55816 58552 5 15626
555 55933 58749 141 454096
556 55996 68792 40 902620
557 56013 58096 106 101726
558 56102 59965 42 104848
559 56153 58750 60 114473
560 56182 59184 93 94663
561 56241 56309 6 228
562 56295 56429 86 7032
563 56322 57167 104 67151
564 56339 58909 43 86594
565 56405 61540 9 8916
566 56552 59602 69 276935
567 56889 59978 5 5244
568 56954 57879 99 22394
569 57074 58229 6 5575
570 57116 63205 130 75126
571 57215 62126 49 101343
572 57236 66513 90 189579
573 57432 59587 23 17711
574 57449 57812 67 11400
575 57568 58504 109 49531
576 57612 59420 60 49628
577 57924 62022 46 187973
578 57930 60686 17 18514
579 58085 58902 6 3116
580 58341 60081 26 14510
581 58420 58570 126 11856
582 58668 76275 105 475545
583 58698 65898 43 192595
584 58734 58975 38 6009
585 58869 59151 27 3281
586 58875 65781 36 84424
587 58966 61182 15 6837
588 59112 67077 16 36950
589 59281 60176 56 22420
590 59300 60960 63 18406
591 59455 69433 19 130889
592 59742 62823 62 219388
593 59769 66256 36 50523
594 60097 63716 39 80318
595 60188 62193 6 5473
596 60316 66755 121 357823
597 60491 63593 132 422390
598 60512 62904 28 33779
599 60569 75720 131 1053418
600 60581 67773 125 1199818
601 60621 61970 38 33008
602 60664 63710 29 17088
603 60923 61545 126 73801
604 60931 70693 65 78949
605 61028 62528 45 55510
606 61101 66061 82 39057
607 61234 67206 64 88726
608 61344 61674 134 17220
609 61459 63423 80 59016
610 61469 66700 70 130704
611 61553 62816 70 49971
612 61587 64608 8 7610
613 61682 66199 23 37347
614 61723 63451 81 197481
615 61730 64623 12 27228
616 61933 84696 121 940230
617 62139 77201 82 381642
618 62262 63097 45 28695
619 62418 65162 43 70601
620 62425 64900 25 30936
621 62513 65688 16 16560
622 62585 63378 39 16902
623 62749 65020 27 21214
624 62764 63294 17 3877
625 62805 68199 5 15825
626 62812 64601 141 127347
627 62875 64069 92 63316
628 62952 66475 87 142488
629 63003 63188 46 7328
630 63102 68795 32 88651
631 63165 70951 80 386445
632 63220 67878 7 30290
633 63276 64461 11 2972
634 63381 66599 6 27710
635 63386 65231 32 21339
636 63489 81779 79 300680
637 63559 65073 114 37563
638 63715 72255 88 132153
639 63851 64487 5 2076
640 63854 68396 32 43321
641 63926 76203 41 293185
642 63999 67336 51 58080
643 64025 78598 27 282372
644 64072 65311 93 56521
645 64231 65254 64 94991
646 64235 64718 97 25082
647 64371 70026 8 11922
648 64459 66706 79 50147
649 64519 85917 85 379071
650 64540 68697 86 219888
651 64545 70963 26 72132
652 64650 74119 43 164915
653 64733 67388 106 126064
654 65260 77375 135 2155707
655 65328 65644 16 5111
656 65448 70356 68 70993
657 65485 65948 141 22596
658 65884 77229 27 440524
659 65907 67720 62 23665
660 65923 71316 65 200077
661 66277 71734 31 116774
662 66289 71156 20 26987
663 66305 76617 134 883076
664 66376 69397 12 5611
665 66470 82933 82 825684
666 66557 94980 50 661723
667 66793 76283 79 145678
668 66865 72040 6 41623
669 67140 76737 70 256049
670 67422 78940 26 136155
671 67484 68985 26 11036
672 67525 73273 12 41658
673 67737 68224 10 2068
674 67812 69267 147 86780
675 67817 72320 97 152569
676 67831 68963 87 70211
677 67872 74845 87 123762
678 67973 69953 131 73861
679 68189 73271 42 118334
680 68288 82715 91 404415
681 68354 69718 6 5765
682 68369 72439 20 68034
683 68371 72392 16 47978
684 68438 75058 25 39349
685 68524 72342 10 23125
686 68549 75409 57 95541
687 68720 68849 122 23782
688 68944 77700 40 162260
689 68961 72416 72 55394
690 68974 73978 124 464470
691 69052 74918 118 221991
692 69135 85449 113 413667
693 69250 76688 40 210997
694 69261 69641 53 36795
695 69401 82008 102 771701
696 69435 74963 58 98084
697 69518 73290 24 45965
698 69525 70148 24 6515
699 69582 71543 29 48994
700 69606 70018 77 35264
701 69655 71648 130 59611
702 69698 74190 16 55359
703 69721 71089 45 39713
704 69991 72157 16 50429
705 70001 87565 53 235310
706 70003 80829 143 290526
707 70021 70685 141 22542
708 70115 70454 76 12436
709 70194 71012 34 20290
710 70276 73343 8 19216
711 70333 71416 64 45394
712 70445 74460 11 63270
713 70488 73671 30 88960
714 70585 82769 32 95371
715 70621 78524 13 30303
716 70635 71764 34 21988
717 70647 75067 48 47972
718 70881 87616 108 860929
719 70949 76742 11 15458
720 71047 84566 111 390210
721 71078 79509 69 316204
722 71095 74976 30 31713
723 71174 71437 55 15814
724 71264 73181 123 155042
725 71269 84160 14 48008
726 71281 73616 6 6645
727 71333 71728 130 28685
728 71370 75082 6 9927
729 71393 73333 59 33980
730 71399 76999 23 87681
731 71490 76333 126 125425
732 71565 71669 108 11340
733 71803 72433 99 18875
734 71962 72535 109 43782
735 71983 78267 91 629916
736 72522 80455 31 129227
737 72604 72620 6 154
738 72638 72903 11 3454
739 72679 82349 90 471185
740 72741 82018 84 847940
741 72795 76763 123 446573
742 72857 77672 13 42643
743 72875 74499 130 196876
744 72890 82271 72 713065
745 72943 74574 141 120468
746 73110 74503 39 23236
747 73214 79292 94 502737
748 73471 80198 10 25160
749 73492 79016 19 27306
750 73566 75949 23 15898
751 73597 84195 25 124067
752 73651 77675 119 143776
753 73742 77197 34 31632
754 73796 80780 30 139894
755 73797 80627 140 426272
756 73962 80243 41 108638
757 73979 77305 102 130168
758 74079 74909 34 18327
759 74112 81225 5 18047
760 74146 80088 8 37652
761 74408 75698 88 48348
762 74446 75739 99 33172
763 74573 79517 17 60026
764 74575 79382 113 174846
765 74713 79202 83 179637
766 74787 75280 64 11028
767 74832 76023 34 25329
768 74951 76536 64 32382
769 74993 77129 32 43631
770 75006 86039 108 595582
771 75034 80449 35 188618
772 75156 77635 76 29839
773 75287 77564 17 18687
774 75357 87998 148 329209
775 75506 76322 79 39548
776 75541 86300 124 997211
777 75642 83978 34 80506
778 75696 76675 6 5289
779 75701 76278 26 11268
780 75724 76180 96 28519
781 75974 76400 6 1637
782 76007 79321 75 230419
783 76151 77343 6 4916
784 76181 76450 140 16665
785 76210 81442 9 22072
786 76320 83968 32 70320
787 76408 78916 45 24580
788 76467 81934 10 8907
789 76488 77188 56 71360
790 76936 77459 8 5372
791 76978 77403 92 37426
792 76982 86254 76 429395
793 77072 84199 84 454056
794 77110 88243 98 1118514
795 77177 84286 141 250479
796 77265 80953 57 163219
797 77317 79567 45 46811
798 77406 82616 113 167371
799 77441 78571 50 58506
800 77568 78473 27 16342
801 77667 78430 127 27114
802 77795 85635 16 61155
803 77876 78675 69 58625
804 78026 85030 128 264796
805 78105 79515 124 82650
806 78107 80229 13 7256
807 78364 82992 67 176006
808 78578 81648 100 54383
809 78695 88872 12 61882
810 79066 80236 66 106731
811 79281 80057 139 15092
812 79346 84710 75 99450
813 79408 92325 107 299863
814 79434 85029 47 67478
815 79727 80085 108 59402
816 79786 88305 26 138364
817 80061 87881 106 310389
818 80075 81474 23 18090
819 80089 82213 39 15876
820 80105 80628 109 35015
821 80135 95164 108 433470
822 80170 82197 90 82173
823 80372 89511 81 643739
824 80631 90080 135 794102
825 80639 84420 54 38053
826 80727 81539 42 8820
827 80756 82566 8 12914
828 80840 82481 38 18199
829 80929 82057 6 1920
830 81002 82757 16 11639
831 81033 83460 63 390889
832 81091 83228 59 35092
833 81208 82472 48 125030
834 81295 83253 16 17536
835 81575 82380 38 15477
836 81713 83420 56 29382
837 81765 89261 102 118499
838 81771 82762 5 3540
839 81925 82644 81 27338
840 81937 86762 101 148566
841 81941 82424 140 42699
842 82122 87474 147 517949
843 82168 82340 16 1160
844 82240 82714 11 2658
845 82300 85346 11 14359
846 82378 93266 86 553641
847 82413 82848 83 14182
848 82539 86330 52 106767
849 82747 85310 43 29992
850 82764 84209 125 43339
851 82879 84283 97 77842
852 82896 88544 25 107487
853 83002 96791 14 65784
854 83163 84153 29 31725
855 83242 88750 90 137677
856 83336 90876 65 219585
857 83611 85545 76 28477
858 83693 84215 11 2457
859 83740 86811 119 170729
860 83846 91282 17 62589
861 84057 84626 20 5969
862 84061 87069 26 18170
863 84152 89242 7 33258
864 84173 86047 19 13856
865 84234 95303 123 824277
866 84554 85375 88 48034
867 84663 85999 20 14475
868 84793 90431 36 42120
869 85017 85166 10 1905
870 85021 88573 46 88611
871 85078 94035 45 222852
872 85123 91115 92 242711
873 85222 91222 104 158246
874 85240 92974 55 150578
875 85280 89516 29 50224
876 85445 88680 49 18672
877 85514 88389 12 11120
878 85606 89163 86 251379
879 85609 91387 6 15193
880 85612 90200 136 202714
881 85680 86083 62 28698
882 85801 91048 13 27731
883 85899 88980 12 12847
884 86001 88642 111 75652
885 86018 91143 86 243201
886 86091 93466 36 182637
887 86211 87048 25 16120
888 86221 91290 42 361871
889 86227 95311 79 187531
890 86250 93678 9 17861
891 86506 91710 136 437567
892 86805 88684 69 28639
893 86825 89962 47 95956
894 86865 88160 11 7276
895 86889 87304 98 16397
896 86967 91771 45 51424
897 86975 91188 30 30774
898 86999 99242 118 273959
899 87022 93129 136 527747
900 87032 89822 33 32795
901 87057 96941 52 186632
902 87123 90195 15 17050
903 87133 89675 77 30343
904 87190 89672 32 24573
905 87213 90236 134 174779
906 87257 88157 13 4369
907 87323 91605 9 25745
908 87491 90253 75 123298
909 87504 96556 133 709271
910 87658 91012 27 16883
911 88051 94781 8 37116
912 88249 99551 107 241956
913 88255 96315 109 530848
914 88383 89067 75 14828
915 88499 90344 36 28555
916 88597 95997 19 48434
917 88692 90201 36 26215
918 88710 91948 57 62262
919 88760 89834 21 10215
920 88826 89265 71 13720
921 89166 90072 62 24617
922 89172 91275 48 34095
923 89318 90520 14 2770
924 89363 91301 107 78925
925 89408 92519 61 42617
926 89874 93250 138 314508
927 89889 96766 142 481805
928 89963 94953 18 58303
929 90006 91561 6 6177
930 90182 93610 6 9423
931 90614 93956 91 43041
932 90818 91964 31 8095
933 90937 91305 17 7591
934 91372 94287 21 9581
935 91449 91463 27 201
936 91484 92234 11 2267
937 91538 94675 10 19818
938 91547 92049 105 53547
939 91557 91942 21 4407
940 91851 98753 30 174805
941 92095 96388 12 27179
942 92128 92573 59 30829
943 92174 95972 77 64615
944 92221 94074 19 5284
945 92331 92834 86 24660
946 92342 95724 112 132439
947 92520 94375 19 10290
948 92530 93978 15 4959
949 92585 93559 139 76947
950 92607 92964 10 1351
951 92739 92846 53 5047
952 92860 97071 58 54706
953 93047 94518 110 81888
954 93202 95103 121 182045
955 93241 95270 35 43746
956 93705 99001 88 113398
957 93715 95415 80 87263
958 93732 96478 146 172394
959 93804 98106 148 717719
960 94143 98241 137 245946
961 94179 94874 13 4025
962 94240 98954 8 21228
963 94263 99265 124 203562
964 94333 96283 83 189711
965 94575 96082 39 45608
966 94600 97855 70 86310
967 94657 94792 47 5582
968 94755 95237 140 25052
969 94891 95240 12 1500
970 95072 96897 5 3062
971 95114 97624 113 394914
972 95148 95485 45 15558
973 95252 95888 30 7021
974 95330 99912 144 340277
975 95711 97283 61 40716
976 95896 98183 60 78111
977 96218 98245 129 90958
978 96645 97211 90 39074
979 96716 99555 44 49928
980 96832 97524 79 24239
981 96852 97292 9 2437
982 96871 97323 130 29531
983 97002 98444 62 40576
984 97143 99277 54 86690
985 97174 98447 23 17159
986 97368 98350 25 10942
987 97410 98129 88 20511
988 97669 97897 9 1525
989 97744 99174 47 139456
990 97888 98815 7 6434
991 97906 98060 7 592
992 97913 98256 16 2846
993 97960 99133 18 7420
994 98019 99280 120 98497
995 98134 98653 29 9099
996 98636 98825 25 3136
997 98692 99311 136 67391
998 98716 98910 118 5238
999 99024 99188 118 14090
