50 1000 0.100
...#.............................................#
....#....#......#....#...........................#
...###..##......#..........##....##..............#
.....##.#.........................#......#........
.......##.......#.......................#.........
##......#..#........##.........#.......##.........
.#......#..#......#.#...#.....................#...
#......##...#.....#..#..##..##.....#..............
............#....##...#.#.#..#.....###.........#..
...#.#...#...####.#..#............##.....#........
.........##..#..#...##...................#......##
............##..#.#.#....................#........
...####..#........#....................##.........
...##.#.##..#.....###..................#####....#.
....#...#...#.........................###.#.......
.....##..#.....................#.##...............
.....#.###....................##..................
....##............#...#........#.....##...#.......
.#..#.......#.........#....#.###....#.............
......#............##.#.............#....#........
............#.........#.........#.#......#........
......#..#..##.#.......##...#..............#......
...#..#........##....##.#..##........###..........
...#............#.......##.#....#...#.#.........##
...#....##.....##.....#.##.#......####........##..
...#######..#..##.....................##......#...
#.......#.......#..#.................###....#.#...
........#.#......#............#.............#.##..
.................##...............................
..................#...............###.............
..................#.........#.......#.............
#.#........##.........#.....#.......#.............
#..........##.........#.....#.........##...##.....
.........................###......#.........#...#.
..........#..........#...........##...#...........
..................##.#........#...#...###.........
.............#..##............##....##............
#...#..#.....#....#........##.....#........#......
##....#.#..........#..#.....#..#.............#....
.##.....##.........##.##....#...##....#.....##..#.
.........#...........#..#.......#......#..........
.....#.#.##..........#..#.......#....####...##....
.............#........##......#.#.#.....###.......
#....#......##........##...........#..............
....#..#.....##.........#....#.....#..............
..###..##.........#.....##........................
.......#..........#......#...#....................
.#...........................##.................#.
...................................#...#.##...##..
..#................#.............#.#......##......
0 23 682 15 2463
1 75 2621 57 44907
2 187 7474 147 332076
3 688 2569 109 112557
4 694 2884 14 6768
5 936 1164 21 3599
6 1097 5597 18 42447
7 1334 1373 48 2209
8 1345 4388 13 22257
9 1413 7376 38 28890
10 1587 7597 67 131439
11 1603 2579 69 34281
12 1641 15083 142 435226
13 1731 14012 93 498151
14 1803 3187 40 46132
15 1863 5954 70 47924
16 1894 2804 9 5465
17 2208 3631 19 21693
18 2399 6464 90 188705
19 2412 10208 22 148513
20 2465 10299 118 390507
21 2585 5647 61 20847
22 2586 7715 37 119997
23 2646 2698 147 6747
24 3023 5078 8 8539
25 3279 6025 68 62705
26 3301 4835 9 13713
27 3384 10028 117 1021801
28 3439 6193 93 205109
29 3535 4425 51 29201
30 3765 4325 10 1680
31 3837 25705 136 600358
32 3931 10159 10 20496
33 3943 10448 121 241466
34 4010 12093 144 374694
35 4169 5432 8 3284
36 4191 4304 38 1530
37 4242 4481 19 4482
38 4294 5489 38 7691
39 4406 11396 111 202229
40 4472 6252 9 48118
41 4539 13689 51 227766
42 4729 16140 124 947133
43 4764 39443 82 454600
44 4778 27423 27 215250
45 4798 26437 49 505838
46 4920 5279 27 9812
47 4972 11616 90 191874
48 5080 10580 38 98269
49 5145 5719 10 1372
50 5157 17639 114 332230
51 5292 15780 25 186050
52 5296 9001 26 78411
53 5319 10992 40 224124
54 5430 9710 103 108593
55 5473 8718 99 111401
56 5593 5877 93 11126
57 5770 12148 45 143293
58 5771 10515 13 24377
59 5837 10997 99 216884
60 5962 17078 46 162232
61 6189 6706 31 14981
62 6276 8152 108 130209
63 6515 11692 129 148440
64 6580 11687 98 226590
65 6627 32191 133 2612842
66 6783 11053 51 222603
67 6840 15052 37 133636
68 6864 16614 11 55567
69 6866 8516 76 68919
70 6929 9381 54 40704
71 6979 17383 27 55501
72 6980 18400 113 561498
73 7046 9245 10 13768
74 7273 7610 27 2842
75 7300 9495 27 16048
76 7344 16544 32 71302
77 7582 7944 15 1945
78 7798 10314 32 29351
79 7886 8416 30 27986
80 7966 10403 34 61814
81 8006 13383 69 92618
82 8007 30341 5 20191
83 8037 17366 142 284719
84 8154 9681 16 18169
85 8171 17573 33 140119
86 8219 20589 92 538659
87 8288 8835 7 989
88 8301 13408 90 576737
89 8403 29077 109 697893
90 8431 21286 27 146986
91 8468 26943 6 57347
92 8722 10485 68 38295
93 8986 9322 50 9385
94 9022 11768 31 22206
95 9035 9604 42 16893
96 9057 12701 112 111623
97 9115 10970 34 18178
98 9126 9144 11 106
99 9265 24067 8 45626
100 9353 9738 66 12304
101 9366 14374 56 141016
102 9389 13439 14 49712
103 9724 12592 7 8702
104 9880 30280 150 1253653
105 9946 14861 60 171501
106 10070 17112 17 67517
107 10126 13836 19 21903
108 10316 17452 132 885182
109 10414 11953 14 22757
110 10428 12007 55 11187
111 10527 14230 94 142716
112 10537 12082 57 18160
113 10750 11744 16 16475
114 10974 12678 10 6266
115 11019 13019 10 6194
116 11085 11226 29 2120
117 11224 21812 4 18844
118 11362 15761 69 168604
119 11515 34043 59 329521
120 11607 16431 7 10492
121 11716 15209 32 40802
122 11800 13672 74 94450
123 11903 17593 5 6799
124 11926 14833 134 254156
125 12071 27172 9 38149
126 12104 19926 24 36546
127 12179 19400 7 21479
128 12314 17010 62 101761
129 12338 15604 14 14240
130 12423 33231 17 83592
131 12472 15533 9 53872
132 12489 23416 23 173680
133 12595 15928 61 113851
134 12784 18560 101 224751
135 12800 15055 38 33543
136 12862 13738 24 8788
137 12879 14983 6 7105
138 13088 23813 127 937815
139 13091 13925 65 29122
140 13098 13429 145 39061
141 13107 20645 18 47661
142 13122 14865 46 75746
143 13131 13702 17 1717
144 13287 21079 36 163773
145 13400 16589 22 19913
146 13401 18050 6 15036
147 13454 16012 99 102652
148 13478 18814 45 173794
149 13823 18625 134 714417
150 13862 15642 69 67374
151 13904 14434 35 20433
152 14046 19212 86 278926
153 14056 14240 53 5068
154 14099 14430 50 8940
155 14245 20529 5 18803
156 14263 16676 10 10824
157 14419 14988 9 1971
158 14435 23940 87 685071
159 14631 14759 49 6585
160 14641 15760 6 3849
161 14718 16114 26 14469
162 14719 17719 30 29363
163 14779 15629 39 24383
164 14884 26005 144 279916
165 14951 18785 63 62627
166 14966 18375 131 290625
167 15046 22482 62 312987
168 15060 15432 21 1716
169 15109 18455 12 10861
170 15110 19854 119 185167
171 15149 25340 10 31328
172 15179 22818 89 309261
173 15577 16021 36 10600
174 15648 19327 125 245954
175 15989 17609 14 8489
176 16196 16311 135 8076
177 16346 30994 31 101653
178 16393 24766 13 36741
179 16457 23327 105 189747
180 16487 31310 100 440895
181 16689 18332 89 50723
182 16799 19857 43 165264
183 16931 25772 83 379531
184 16971 19286 7 5658
185 16984 24747 8 15968
186 17117 30813 7 28531
187 17136 18854 73 97049
188 17227 35956 142 913401
189 17465 19612 105 88224
190 17597 31522 47 169480
191 17747 33926 134 578011
192 17788 21196 63 123975
193 17821 22820 61 89778
194 17873 22207 142 129256
195 17980 20907 21 33310
196 18001 29007 47 150771
197 18026 25569 117 273827
198 18189 20098 126 47202
199 18195 18555 134 11803
200 18224 30060 109 980414
201 18290 20891 91 97478
202 18477 23278 96 85712
203 18494 27962 14 29562
204 18501 24347 55 391159
205 18712 29811 29 291308
206 18733 28178 7 11321
207 18748 19257 31 4770
208 18859 23406 37 44271
209 18866 19897 103 80257
210 19255 23243 29 46850
211 19468 29280 51 238396
212 19480 22632 11 3444
213 19554 27211 116 525659
214 19834 40252 18 578574
215 19981 23079 32 16475
216 20019 41048 78 462208
217 20092 30776 73 437052
218 20132 29764 116 1207700
219 20164 23287 22 19615
220 20171 20785 92 52747
221 20301 36734 17 83106
222 20423 27179 51 221731
223 20799 34292 6 19069
224 20858 23106 16 23059
225 20959 26193 35 35493
226 21021 34622 50 316619
227 21043 21452 99 21581
228 21140 29471 137 274340
229 21269 35913 4 10603
230 21586 26817 142 527014
231 21598 23811 56 75825
232 21632 23559 116 60950
233 21788 23345 21 17214
234 21789 30585 6 11377
235 21958 24322 12 5940
236 22041 22719 10 3395
237 22058 43362 116 1061348
238 22151 28141 38 70609
239 22665 29506 113 159833
240 22734 29697 124 277241
241 22804 34343 21 108744
242 23040 25567 11 10384
243 23221 30324 113 218275
244 23224 29228 37 46258
245 23421 26494 94 61552
246 23470 42618 26 92658
247 23691 27309 6 7195
248 23892 24947 125 75094
249 23950 24804 16 14726
250 24057 24286 85 11957
251 24093 33711 88 229943
252 24312 37654 42 256246
253 24789 31499 69 233605
254 24956 32087 5 9036
255 25233 37289 49 131889
256 25315 30011 122 683914
257 25395 28744 6 14043
258 25417 33420 12 29520
259 25697 29148 6 10442
260 25756 29821 143 199836
261 25873 26685 34 21329
262 25957 26029 8 526
263 26067 31366 17 32845
264 26069 29751 91 115206
265 26190 32064 137 257716
266 26226 42090 17 68400
267 26230 30100 93 54134
268 26248 31017 95 293818
269 26281 32012 27 70922
270 26403 28677 120 54348
271 26614 32100 9 26064
272 26660 27461 43 22930
273 26751 30148 117 142859
274 26837 32330 61 212018
275 27005 33683 125 314634
276 27022 36518 31 64796
277 27038 29447 26 26545
278 27065 28524 38 36663
279 27103 29146 28 30952
280 27169 27734 13 14616
281 27244 32421 51 234009
282 27326 42189 25 122854
283 27334 38369 39 63176
284 27378 33506 101 229440
285 27474 30061 121 276818
286 27630 38927 85 393013
287 27749 31167 96 219378
288 27908 28695 13 2688
289 27942 30902 140 197045
290 28043 49534 63 358592
291 28293 36295 91 524191
292 28495 37312 48 194938
293 28575 37068 27 37475
294 28584 31370 66 100774
295 28603 35791 25 38210
296 28815 29603 73 31793
297 28925 36001 116 474365
298 28949 35726 106 545912
299 28992 31603 19 43204
300 29170 31095 53 81312
301 29295 32716 94 121687
302 29343 34842 15 26331
303 29570 36216 70 155982
304 29860 33006 128 106768
305 29864 32165 18 31039
306 30073 31135 38 8468
307 30183 30312 10 668
308 30308 32508 5 15646
309 30326 40081 29 201892
310 30403 31144 84 25714
311 30616 32487 8 2636
312 30687 35420 19 17904
313 30692 33959 60 174567
314 30716 37938 131 340329
315 31256 31298 87 1997
316 31258 42152 146 454718
317 31275 33990 5 5766
318 31394 52494 113 2460114
319 31413 54773 83 453791
320 31419 35887 4 9988
321 31432 40942 111 244975
322 31523 32810 11 12699
323 31688 34474 22 30418
324 31828 34408 5 4318
325 32014 33366 48 20181
326 32056 49789 103 1718968
327 32088 45194 15 133995
328 32161 33374 31 16936
329 32432 32778 125 21899
330 32433 33895 62 19143
331 32505 49104 46 222257
332 32584 32827 81 19781
333 32634 35712 64 106372
334 32671 35191 111 194068
335 32686 38865 26 24895
336 32696 39805 65 319486
337 32785 45910 126 780610
338 32855 34710 136 208437
339 32887 32915 52 613
340 32925 34788 45 19921
341 32980 36452 26 10128
342 33093 45179 13 40376
343 33257 37484 26 66913
344 33297 39563 40 196552
345 33337 34342 128 37962
346 33581 40175 21 148605
347 33748 52903 86 2417953
348 33802 34121 9 1594
349 33916 37617 90 375547
350 33942 33953 27 55
351 34025 34312 138 66767
352 34076 42135 134 254133
353 34102 37056 7 13857
354 34117 34608 67 14719
355 34313 38625 37 238243
356 34364 36420 105 113843
357 34412 36402 36 28295
358 34541 45062 97 289961
359 34571 46176 144 594544
360 34638 47433 134 1049313
361 34646 40549 66 100370
362 34653 39802 53 97207
363 34734 35686 53 26003
364 34767 41724 14 32095
365 34775 39014 149 247610
366 34824 43557 7 14980
367 34834 36357 91 124721
368 34940 35650 101 29058
369 35055 39851 9 13123
370 35411 35730 5 594
371 35429 42214 18 93304
372 35453 40019 55 241881
373 35595 45811 34 115094
374 35710 36571 11 5141
375 35732 37320 85 30667
376 35806 37090 62 25858
377 35907 37167 6 2420
378 36047 37017 79 25293
379 36093 44024 14 61809
380 36209 41977 124 200500
381 36321 36989 67 23603
382 36350 44822 99 373554
383 36352 36888 104 23659
384 36359 38353 41 35363
385 36522 41440 9 41508
386 36627 41596 21 16730
387 36702 47134 113 317357
388 37163 46605 104 536048
389 37200 39454 38 182928
390 37242 44743 95 334378
391 37351 41190 102 208142
392 37354 46159 66 583194
393 37514 40559 25 28042
394 37601 43836 22 37246
395 37653 38706 32 16998
396 37710 45127 26 149965
397 37773 40257 27 35453
398 37884 40509 115 194536
399 37902 41785 142 212632
400 38074 44621 80 177707
401 38187 59038 96 1390922
402 38342 42495 94 253041
403 38457 39941 68 50689
404 38476 42204 139 280495
405 38541 38973 5 1405
406 38547 41410 101 182218
407 38615 44871 64 265717
408 38624 43776 110 177021
409 38667 56297 10 72870
410 38720 48995 89 235212
411 38878 41486 17 14119
412 38880 43100 51 136754
413 38895 39991 64 44418
414 39192 61580 15 92904
415 39263 44791 31 34421
416 39300 40878 126 17151
417 39510 39574 24 2826
418 39692 42659 64 72116
419 39694 52328 7 11800
420 39920 59786 92 841655
421 40102 42714 141 66813
422 40230 63362 82 273611
423 40255 40751 54 19207
424 40296 44119 98 186382
425 40463 45743 30 65620
426 40483 42551 122 74970
427 40554 42225 131 35467
428 40644 42342 133 250057
429 40673 41167 29 6737
430 40719 42476 28 33207
431 40781 41920 8 5524
432 40787 41110 9 848
433 40850 51752 6 55513
434 40987 59576 145 1805744
435 40991 41481 17 3663
436 41094 45766 50 45349
437 41164 48079 59 129841
438 41294 48897 9 49660
439 41308 41439 42 4183
440 41323 45920 7 21448
441 41336 41874 9 4347
442 41357 41723 18 1745
443 41424 41845 36 24494
444 41502 51367 47 300070
445 41512 43757 133 732004
446 41569 42817 23 10913
447 41591 55647 6 45796
448 41759 42623 49 33603
449 41784 41965 29 2519
450 41838 43255 34 18345
451 41949 50698 11 133582
452 41972 47805 10 27221
453 42042 66654 18 129491
454 42133 47392 6 19604
455 42261 42920 9 10907
456 42288 44174 6 10054
457 42311 46439 42 68105
458 42381 47566 6 9300
459 42595 45603 16 26963
460 42712 50023 59 143418
461 42733 48945 29 54923
462 42759 46702 4 2644
463 42780 52921 70 176470
464 42802 47053 78 184345
465 42948 49779 51 110709
466 43247 43905 85 33614
467 43568 46863 50 112363
468 43777 49032 5 15926
469 43791 47112 34 120586
470 43830 54257 40 212266
471 44060 51149 10 38577
472 44127 44164 67 531
473 44176 45278 17 7166
474 44215 44247 100 3910
475 44321 49211 135 70609
476 44416 45238 101 34124
477 44476 54762 51 347830
478 44620 45415 147 35602
479 44653 50272 142 286495
480 44709 45082 107 15640
481 44716 47796 34 43300
482 44788 50161 39 64210
483 44835 45796 142 76062
484 45068 54688 46 130512
485 45143 50045 143 637306
486 45226 62428 74 611121
487 45289 55645 55 333679
488 45348 74165 105 934953
489 45422 51212 146 259541
490 45464 51245 140 263943
491 45509 52112 48 103353
492 45561 53283 15 37801
493 45733 46786 21 28979
494 46042 47228 13 4567
495 46057 50048 92 149840
496 46077 47830 94 52117
497 46079 46292 7 572
498 46087 50166 41 74267
499 46244 51125 75 282248
500 46303 61668 106 268377
501 46463 53000 33 92478
502 46523 48219 55 35446
503 46557 57055 82 225460
504 46681 56051 6 14862
505 46893 60674 36 97280
506 47038 51929 7 15037
507 47141 49612 14 16892
508 47314 52504 69 176060
509 47519 64442 44 109595
510 47557 55868 29 90568
511 47604 57373 46 58889
512 47781 50176 136 324223
513 47854 51391 24 62405
514 47906 53399 57 243776
515 47959 48396 10 4904
516 47961 48434 7 2464
517 47987 50727 105 174915
518 48258 54287 34 82610
519 48269 51869 13 16748
520 48323 58059 23 105168
521 48400 50080 85 78603
522 48466 61134 132 665249
523 48628 49274 44 19196
524 48786 58379 32 244880
525 48874 52668 51 332072
526 48976 49801 24 17387
527 49102 57243 53 226288
528 49431 53772 94 275845
529 49446 51502 63 77115
530 49679 50576 72 23744
531 49837 54751 130 66375
532 49941 53876 8 6995
533 50020 50139 35 2310
534 50123 50357 68 9192
535 50239 58610 123 389207
536 50308 53812 33 91312
537 50392 56386 63 191971
538 50408 52005 24 25602
539 50495 50751 8 1008
540 50565 52889 145 107240
541 50595 58795 8 22950
542 50813 57750 17 32945
543 50936 57137 25 144692
544 50941 56997 96 540805
545 50962 52470 66 31741
546 50963 53266 6 3852
547 51122 51287 4 272
548 51168 55547 28 54925
549 51323 55712 32 66994
550 51453 60328 29 89938
551 51741 56689 55 180131
552 51891 52267 10 2105
553 51948 52675 33 16409
554 52023 55990 101 247265
555 52075 53670 13 22995
556 52155 58104 101 300677
557 52194 54262 6 5436
558 52201 57384 90 509568
559 52698 54162 121 88691
560 52747 54130 4 3982
561 52748 56183 19 37332
562 52757 53904 103 90628
563 52787 53629 6 3784
564 52877 57603 113 380327
565 52942 53518 9 2667
566 53034 61878 15 62222
567 53211 58644 49 339092
568 53262 53702 15 1613
569 53279 65302 53 222559
570 53297 63501 11 26820
571 53376 54222 87 27888
572 53533 57697 58 110072
573 53536 60591 43 52094
574 53578 55159 4 3009
575 53620 56884 34 37659
576 53642 66314 112 1323413
577 53686 62390 12 34567
578 53721 57035 141 130880
579 53778 59140 83 118998
580 54209 56452 67 31897
581 54216 55162 58 39379
582 54321 57647 116 81414
583 54327 56337 98 107566
584 54451 56648 17 22720
585 54512 54526 6 47
586 54588 61998 10 26913
587 54612 63732 108 347601
588 54810 61560 78 168797
589 55040 56670 8 5733
590 55185 55213 103 1666
591 55227 55617 12 2601
592 55310 60015 21 31895
593 55378 55474 143 9505
594 55387 55501 95 12262
595 55636 70666 103 474756
596 55673 56593 88 23154
597 55686 64918 10 22425
598 55695 56768 34 15728
599 55740 55824 90 5511
600 55741 57363 11 10062
601 55981 58885 64 40016
602 56198 63243 123 154600
603 56210 62267 17 45003
604 56220 67723 120 860782
605 56308 58845 90 165969
606 56448 59547 133 271063
607 56516 62074 92 987681
608 56639 57338 47 13315
609 56731 62805 13 37716
610 56785 57082 7 1541
611 56914 63480 50 156518
612 56920 59317 23 41135
613 57036 61061 100 103050
614 57064 57248 42 2643
615 57156 61037 21 18819
616 57175 63437 10 29596
617 57261 64525 107 287687
618 57382 64813 149 1187653
619 57517 58582 35 19622
620 57692 59275 101 71039
621 57721 60508 43 42093
622 58061 65649 58 314045
623 58099 59657 38 18246
624 58167 62263 15 13190
625 58287 58315 82 2238
626 58402 61235 75 36376
627 58522 62381 71 27789
628 58598 66459 36 103433
629 58720 64288 86 124420
630 58747 60135 101 29611
631 58793 58996 25 1495
632 58835 60869 47 31586
633 59040 59922 21 17715
634 59087 65276 58 197728
635 59136 65152 41 49640
636 59544 64788 36 45968
637 59555 64069 17 35187
638 59630 77588 56 556718
639 59686 61226 140 121662
640 59730 63630 38 88258
641 59768 61574 145 70338
642 59924 86150 51 906568
643 59973 60906 35 17571
644 60047 84493 42 440525
645 60320 71360 19 113674
646 60432 64914 15 29647
647 60517 78892 19 120360
648 60612 80086 55 586078
649 60663 60900 4 823
650 60668 62023 75 28624
651 60692 76303 118 518233
652 60889 66768 26 107836
653 60963 62407 7 5333
654 60982 63174 36 77911
655 61225 65393 69 100527
656 61267 65143 92 111842
657 61386 68599 44 126386
658 61465 64555 35 71171
659 61576 65715 132 145323
660 61605 63295 69 92380
661 62102 69864 40 113354
662 62179 63841 142 46527
663 62241 89264 30 388666
664 62433 69715 85 313234
665 62481 75753 19 294273
666 62665 65171 79 84053
667 62795 66067 14 25855
668 62843 64254 88 106856
669 62858 62959 13 863
670 63007 70504 137 293724
671 63122 64420 15 7965
672 63143 69662 73 96246
673 63310 66015 40 21639
674 63531 63689 86 7647
675 63544 71454 142 999057
676 63566 67363 53 87942
677 63574 66964 13 9811
678 63607 67074 41 40189
679 63741 64489 70 26369
680 63774 70183 145 337124
681 63795 64934 116 63663
682 63907 70061 16 73341
683 63946 64036 7 580
684 64030 67503 79 196522
685 64222 73776 83 512020
686 64312 65037 96 32527
687 64389 67134 96 75722
688 64390 76896 147 532989
689 64451 68698 58 74914
690 64645 69511 121 139766
691 64652 76834 81 810695
692 64691 69077 42 53062
693 65009 79783 29 110852
694 65020 71203 91 227398
695 65063 71482 42 108969
696 65166 66302 72 34392
697 65184 67854 19 20326
698 65234 78072 79 548726
699 65301 67860 140 278134
700 65373 69327 6 3764
701 65507 71819 11 24431
702 65546 68757 67 149040
703 65565 73288 46 116877
704 65916 83369 103 886744
705 65919 68882 30 140475
706 65944 80667 31 77575
707 66227 71920 48 157315
708 66329 73239 69 121039
709 66344 74632 17 79181
710 66402 66607 104 30318
711 66412 67574 29 17870
712 66452 67680 19 10053
713 66572 84794 21 200926
714 66696 74061 58 92954
715 66754 66796 55 983
716 66773 68308 104 71158
717 66965 71892 21 89206
718 67054 68904 106 15429
719 67078 69035 104 127564
720 67178 93207 70 799133
721 67506 72572 73 141147
722 67747 70768 32 131915
723 68066 77830 15 29247
724 68080 70243 69 66624
725 68116 78772 32 74788
726 68208 72625 114 265208
727 68304 70731 63 46001
728 68361 99491 14 97550
729 68433 76093 115 255205
730 68449 74673 9 39678
731 68626 69013 9 1579
732 68743 79985 14 110154
733 68800 75614 19 50225
734 68857 81208 37 274320
735 68975 79836 45 340216
736 68979 74213 77 124897
737 69007 78060 24 132151
738 69026 73917 124 399166
739 69157 70236 124 23635
740 69326 70311 39 29832
741 69361 71184 133 68806
742 69566 71136 131 91357
743 69626 74741 70 83305
744 69632 70991 72 23906
745 70043 82643 29 112217
746 70056 73196 147 420723
747 70143 77144 34 257406
748 70199 71928 143 111503
749 70323 72503 10 7360
750 70637 77001 35 101653
751 70808 73546 87 233872
752 70834 78433 68 205239
753 70855 71637 17 7019
754 70865 75418 99 140048
755 70867 74754 112 487271
756 70931 74887 83 119684
757 71023 83722 65 160235
758 71188 71871 12 2305
759 71204 71711 44 9125
760 71390 82683 11 52661
761 71584 75680 8 32727
762 71726 77277 74 300108
763 71795 73150 8 3479
764 71957 76563 88 102372
765 71959 72477 10 2467
766 71972 78467 5 8590
767 72356 78489 26 46048
768 72635 74326 92 132925
769 72764 72948 27 2035
770 72793 81691 125 595402
771 72931 77157 12 63064
772 72949 73396 34 6130
773 73000 76086 48 115035
774 73057 73195 120 3852
775 73128 82845 98 137570
776 73222 85451 15 37979
777 73385 84656 110 733017
778 73540 75186 11 8647
779 73787 78128 46 61223
780 73949 94597 118 1944469
781 74100 77292 68 126251
782 74348 81362 12 43446
783 74399 76046 16 14842
784 74868 76625 138 65896
785 74967 76016 51 23965
786 75000 75870 59 46052
787 75161 75419 9 1178
788 75248 84170 50 327055
789 75506 77139 9 19044
790 75686 76067 5 1398
791 75711 79464 117 89114
792 75801 76244 78 15061
793 75836 96379 6 26047
794 75986 77076 117 62308
795 76162 77083 143 22237
796 76642 76951 89 29675
797 76775 77650 47 60199
798 76823 78927 18 21190
799 76871 91777 69 270810
800 76993 82374 137 97317
801 77315 78848 95 36477
802 77345 77977 70 13406
803 77346 80426 59 38339
804 77492 80068 9 18720
805 77704 82558 62 158421
806 77717 98952 24 179417
807 77774 89728 52 388697
808 78169 93821 23 217238
809 78179 79739 126 108550
810 78187 84827 10 28139
811 78344 79539 85 22012
812 78411 79407 124 24957
813 78510 79406 144 42121
814 78669 91446 66 243502
815 78867 90005 6 30174
816 78885 80963 150 696504
817 78926 82599 50 46583
818 78991 79215 102 11018
819 79062 81741 8 10556
820 79097 93874 45 118904
821 79164 86439 35 217276
822 79189 98639 53 275625
823 79527 93562 72 1128164
824 79668 82346 37 66743
825 79674 88359 10 43790
826 79691 82356 108 173307
827 80054 82329 68 29550
828 80055 86554 145 411718
829 80081 82805 110 194392
830 80112 85299 16 18256
831 80129 85117 99 202176
832 80144 81598 50 37086
833 80181 82440 30 31943
834 80288 89778 149 479605
835 80453 83164 143 115165
836 80511 88042 81 382936
837 80571 84975 5 9772
838 80622 82936 97 90100
839 80634 81282 10 3064
840 80677 86984 14 24326
841 80699 81416 61 18601
842 80759 82738 139 43548
843 80912 83910 61 157497
844 80971 83013 6 5306
845 81194 91076 8 23888
846 81296 82905 75 32761
847 81581 82038 38 13034
848 81589 81817 5 934
849 81699 84138 42 69135
850 81727 83200 5 2070
851 81975 87084 8 10157
852 82056 83143 53 34008
853 82090 94915 5 17984
854 82093 85515 4 12343
855 82253 99823 134 1031530
856 82342 86192 129 199566
857 82385 83511 74 32772
858 82449 83507 24 8444
859 82618 91025 30 113953
860 82626 93639 7 29428
861 82646 91807 35 465572
862 82714 86815 44 77023
863 82817 83194 15 5037
864 82849 83698 19 5681
865 82866 84302 23 24446
866 82928 90044 14 39153
867 82940 85826 129 83890
868 82977 83415 12 5950
869 83020 94172 105 1253724
870 83054 85347 61 40168
871 83132 94007 22 105946
872 83490 84499 108 70386
873 83675 84565 82 36197
874 83696 86509 32 32093
875 83965 86701 9 10897
876 83979 84555 114 13182
877 84314 84762 123 33164
878 84364 91241 5 4552
879 84367 95478 5 11315
880 84381 90324 35 71082
881 84507 86642 105 167810
882 84523 86496 127 98923
883 84630 94226 136 456157
884 84778 86419 34 61284
885 84784 90764 35 170307
886 84833 88449 17 20389
887 84909 88195 10 13785
888 85089 90218 138 127513
889 85228 86385 81 20647
890 85276 86959 47 33764
891 85372 96697 10 16292
892 85477 88251 82 54682
893 85609 97570 14 79000
894 85677 85819 37 1306
895 85702 90680 26 38818
896 85936 91310 52 63866
897 86086 91943 27 51596
898 86089 91529 55 177657
899 86103 88082 68 261342
900 86120 87802 108 56782
901 86293 92960 54 123723
902 86325 87762 87 76208
903 86383 97246 11 77731
904 86803 88437 23 27066
905 86828 90512 59 221208
906 86840 87053 53 8407
907 87034 95616 114 526417
908 87222 96044 119 948935
909 87233 96836 6 19640
910 87288 90192 29 36923
911 87354 88342 12 9555
912 87411 93595 65 90721
913 87540 91526 49 59544
914 87548 88101 82 27183
915 87551 94869 145 415285
916 87611 90648 13 31755
917 87617 90537 150 123493
918 87627 92890 50 208412
919 88116 90420 133 53842
920 88123 92064 29 56246
921 88177 91678 32 62958
922 88328 92511 28 41541
923 88406 91755 12 16731
924 88415 91995 4 5475
925 88544 88695 114 8481
926 88600 96691 132 574203
927 88667 89273 107 38170
928 88702 94078 100 230529
929 88914 89130 31 1853
930 89051 96173 34 112640
931 89101 93546 129 308209
932 89193 95559 90 1016983
933 89248 91462 22 26755
934 89299 91206 143 418530
935 89312 99417 18 46122
936 89359 92797 57 28289
937 89402 96560 75 212181
938 89624 93856 22 37928
939 89662 94617 68 71998
940 89707 92844 5 4449
941 89801 95687 50 109819
942 89892 91883 9 24420
943 90333 92075 20 10167
944 90515 96402 5 17848
945 90568 92393 9 5465
946 90701 92567 26 22903
947 90777 93522 42 97920
948 90788 97652 127 300854
949 90944 94825 59 149718
950 91135 96619 117 208689
951 91192 94477 14 15480
952 91201 97253 12 10496
953 91419 99578 53 97153
954 91498 95213 42 125039
955 91689 94010 33 49974
956 91737 97940 120 482574
957 91854 93376 13 8057
958 92038 93006 130 197616
959 92340 97151 133 241235
960 92404 99163 143 528862
961 92493 95767 37 45439
962 92515 96305 78 96980
963 92617 94135 19 5938
964 92623 94404 35 68563
965 92652 94296 64 79005
966 93007 94236 20 8277
967 93039 96653 6 7490
968 93106 95425 16 9983
969 93109 93137 16 284
970 93197 94548 147 55012
971 93264 96643 68 145177
972 93314 95334 6 7235
973 93335 99440 48 147956
974 93353 98015 101 259312
975 93428 97377 41 63839
976 93584 94299 67 29830
977 93666 98409 78 162644
978 94044 96313 89 146834
979 94235 96277 41 18017
980 94842 95593 5 1347
981 95011 97488 27 26715
982 95048 97664 117 101271
983 95053 99751 80 186985
984 95231 96632 120 62898
985 95709 97306 16 28961
986 95743 96457 113 17562
987 95831 97860 58 87375
988 96124 98176 102 27949
989 96222 99773 17 31179
990 96441 97894 19 4744
991 96649 99592 7 6357
992 96760 97993 53 26892
993 96817 96999 145 10587
994 97492 98688 86 42680
995 98065 98134 127 9551
996 98198 99234 95 45646
997 98314 99376 35 23090
998 98446 98907 23 4615
999 99119 99275 101 8135
