50 1000 0.033
###.......###.........###.#.##....................
..##.#...#####........###.#####...##.##...........
..####.....##..........#..###.#..#######.###......
.##.##.....#..#.......###..##.....######..###.....
##.###......###.###....####.###....####..#####..#.
............##..##....###....####...###...##....#.
.##......#.##.....#...##......#.###......##.....#.
..#.....#####..........#....###.#.##....##....#.##
####..##..####...##....#..#....#####..........##..
.#.######..###.##.......#.##...##.##........###...
.####.##...#####......#.##....###.................
....#......####......#####.....#..........##......
..........##.##.......#####....##..........#......
###...##...#.#..#..#..#.####...##.......##.##..#..
.###...#..##########.##.##......#.......######.###
..#....#...##.#...##.#..........#......##########.
..................##.##......#.##.......#####.##..
.##................#..##...######.........#.#.#...
.###.................##....#.##.##...........###..
##.#.............######.#.#...#................###
###..............#.####.###...##.....#.....##.###.
#...............########.##..##....###.#######.##.
................###################.#.....#####...
.................##############.######...######.##
....####.........#.#.##.####....###.###...###....#
.....###.............#....##.....##.#####.###...##
.....#..###...............#..........#########.###
........###........................##.##.####.#.##
.........#..............................##.##.###.
..........#..............................#......#.
.........###....###..................#...#...#####
.........#.##..#######....#........#.###.##....###
.........#.#....#.####...##.....#..####...##.....#
...............#.#...#...###...#####.##..#........
.......##....#.#######..####...######...#####.....
........#....#########....##.#####.#.#######...#..
......####....###............#######..##.####.####
.......#.#.....###...........#.#......######...###
.........##....##...........###....#..#####......#
................####.##......##.#.###..#.#.......#
...............###.####.......#####.#..#........##
.......###....####.##.........####..#.............
....#..#.........#####.........#.#.###............
...##............#...............#..#............#
.####.....#.....#............#...##.#........#...#
..#####.####..#.#............##...###.......##...#
...#..##.###.#####............#...#........##.....
...#####..#..####.....###.................#####...
.....###....###........#...................##.###.
.....###......#........#..........###.........###.
0 145 14524 22 282834
1 311 3481 123 229686
2 395 735 27 3513
3 424 3515 52 38108
4 464 5361 41 67207
5 489 1599 19 7196
6 594 718 29 1083
7 675 2063 91 71941
8 795 8078 43 36732
9 814 4327 77 115649
10 863 4062 128 286141
11 929 2065 13 5611
12 966 10781 44 109228
13 976 2745 11 3739
14 980 8374 15 37081
15 1039 5542 28 24843
16 1270 7139 7 43584
17 1398 4826 9 16486
18 1454 10946 36 18319
19 1509 6149 17 20668
20 1591 11066 40 54516
21 1604 3000 48 16945
22 1723 1831 91 5572
23 1728 3087 39 29303
24 1748 8923 38 97088
25 1774 4805 9 14992
26 1997 9109 31 127562
27 2048 2453 29 3294
28 2075 6217 53 75399
29 2096 6512 56 36348
30 2103 5007 73 110515
31 2122 2211 10 738
32 2174 12399 24 66282
33 2285 7048 57 422989
34 2310 13281 102 302217
35 2454 3124 7 4752
36 2484 11985 118 627942
37 2595 5998 29 66013
38 2660 3213 99 50735
39 2760 8238 21 98626
40 3016 3246 88 13404
41 3053 6324 20 33133
42 3275 3378 39 5442
43 3425 5708 87 198213
44 3489 4101 48 12434
45 3590 10069 79 178731
46 3663 8208 74 139488
47 3664 3709 45 4744
48 3692 4399 110 35669
49 3701 4852 14 18954
50 3714 3948 123 8816
51 3814 12333 5 29382
52 4086 4884 5 2136
53 4108 7720 30 57431
54 4603 9591 53 99948
55 4677 7980 15 24342
56 4791 9427 12 16544
57 4820 6405 136 80046
58 5027 7374 99 75996
59 5195 12073 94 264714
60 5255 10647 95 315448
61 5317 13111 26 74429
62 5397 6270 6 1079
63 5429 16852 109 334159
64 5587 8152 79 78889
65 5619 10862 82 143954
66 5659 17847 42 229946
67 5747 7078 107 96231
68 5752 12144 137 255415
69 5850 5990 28 1485
70 5852 6946 95 61035
71 6237 7755 64 57781
72 6289 8038 144 54684
73 6363 10999 86 277795
74 6408 12704 31 100088
75 6476 7375 80 28135
76 6571 6874 9 4736
77 6577 12765 101 285202
78 6639 21676 112 638018
79 6949 8189 28 18636
80 6965 9195 89 88584
81 6991 13778 35 122893
82 7433 11401 87 117822
83 7467 17050 150 1067839
84 7494 16516 27 184703
85 7524 8521 101 30495
86 7745 10323 20 24031
87 7780 8500 11 1844
88 7821 11213 139 531601
89 7965 12777 5 7914
90 8093 12384 109 285987
91 8231 8893 24 27079
92 8248 9124 44 16049
93 8350 9486 26 10764
94 8371 15136 18 102644
95 8581 10325 141 214190
96 8662 36496 48 237749
97 8721 12104 45 32070
98 8885 11318 25 13282
99 9033 11680 29 73614
100 9261 9779 105 35047
101 9307 17747 140 480246
102 9327 12271 25 34635
103 9393 13714 77 295972
104 9423 11148 46 23503
105 9589 13848 140 117700
106 9620 30687 137 1296928
107 9677 10376 139 29851
108 9782 21265 20 43812
109 9931 14874 43 219349
110 10168 12998 46 43127
111 10219 11600 85 39036
112 10316 20231 56 231634
113 10326 11815 124 118676
114 10454 19865 98 311476
115 10570 16872 58 121529
116 10609 11929 90 139652
117 10722 17140 60 141859
118 10758 14406 12 20006
119 10806 13269 48 112565
120 10872 11063 34 8233
121 11048 13571 103 121936
122 11173 14053 93 194983
123 11288 16265 26 53373
124 11476 13108 111 61443
125 11490 27151 8 130000
126 11518 12620 5 633
127 11700 29105 46 283413
128 11846 18157 65 49819
129 11955 20375 48 136622
130 12002 13025 19 4749
131 12082 14459 53 80557
132 12083 13870 26 8656
133 12173 12705 136 30097
134 12226 13928 33 45084
135 12244 16194 33 81063
136 12429 13182 144 102937
137 12487 14564 4 3868
138 12726 13311 23 15462
139 12761 14899 43 95597
140 12798 14016 12 9472
141 13116 17323 54 98294
142 13216 22946 16 33467
143 13357 16886 17 96259
144 13393 17216 5 6898
145 13482 13570 62 1185
146 13517 30722 63 277802
147 13704 20266 4 7655
148 13781 16582 83 81654
149 13828 18523 96 64030
150 13965 13971 90 538
151 14131 15381 88 72743
152 14183 18051 103 219832
153 14253 22547 65 209376
154 14434 14690 6 466
155 14500 26262 76 266536
156 14599 16619 33 28640
157 14635 16978 127 60752
158 14693 24018 138 212802
159 14733 26608 70 191161
160 14900 15375 16 16290
161 15041 15875 121 62675
162 15048 28079 34 245851
163 15062 15371 10 1057
164 15293 26397 39 177375
165 15369 15897 24 10227
166 15463 19787 93 909383
167 15507 27255 142 525317
168 15525 16344 21 5286
169 15614 20877 114 234840
170 15772 15794 91 1508
171 15793 16367 59 42569
172 15870 26102 12 49136
173 16003 18866 117 154278
174 16027 16890 14 6403
175 16412 22492 58 270257
176 16493 22330 43 51865
177 16630 21021 59 117292
178 16643 26060 71 152223
179 16818 37928 130 580610
180 16850 17770 143 76489
181 16930 25210 123 1031723
182 17001 19313 87 104406
183 17149 19791 98 120167
184 17385 21699 6 9790
185 17435 21248 28 296592
186 17446 20844 41 42267
187 17477 24703 114 233572
188 17638 17682 25 293
189 17807 17833 41 379
190 17900 18698 31 7217
191 17967 27559 7 37194
192 18028 18459 19 3443
193 18062 19497 39 11443
194 18095 19023 6 3188
195 18245 20222 114 180324
196 18337 20206 47 27805
197 18401 20726 139 127744
198 18451 18792 20 1547
199 18654 20103 9 2049
200 18770 26695 104 513371
201 18796 19749 112 99145
202 18839 24502 33 98571
203 18915 21850 93 463650
204 18952 19587 54 4355
205 18953 20466 22 11278
206 18975 27403 29 154286
207 19033 20577 93 61520
208 19085 23938 94 275463
209 19168 26633 17 29516
210 19266 25711 117 364398
211 19292 26174 10 18339
212 19321 19638 145 62297
213 19471 19906 63 12903
214 19545 22792 106 198332
215 19550 20045 12 4331
216 19690 22625 6 9100
217 19895 20572 146 90179
218 20048 30835 18 66927
219 20253 20286 31 650
220 20535 26385 34 56173
221 20622 20958 59 22921
222 20738 27202 11 22786
223 21084 30159 113 529793
224 21134 22351 150 56378
225 21228 24504 5 11755
226 21461 28182 46 94334
227 21490 23550 145 179694
228 21564 22422 66 16379
229 21804 24601 27 36444
230 21838 24723 50 60018
231 21969 23049 69 66348
232 21973 23885 18 11072
233 22180 24387 10 5247
234 22258 22716 8 2551
235 22337 25031 129 201199
236 22341 39492 18 125069
237 22343 22876 26 7745
238 22489 23842 67 38032
239 22541 35063 12 59458
240 22583 26849 63 107494
241 22624 24649 124 69173
242 22673 25742 42 34603
243 22677 26889 5 7061
244 22987 23855 105 67502
245 23073 24662 46 43015
246 23083 25641 100 97906
247 23086 32107 32 66017
248 23184 23504 18 6315
249 23190 23771 119 32513
250 23232 27010 16 44147
251 23287 23551 108 12281
252 23470 24704 68 110823
253 23517 26949 53 80564
254 23541 25910 139 56845
255 23606 26745 76 139825
256 23613 26975 20 33090
257 23641 24901 44 90536
258 23674 26760 105 333155
259 23830 24186 134 39714
260 24061 28587 71 148534
261 24099 32098 52 99723
262 24121 46498 68 1937807
263 24190 26470 47 61053
264 24239 25816 10 6940
265 24240 24674 7 2540
266 24283 24973 121 16015
267 24687 38373 22 235181
268 24688 24836 16 1687
269 24727 25620 6 3363
270 24823 28250 83 112929
271 24947 25635 133 70971
272 24983 29981 7 17560
273 25145 30246 77 212368
274 25203 27833 118 183212
275 25417 29014 4 6857
276 25527 30878 8 22895
277 25632 31453 15 31927
278 25948 29229 43 111636
279 25965 28815 116 404874
280 26017 32805 71 125239
281 26228 33117 93 134805
282 26527 28675 6 4234
283 26607 31032 79 133914
284 26947 34623 47 149251
285 26979 33847 34 79434
286 27088 27545 42 6091
287 27129 29865 5 4561
288 27301 30010 23 32561
289 27393 28494 76 46081
290 27397 30895 19 15927
291 27423 33379 24 86135
292 27429 32158 139 151122
293 27530 34939 31 69150
294 27538 28900 98 77136
295 27648 34863 80 116512
296 27679 27847 111 11490
297 27821 35732 126 275007
298 28163 28673 122 60063
299 28327 38081 101 138429
300 28410 32124 10 11439
301 28432 28990 147 65625
302 28710 29169 33 1933
303 28836 33697 99 183122
304 28973 40838 120 645050
305 29048 33799 98 85410
306 29391 31972 11 14197
307 29678 33376 110 80428
308 29786 51302 24 487112
309 29931 35569 122 519657
310 30097 32497 110 247207
311 30114 42410 65 355449
312 30184 33729 19 4759
313 30217 30411 38 4310
314 30250 31838 30 17682
315 30332 38425 19 22781
316 30379 32664 112 56172
317 30574 42217 31 45721
318 30690 32773 50 114017
319 30861 35527 35 76919
320 30928 34314 27 32498
321 31035 33706 35 57659
322 31176 33991 12 6896
323 31304 32729 26 25352
324 31381 36440 51 60738
325 31473 43183 60 223789
326 31490 35922 25 32587
327 31491 33118 39 76206
328 31513 41235 88 185848
329 31672 31925 61 11207
330 31698 31802 6 263
331 31861 35632 54 153428
332 32150 41143 90 437127
333 32402 33834 37 45063
334 32421 40615 111 326720
335 32469 34132 21 21984
336 32535 40605 21 74888
337 32674 35210 17 37744
338 32708 33082 16 3764
339 32739 39483 12 40139
340 32842 33403 9 5060
341 33101 38508 4 7486
342 33134 36578 6 20329
343 33348 36975 6 5620
344 33388 34699 131 159677
345 33432 38411 49 184400
346 33470 37743 35 20535
347 33666 34198 63 22363
348 33676 47972 24 84882
349 33687 36687 42 38768
350 33776 35435 93 64579
351 33780 33871 39 1163
352 33801 35313 24 19012
353 33819 42677 118 199034
354 34095 40934 30 33452
355 34114 35668 49 34384
356 34234 36977 8 5967
357 34337 41619 112 309132
358 34460 37445 129 150018
359 34673 41858 9 23659
360 34710 36652 61 107035
361 34741 38620 21 27948
362 34764 35246 76 29913
363 35101 36811 109 35731
364 35253 38450 106 58166
365 35263 36794 14 3093
366 35271 38914 25 35028
367 35397 35736 32 4007
368 35591 38598 36 78535
369 35610 36803 104 51900
370 35619 36414 65 53928
371 35694 49140 73 337372
372 35709 36648 19 4903
373 35711 38020 75 93843
374 35785 48898 50 189131
375 35801 37252 105 58099
376 35805 38936 18 12200
377 35888 36514 22 3712
378 35914 42214 87 336232
379 36007 36231 68 8670
380 36112 44448 12 22593
381 36130 36360 16 2408
382 36494 49101 57 253056
383 36660 42568 11 16240
384 36700 39279 25 20688
385 36770 37855 7 5063
386 36928 40908 137 325606
387 36967 40232 15 69406
388 36992 41545 128 345816
389 37056 40510 11 5188
390 37119 39165 48 20778
391 37124 38880 49 91606
392 37441 38766 73 34636
393 37482 45190 38 195327
394 37490 40046 69 41107
395 37515 44530 31 130404
396 37536 38559 8 2930
397 37605 40038 52 69445
398 37646 39394 32 19112
399 37696 46771 18 70861
400 37754 39697 48 13783
401 37803 46689 57 146005
402 37835 39210 5 2696
403 38013 38097 29 659
404 38237 39262 87 44935
405 38317 43467 75 405781
406 38347 41468 46 64280
407 38417 45489 124 443629
408 38485 41572 95 383222
409 38619 39921 110 51879
410 38713 38795 97 3840
411 38815 40266 49 17279
412 38849 41223 12 7847
413 38985 39193 55 9127
414 38999 47847 33 149187
415 39022 39334 11 1668
416 39060 40165 120 14760
417 39167 41155 11 3608
418 39260 40180 7 6008
419 39485 40953 12 8575
420 39632 47058 11 17853
421 39674 39987 15 5115
422 39819 41073 19 14708
423 39835 43829 107 125310
424 39911 42566 67 98955
425 39917 40912 60 48116
426 40036 42808 54 84496
427 40115 43280 100 106381
428 40142 43125 13 21227
429 40214 47958 103 328061
430 40224 43041 39 49310
431 40257 42339 143 83549
432 40343 46115 89 500436
433 40461 49059 50 494451
434 40602 41325 61 42156
435 40612 45655 148 114588
436 40732 41378 30 7326
437 41173 42147 115 37444
438 41208 41230 125 1931
439 41298 42549 20 18881
440 41410 42830 12 4113
441 41652 51160 85 502666
442 41733 46306 15 59078
443 41931 43453 49 47880
444 41933 44965 62 78487
445 42055 48097 74 104721
446 42171 46773 13 32988
447 42177 44488 109 136738
448 42235 43706 32 26896
449 42474 45930 92 64714
450 42557 44140 101 201614
451 42606 53260 37 83470
452 42618 47822 74 166773
453 42669 43685 83 73078
454 42688 45538 143 528466
455 42839 44758 63 64233
456 42945 49877 26 46161
457 43038 54158 26 121831
458 43070 53303 84 1131272
459 43079 45050 19 15376
460 43213 44401 47 17869
461 43445 46759 13 33423
462 43917 44943 134 78336
463 43990 50451 142 403580
464 44022 52499 14 47762
465 44168 46608 30 19525
466 44187 47545 112 265896
467 44201 46430 98 162731
468 44277 44660 8 2294
469 44305 51629 39 135626
470 44560 53396 59 362037
471 44564 45944 145 226006
472 44701 55038 39 117065
473 44829 46023 100 105446
474 45029 67268 11 96898
475 45053 46026 34 19282
476 45090 51924 12 39386
477 45168 47865 34 57170
478 45210 48211 87 173379
479 45231 51298 133 159758
480 45273 57573 27 169603
481 45339 47413 57 95539
482 45460 50032 82 314836
483 45648 63808 48 312499
484 45670 48774 112 540197
485 45704 49768 46 56529
486 45784 58469 20 65743
487 45929 55629 13 36279
488 45981 47740 17 4618
489 46132 51355 104 174912
490 46191 46999 57 25028
491 46195 59392 96 381518
492 46204 56598 16 79420
493 46226 49892 11 14711
494 46390 50149 35 62025
495 46469 57869 19 318540
496 46629 49645 15 46077
497 46778 49737 9 5663
498 46880 71336 15 78534
499 46947 50599 11 38252
500 47020 50125 91 157796
501 47057 48728 48 59254
502 47090 54931 10 36375
503 47164 47281 107 8469
504 47427 53253 107 199824
505 47552 48308 17 3574
506 47608 51383 4 2572
507 47825 48248 130 21162
508 47870 48123 93 17780
509 47984 60079 42 345271
510 48302 51666 10 55310
511 48478 69949 28 306365
512 48680 49789 94 34487
513 48684 49550 62 80739
514 48723 59726 44 150455
515 48819 50420 63 37478
516 48851 50648 125 163109
517 49002 53786 136 304844
518 49053 50351 23 16426
519 49108 57902 95 193127
520 49317 50424 20 17584
521 49347 61456 64 277716
522 49420 63231 32 142294
523 49439 61560 83 259410
524 49591 50810 34 13755
525 50015 51052 87 46807
526 50286 51094 24 13255
527 50300 52726 30 73318
528 50418 55027 20 42359
529 50585 63047 55 204828
530 50588 51736 49 20640
531 50603 57474 83 153704
532 50609 56727 125 390590
533 50840 56996 83 246757
534 50886 54889 39 151330
535 50906 58032 23 59897
536 51099 54238 90 135492
537 51184 53574 41 54384
538 51201 56138 5 8345
539 51269 52184 19 8776
540 51284 53354 127 265952
541 51568 52623 98 34465
542 51669 52189 117 13574
543 51698 54161 128 237586
544 51835 58866 145 480696
545 51933 57001 6 17782
546 52149 59763 144 232861
547 52212 53658 39 22420
548 52285 53400 136 34386
549 52523 53849 108 77014
550 52567 57868 22 33205
551 52675 54781 141 223850
552 52700 52837 55 4348
553 52754 53564 13 12523
554 52801 55323 55 109599
555 52846 66751 4 62083
556 52916 54189 78 46471
557 53081 56072 8 9888
558 53240 57490 18 25467
559 53404 57106 143 95287
560 53418 61603 147 921595
561 53952 59922 17 67390
562 54147 56934 8 8325
563 54413 57412 51 77063
564 54717 56069 31 14929
565 54846 62474 22 126306
566 54888 64439 11 39281
567 54914 58208 102 112208
568 54988 57536 118 79556
569 55071 67490 68 385248
570 55161 55312 50 8363
571 55169 55900 32 8604
572 55272 59100 66 65753
573 55283 55689 147 30115
574 55297 55700 22 3881
575 55465 60768 20 25935
576 55715 57055 26 43654
577 55716 59586 29 22793
578 55894 59099 110 151456
579 56089 57202 146 56163
580 56151 56189 8 78
581 56172 58039 27 12336
582 56320 63396 124 309187
583 56437 56825 93 15865
584 56605 59187 30 54741
585 56684 62627 62 274211
586 56699 58478 42 21013
587 56966 62806 43 113384
588 57201 58462 114 71452
589 57212 57774 59 13458
590 57240 59026 88 41405
591 57398 66711 24 22061
592 57424 59559 103 155734
593 57427 62005 15 25881
594 57468 59817 44 77777
595 57527 59517 76 70355
596 57720 76649 34 223852
597 57873 60343 62 38229
598 58168 58856 5 820
599 58426 60123 36 38159
600 58475 63759 48 80111
601 58560 59987 80 52648
602 58956 59293 98 13759
603 58978 61525 108 130020
604 59128 59196 97 4069
605 59220 62004 33 29940
606 59238 62251 128 167338
607 59257 64446 34 38154
608 59340 60200 66 36433
609 59377 61754 80 49762
610 59385 60046 82 47385
611 59500 67484 107 511393
612 59670 65905 60 641629
613 59688 68989 123 776591
614 59698 61144 45 21204
615 59702 63217 37 79405
616 59708 64384 19 16009
617 59734 70646 121 573576
618 59798 60504 79 21856
619 59880 65221 48 88301
620 60391 63218 127 96174
621 60410 69682 111 595771
622 60416 66712 27 116992
623 60433 65617 47 61983
624 60582 60781 19 5870
625 60649 71128 30 213239
626 60766 63256 20 36127
627 61282 68290 71 276508
628 61300 66152 6 11833
629 61481 66190 81 81829
630 61666 62031 58 11564
631 61703 63072 127 85448
632 61810 63919 74 88474
633 61994 62250 51 10259
634 62020 63300 11 7629
635 62152 62628 28 26615
636 62159 64026 106 82390
637 62368 63881 58 33680
638 62877 65539 103 194493
639 62940 66005 135 164138
640 62989 66888 29 14846
641 63027 65416 21 25801
642 63215 63381 56 7567
643 63344 70911 86 453821
644 63557 63967 33 10479
645 63664 64409 45 17786
646 63787 73666 137 1249298
647 63893 71755 9 13640
648 63898 64368 18 3437
649 64208 67126 52 89149
650 64244 73522 8 24597
651 64386 65774 21 9193
652 64391 69622 37 148102
653 64534 64547 137 597
654 64544 70577 14 69287
655 64597 69149 128 217795
656 64682 71647 45 360121
657 64701 68026 24 29468
658 64746 68506 48 52207
659 64961 76809 139 871584
660 65012 65989 84 30703
661 65067 69802 32 47482
662 65079 68314 87 295748
663 65145 65614 41 8449
664 65178 76716 68 299106
665 65183 74308 135 206923
666 65245 73167 24 66990
667 65300 69768 77 231466
668 65314 67637 11 11173
669 65459 65912 40 23212
670 65533 66218 6 1836
671 65556 66284 66 26291
672 65571 91661 48 701531
673 65665 73549 95 329751
674 65666 66169 20 5437
675 65712 74052 38 153911
676 65734 66585 88 51303
677 65865 69731 10 31285
678 65867 66965 139 161885
679 66009 70696 18 74679
680 66044 66225 18 1068
681 66217 72384 93 103993
682 66247 73474 138 795053
683 66349 74347 148 176279
684 66417 66517 11 662
685 66440 69955 34 70871
686 66462 71474 118 288433
687 66478 67532 4 1625
688 66598 74371 23 42370
689 66679 69053 8 16666
690 66842 77040 39 237956
691 66886 73740 20 140395
692 66956 68102 53 41025
693 67114 72356 64 194193
694 67140 72881 98 350678
695 67262 71797 22 23299
696 67643 70661 56 163596
697 67698 71419 90 197416
698 67746 76523 44 354188
699 67774 73332 61 61503
700 67812 76452 89 467869
701 67827 73203 39 389119
702 67995 69881 27 42142
703 68012 68173 11 781
704 68022 69228 46 22997
705 68100 79512 78 291418
706 68172 71179 60 64361
707 68295 69271 6 1367
708 68329 70441 82 25041
709 68444 69545 47 33837
710 68514 73758 84 115275
711 68778 71074 113 108820
712 68817 75038 4 17126
713 69290 73569 47 91399
714 69563 69746 7 1031
715 69588 70588 111 68594
716 70197 71732 87 35142
717 70207 70776 10 3289
718 70329 72675 69 26806
719 70649 71425 103 59617
720 70811 72302 26 37743
721 70834 75412 109 367063
722 71000 74571 32 24913
723 71046 74921 23 14538
724 71056 73195 113 87871
725 71145 72275 5 5170
726 71191 73886 49 72030
727 71325 71482 107 12893
728 71327 76532 127 512580
729 71383 75010 34 60387
730 71439 75051 29 25741
731 71441 72765 6 9394
732 71593 72155 37 11914
733 71655 80298 57 261527
734 71814 74368 5 2086
735 71977 72260 90 32365
736 72082 73654 66 62626
737 72218 72497 83 15231
738 72327 76320 130 162680
739 72341 77917 7 27884
740 72367 72976 119 58668
741 72378 72420 149 11864
742 72448 74855 49 32169
743 72495 72563 96 4573
744 72619 73039 27 5498
745 72628 77694 143 301014
746 72673 73642 117 56501
747 72797 76115 106 176606
748 72809 85173 73 376393
749 73014 75798 11 20715
750 73101 73746 112 20800
751 73124 77558 144 340830
752 73136 79625 42 139936
753 73261 78769 132 330114
754 73485 74697 63 22156
755 73633 74396 22 11128
756 73861 76212 22 44910
757 73971 78228 90 45028
758 74067 77299 7 8424
759 74162 76728 56 63341
760 74214 76957 12 11637
761 74240 77748 7 22233
762 74261 75072 6 5369
763 74354 81133 67 72479
764 74389 82124 88 168279
765 74670 75319 139 42871
766 74818 75599 110 26190
767 74827 78071 5 7566
768 74882 75372 127 75858
769 74888 77304 93 102760
770 74955 79705 133 452490
771 75146 75869 104 42111
772 75228 76100 13 5344
773 75328 79542 116 156394
774 75496 82690 15 46310
775 75558 76123 77 38351
776 75561 76742 4 1304
777 75688 76400 81 18173
778 75906 77857 5 8148
779 75941 79292 133 184099
780 75996 87637 16 26159
781 76124 81943 107 176001
782 76554 83563 100 341402
783 76598 96787 134 1196179
784 76634 77729 25 7186
785 76638 78280 17 18496
786 76745 79243 45 85923
787 76750 82402 32 77340
788 76929 85666 42 250480
789 77017 79942 39 266251
790 77078 85500 32 157889
791 77179 77427 27 2268
792 77234 81656 10 10460
793 77248 79621 137 74947
794 77387 83642 106 336522
795 77401 79391 43 44200
796 77525 88399 89 528623
797 77547 79029 127 116363
798 77739 85187 51 238840
799 77776 79914 115 158419
800 77787 83666 58 179357
801 77800 78952 11 6782
802 77814 78534 7 1538
803 77838 94998 24 314800
804 77914 78975 9 2699
805 77925 81327 7 7359
806 77958 79173 20 11481
807 78125 78172 128 5399
808 78432 88170 74 156039
809 78507 79589 103 106168
810 78569 79666 118 49763
811 78659 79861 62 62897
812 78686 78817 66 5230
813 78723 82234 47 33835
814 78734 79444 11 3326
815 78809 84140 18 27859
816 78835 93158 62 60569
817 78981 80941 35 74384
818 79052 83481 146 795323
819 79150 88838 7 18393
820 79389 87531 19 49325
821 79421 80287 7 3629
822 79695 85170 101 129708
823 79731 84910 77 119076
824 79735 82728 140 396791
825 79740 79986 7 1270
826 79782 80274 126 20955
827 79980 85829 7 10530
828 80135 80379 21 4604
829 80202 81597 31 46400
830 80216 84793 46 75326
831 80228 83302 62 43976
832 80230 86240 134 492436
833 80324 81171 7 3807
834 80354 87164 18 233821
835 80419 98604 44 239481
836 80431 85019 58 177009
837 80487 87153 19 36621
838 80536 80854 138 22003
839 80638 81316 42 12805
840 80652 81552 68 46092
841 80770 97539 12 22764
842 81012 85784 7 7437
843 81204 98940 19 98254
844 81298 81491 75 8315
845 81439 83747 71 88578
846 81517 83218 69 78254
847 81618 92925 10 16736
848 81791 82588 105 90094
849 82187 83246 36 10494
850 82216 87855 26 68747
851 82313 90223 17 124459
852 82339 82401 81 1421
853 82420 84896 72 74095
854 82522 83240 104 30886
855 82647 87737 57 382985
856 82670 88375 18 42087
857 82878 85124 67 46690
858 83016 88537 9 14420
859 83214 84752 20 19963
860 83226 83283 68 3807
861 83235 86782 115 218170
862 83369 83381 6 44
863 83539 87880 63 98859
864 84039 85496 10 8189
865 84213 84643 131 53622
866 84266 86225 22 11846
867 84268 84343 48 1548
868 84319 87575 148 463517
869 84367 95076 49 98387
870 84403 90871 27 146622
871 84585 85649 88 84446
872 84640 86267 16 15847
873 84703 86422 134 57119
874 84713 87924 99 129438
875 84718 91806 50 96016
876 84936 84951 41 717
877 84991 89249 17 57203
878 85036 90294 137 1156213
879 85049 92983 19 101220
880 85053 90873 10 54625
881 85119 90064 69 114129
882 85431 86740 60 20612
883 85592 86168 146 26130
884 85684 86550 37 19294
885 85751 90175 51 176240
886 85772 87658 47 50537
887 85794 86021 26 2643
888 85978 86531 94 19255
889 86012 86793 36 5810
890 86027 88613 76 55951
891 86068 86952 90 57426
892 86098 86107 15 161
893 86155 91135 8 23083
894 86316 86318 80 180
895 86331 93140 38 167583
896 86375 86729 4 524
897 86414 99511 14 97710
898 86446 96702 77 193483
899 86503 94911 138 374112
900 86843 89657 58 67735
901 86882 87393 139 31169
902 86904 88311 5 4114
903 87405 90386 9 10500
904 87523 95095 5 9939
905 87874 89356 20 45366
906 87998 89320 31 18252
907 88034 88788 51 26385
908 88036 92354 56 112068
909 88040 98407 40 302149
910 88062 94839 8 31896
911 88166 97955 7 14143
912 88258 93733 44 91869
913 88383 91475 84 40706
914 88674 91689 71 193832
915 88850 89152 43 12438
916 88876 94686 26 28149
917 88946 92377 113 279455
918 88952 90458 84 146207
919 88975 94239 31 65045
920 89005 90676 8 4455
921 89045 89139 61 4024
922 89292 90337 50 26706
923 89380 89702 134 14375
924 89457 89820 76 11519
925 89459 93911 8 11478
926 89665 90518 145 64897
927 89817 92392 5 8946
928 90009 97590 9 60439
929 90035 91357 75 50453
930 90176 90356 14 336
931 90214 92028 34 45516
932 90304 90570 100 8757
933 90435 92075 52 59996
934 90462 91420 75 25399
935 90500 97078 7 43258
936 90543 91913 54 26984
937 90659 91110 89 26759
938 90705 95767 28 58156
939 90706 97954 9 19337
940 90820 92477 114 51230
941 90943 95636 12 31686
942 91028 93895 29 23956
943 91074 96203 34 49923
944 91292 97981 58 119099
945 91518 92170 85 48096
946 91571 96193 96 210033
947 91657 95452 22 19461
948 91804 95520 22 22484
949 91824 98829 101 309667
950 91853 97598 22 26707
951 92043 92079 13 200
952 92138 96586 96 190264
953 92195 93214 70 41202
954 92348 98346 77 44977
955 92446 99017 32 27099
956 92495 99829 107 381713
957 92635 92734 138 6452
958 92693 94120 15 23202
959 92997 94421 71 50191
960 93051 97191 38 60541
961 93143 94509 63 27987
962 93163 97236 9 14447
963 93192 94108 115 49679
964 93304 99631 37 68610
965 93367 94961 72 124582
966 93403 94939 122 165389
967 93496 96399 82 103474
968 93503 95210 5 7579
969 93569 97911 82 59193
970 93813 99985 89 524076
971 93826 98122 33 34418
972 93887 95874 144 74460
973 93963 98913 66 156714
974 94016 96294 53 173954
975 94329 94671 96 17375
976 94478 96250 29 11121
977 94626 95787 16 11974
978 94727 96649 134 147238
979 94790 96849 121 109494
980 94799 97827 41 30925
981 94805 95238 11 5763
982 94810 97901 119 273259
983 95180 98108 115 198128
984 95229 96923 5 2143
985 95420 95621 102 11758
986 95481 97756 70 210094
987 95592 99959 50 66396
988 95601 95674 44 3043
989 95724 98144 7 8644
990 95999 96314 43 14503
991 96366 96460 4 295
992 96569 98972 15 15134
993 96758 97545 45 36183
994 96824 99523 86 190486
995 97040 97702 5 782
996 97470 97527 39 703
997 97731 98786 29 19156
998 98292 98617 21 3545
999 99436 99867 21 8646
