50 1000 0.010
.....................##.#####.....................
.....................###.###.#....................
.....................#####.###....................
......##............##.#...##.....................
.....###............#..#..........................
....######.##.#..####.............................
....#.###...###..#####....#....##...#.............
....#####..###.####......########.###.............
....##.###..######.##....####.##.###..............
....#.####...###.#..#.....#########.##............
.........#.##.#...###........###.#######..........
........#####.###.######........####.#............
.........###.##..######.#........###.#............
........####.......######.........##.......#......
......#.#####......#.#####.................#......
.....########........##...................###.....
.....###.###.............####.............####....
.....###.##..............###...............###....
......###................###.....##.......#####...
.......####.....#......#######..####.#.....#####..
....######......#.....#.#####...#######...####....
.....######..##.#.....####.#...#######....###.....
.......##...#####......#.###.#.#######..#..####...
............#####..........#.#######.#.########...
...........####....###.....#..##..##...##.#..#....
..........#########.##.........#####..####.###.#..
.........####.#####.###......############.########
...........#...######.#.......#######.#########.#.
.........#.#....####.###........#.###.###..#######
.........#.#.....###.##........##.#...##.....###..
.........##......#####.........####.#.#.......##..
........####.....#......#.#......######........###
..........####.#........###......#....#.......####
........######.#........#.......###.........######
.........#######.......###...#######.........####.
.......######.........########.####.............#.
......##.####.........#####.#..####...............
........######........#######.....................
........###.##........#...###.#...................
....######.####.....##........#.##................
......#....#####....##.......#####..#.............
......#.....#..#....##.......##.#####..........##.
............##.#..####.####...#######.#........#.#
....##......###.....#################.###...######
..####...............#..######..##.######...######
...##...............##.########.#.######..########
...###.#.................##...#....####.....######
....##.#####.............##.........####.....#.###
.....#####.#.............###.......###.#......####
.....######.............######....................
0 70 23537 111 270426
1 295 8096 39 90838
2 405 25810 131 1116779
3 429 6294 40 127307
4 499 3066 24 68267
5 619 3186 10 6604
6 647 2830 89 142471
7 667 675 40 158
8 837 7316 79 272736
9 926 5044 71 177046
10 1002 11872 94 245561
11 1087 5649 146 254982
12 1302 2128 28 12640
13 1309 2307 13 1845
14 1370 8727 39 316164
15 1534 4458 27 41916
16 1693 9397 44 316873
17 1867 2169 147 33305
18 1915 3421 139 98592
19 2031 6811 51 44619
20 2170 9486 15 57845
21 2243 6808 4 3729
22 2280 2812 20 6209
23 2384 15599 43 379560
24 2480 2574 96 8715
25 2660 6598 12 26877
26 2704 5131 13 7036
27 2902 14038 34 60779
28 2948 47436 9 238030
29 2998 5298 72 197244
30 3048 4989 33 35300
31 3074 10846 122 268570
32 3104 7896 87 40355
33 3152 12884 50 259984
34 3235 8382 43 202431
35 3287 15680 28 89489
36 3414 15001 19 132721
37 3432 10459 91 429570
38 3738 14965 7 40916
39 3890 6258 30 37846
40 3932 9107 30 29327
41 4278 10087 75 294147
42 4332 17992 80 434783
43 4466 13638 149 890965
44 4553 5178 26 4531
45 5039 30130 116 1015502
46 5105 10207 67 340147
47 5136 5915 6 3772
48 5148 15759 9 72232
49 5561 7350 33 18812
50 5592 16445 55 248291
51 5634 6526 15 8329
52 5779 40259 82 466771
53 5867 9115 9 13547
54 6136 12480 4 11836
55 6174 18224 142 549872
56 6200 12898 55 319059
57 6241 15704 4 22922
58 6278 19567 94 349488
59 6292 24889 87 753994
60 6375 6466 128 4145
61 6416 16794 124 615001
62 6477 14465 41 30328
63 6599 21532 131 570865
64 6601 26225 13 78472
65 6873 11587 113 188873
66 6907 18799 62 585446
67 6922 15262 111 527751
68 7003 14255 6 21803
69 7120 13338 12 45139
70 7234 8386 112 109565
71 7291 19561 13 61437
72 7325 20652 35 472516
73 7386 20305 114 253751
74 7555 8780 79 31301
75 7563 23314 46 320955
76 7810 16995 68 606928
77 7947 15855 7 35267
78 8147 12751 17 36245
79 8187 16056 39 52474
80 8213 15641 104 258531
81 8240 11037 56 108739
82 8280 15089 38 52840
83 8314 10437 82 97822
84 8391 23602 55 357931
85 8563 12299 58 129165
86 8567 21014 79 783609
87 8568 25302 95 444489
88 8589 11096 52 97118
89 8650 22284 138 647374
90 8660 15503 4 8644
91 8863 9411 141 77222
92 8898 16384 29 189910
93 8910 17220 84 560987
94 8997 12112 7 25677
95 9112 13842 5 9630
96 9244 28374 91 659194
97 9261 27295 52 451497
98 9299 11002 6 4901
99 9659 13548 126 265513
100 9755 16896 94 222452
101 9872 18439 105 1027993
102 9891 14688 6 11913
103 10050 16522 26 31446
104 10146 14633 97 110651
105 10181 16430 46 138107
106 10321 11448 23 21880
107 10338 26620 6 37761
108 10367 11171 106 48306
109 10439 22003 16 147507
110 10447 20732 25 88345
111 10558 12983 69 94629
112 10623 18432 148 319488
113 10674 11169 12 8624
114 10774 16047 66 36779
115 10778 11066 98 10188
116 10947 41508 144 1147064
117 11035 27581 84 753811
118 11056 24474 86 388150
119 11145 11464 12 3096
120 11268 16682 44 104238
121 11284 11344 36 1771
122 11300 23015 35 180466
123 11328 39516 48 350991
124 11535 26648 41 131518
125 11621 26381 11 49369
126 11732 37475 137 1073216
127 11795 28045 57 164505
128 11806 13636 143 140283
129 11849 15068 28 29335
130 12116 25778 87 637010
131 12310 12731 15 4267
132 12331 16502 130 182395
133 12543 31662 20 196537
134 12692 16717 114 209140
135 12741 13720 52 33033
136 12773 13704 109 26529
137 12832 29037 139 1323397
138 13126 32617 109 697660
139 13173 15407 92 88778
140 13196 13486 63 5544
141 13278 13306 144 6605
142 13362 14945 9 14967
143 13463 13935 4 1405
144 13748 16211 61 97340
145 13765 30360 58 631356
146 13874 14768 75 67276
147 14126 18041 24 31582
148 14127 19032 27 66358
149 14145 15017 64 19189
150 14149 16186 54 35466
151 14226 19324 137 195109
152 14230 16410 17 17861
153 14240 15243 19 5191
154 14322 20148 22 81604
155 14393 28955 20 451959
156 14424 29868 10 54829
157 14702 31039 143 1358284
158 15134 19337 40 66293
159 15229 20418 7 25328
160 15261 23230 148 314125
161 15277 26170 33 177268
162 15325 16854 41 21926
163 15331 15596 65 7709
164 15346 16464 16 9896
165 15415 18144 10 8723
166 15422 17348 78 71564
167 15425 17883 35 113974
168 15531 17482 67 86596
169 15545 19604 26 76107
170 15681 18582 9 13028
171 15762 24738 29 79288
172 15786 15978 82 7681
173 15829 17702 113 79138
174 15832 21981 27 73190
175 15834 16120 56 8176
176 15867 15960 44 4845
177 16061 17828 16 18197
178 16161 19367 27 32740
179 16269 34950 48 531839
180 16289 39957 43 347882
181 16345 35853 39 522721
182 16377 17498 9 8871
183 16455 33980 43 422092
184 16551 27886 144 300344
185 16605 18533 9 5051
186 16752 20235 33 87522
187 16834 18980 60 44457
188 16847 45852 71 1748532
189 16856 23393 12 46524
190 16931 33841 67 261121
191 16949 22214 30 50789
192 17241 17538 16 3274
193 17286 41559 81 538009
194 17355 21899 44 104772
195 17365 19203 86 90536
196 17593 20525 98 105116
197 18103 21658 17 19981
198 18196 29148 25 103237
199 18311 24210 43 116429
200 18403 40691 29 927390
201 18509 24393 92 140398
202 18579 19260 32 10939
203 18644 54936 56 148867
204 18816 19310 100 59202
205 18829 26467 11 38561
206 18981 37576 21 357098
207 19309 28106 64 310865
208 19591 21030 85 44123
209 19953 20185 23 1239
210 19965 27124 75 242130
211 20040 24288 75 481243
212 20297 36129 73 90367
213 20301 25511 82 237219
214 20332 22672 61 26282
215 20546 22267 56 32071
216 20549 43149 60 1053488
217 20559 40035 41 463381
218 20831 37579 142 1879366
219 20892 35192 78 667463
220 20894 36546 82 673377
221 20937 44407 10 35770
222 21093 22109 16 6823
223 21225 30830 59 220350
224 21267 40655 121 1141987
225 21325 37753 79 228027
226 21331 61407 21 97654
227 21479 25768 52 108833
228 21588 22301 91 34244
229 21699 38256 11 41940
230 21713 30771 24 112793
231 21765 39829 122 820696
232 21846 22860 144 63082
233 21902 32945 17 45745
234 21917 32688 8 15464
235 21943 24965 29 20246
236 22024 46199 52 558841
237 22144 23347 128 50232
238 22169 29916 129 755522
239 22172 22608 67 23991
240 22266 40719 100 421762
241 22707 33296 51 276873
242 22776 36283 126 681450
243 22784 28229 114 133768
244 22796 30161 71 170573
245 22956 32120 21 89818
246 22993 29262 34 129680
247 23055 32836 70 177717
248 23166 27142 128 219649
249 23172 32901 76 76184
250 23468 28941 5 17291
251 23571 27322 50 61351
252 23623 26488 94 146129
253 23632 31415 18 34108
254 23707 46582 16 309724
255 23780 29761 8 67412
256 23872 25004 12 10725
257 23920 49172 31 248755
258 23944 24160 23 1048
259 24318 30581 133 324640
260 24523 36994 33 199234
261 24820 34125 148 594708
262 24912 26394 5 6923
263 24936 26021 128 55621
264 24986 27057 64 46097
265 25082 43440 33 263730
266 25142 26517 100 43879
267 25298 30132 15 31125
268 25441 26245 21 12939
269 25447 26752 124 37379
270 25534 27868 14 12818
271 25686 34833 30 75314
272 25687 53282 8 113729
273 25728 37851 31 205907
274 25877 46300 99 574513
275 25883 33976 91 191105
276 25903 32522 22 156785
277 25932 32645 144 1114882
278 26231 26681 82 25424
279 26320 33464 16 52301
280 26325 35591 40 84755
281 26445 36915 37 156170
282 26497 38276 51 390855
283 26748 29427 6 6883
284 26778 34732 9 47271
285 26817 35110 97 305667
286 26852 69337 6 66042
287 26867 29341 85 173384
288 26917 27926 107 26558
289 27065 32329 97 525544
290 27073 32546 88 216123
291 27490 40071 102 356346
292 27502 30068 19 30096
293 27528 31668 20 47716
294 27612 31042 53 47957
295 27689 30219 134 157069
296 27693 53425 103 837875
297 27707 30114 29 22115
298 27738 28353 27 3777
299 27777 43694 18 52824
300 27817 27839 122 1437
301 27826 38424 133 397483
302 27985 30097 41 84453
303 28138 39511 4 19998
304 28204 54758 139 2084921
305 28217 30964 94 50755
306 28267 28459 43 3429
307 28295 29332 108 32731
308 28310 32917 60 121876
309 28692 34221 46 135104
310 28967 31914 9 12655
311 29064 44197 79 444292
312 29338 31560 114 173717
313 29526 51781 79 1047447
314 29633 30268 6 6666
315 29737 42970 28 379305
316 29738 43699 147 973023
317 29774 60856 8 65845
318 29779 39132 110 387582
319 29969 32726 6 30115
320 30031 32774 141 218028
321 30107 32680 13 29571
322 30197 45752 36 178725
323 30363 40465 147 503450
324 30373 30668 135 22567
325 30408 36060 66 124813
326 30487 42796 20 187021
327 30568 31409 110 49433
328 30569 32219 148 116283
329 30604 32686 12 10863
330 30729 30863 22 3472
331 30855 31171 26 13859
332 30910 32502 28 47747
333 31289 56473 128 422880
334 31356 33665 67 99542
335 31519 32067 102 33721
336 31608 32181 54 18830
337 31626 34886 41 114456
338 31782 35867 12 61997
339 31812 39251 81 151463
340 31880 37526 119 407609
341 31891 33874 79 122537
342 31965 35177 9 6199
343 31972 35669 91 158730
344 32002 44504 37 340086
345 32004 37822 30 74800
346 32030 34053 140 172927
347 32052 36689 20 27517
348 32287 34066 55 84112
349 32298 52874 5 68487
350 32344 37488 29 99677
351 32460 35423 21 36634
352 32528 36163 8 9301
353 32641 53250 88 487189
354 32769 43950 8 100327
355 32775 39570 24 108144
356 32988 38408 20 39876
357 33356 34127 15 5512
358 33363 46281 120 306511
359 33430 37151 87 278204
360 33487 37918 66 95608
361 33493 38811 15 39125
362 33780 38611 31 90881
363 33825 34629 5 2617
364 33886 34857 133 114565
365 34022 37006 8 11500
366 34046 57419 7 62475
367 34176 39267 22 62085
368 34183 38217 24 50542
369 34215 51996 142 243873
370 34335 43433 31 158863
371 34345 57057 11 58788
372 34390 38993 65 230041
373 34548 35282 15 4279
374 34652 36068 97 36082
375 34772 49242 61 805954
376 34880 53258 16 60022
377 35101 50328 21 126181
378 35235 45791 53 197792
379 35356 36556 126 111336
380 35357 35948 27 12761
381 35368 37932 30 16019
382 35416 43318 24 92296
383 35417 35728 47 14105
384 35437 48908 37 116641
385 35747 38288 81 105246
386 35957 39338 48 62664
387 36106 42025 10 58094
388 36119 51683 13 55664
389 36126 53446 128 685232
390 36149 48241 73 490685
391 36153 36456 46 6836
392 36211 44320 10 58745
393 36230 49479 22 74518
394 36264 39136 21 29573
395 36347 55531 109 432432
396 36581 43761 5 16386
397 36617 38899 50 76165
398 36642 37618 137 45869
399 36828 37440 102 38853
400 37024 51111 14 120389
401 37117 41212 130 306548
402 37148 38510 77 49666
403 37159 60210 13 28026
404 37295 42087 34 45826
405 37301 41548 94 135585
406 37340 56502 145 1047858
407 37371 39732 111 55931
408 37414 48332 85 99536
409 37426 37910 57 18296
410 37527 46012 25 78720
411 37544 38506 37 16285
412 37545 39481 102 71429
413 37763 39719 126 56538
414 37833 41266 29 93877
415 37920 43048 141 404726
416 37943 49620 50 255873
417 37956 43632 55 86474
418 38078 41458 60 21742
419 38129 38462 13 1715
420 38131 38743 4 1096
421 38194 45096 114 914130
422 38227 58417 22 169947
423 38294 72317 64 872278
424 38402 49659 117 529579
425 38485 74607 15 680371
426 38591 51128 12 75171
427 38619 50721 46 267949
428 38679 43510 12 47869
429 38747 62481 13 51284
430 38813 44941 147 299984
431 38875 49376 50 190340
432 38934 56432 133 627433
433 39033 39248 88 11367
434 39043 49967 139 1594435
435 39044 55715 68 300825
436 39263 53255 149 432932
437 39265 41774 137 185562
438 39290 40504 109 59808
439 39324 42639 6 6511
440 39344 54240 111 760232
441 39686 48440 27 174662
442 39815 64823 35 455841
443 39855 44445 32 19098
444 40241 54574 29 202631
445 40265 42181 112 127957
446 40321 58476 141 1559504
447 40369 43076 83 191772
448 40393 40681 10 1142
449 40470 45196 38 99579
450 40473 42172 49 33211
451 40507 46085 129 277164
452 40628 44781 71 67846
453 40665 45469 125 119288
454 40865 43721 59 35670
455 40944 41092 39 4082
456 40981 45348 36 111704
457 41000 42647 19 12117
458 41046 45177 68 136110
459 41144 43128 109 116234
460 41151 58458 113 838508
461 41647 50797 28 82451
462 41673 50772 75 611075
463 41679 57982 27 293105
464 41776 45887 78 89595
465 41794 46274 71 181214
466 41838 43475 15 7072
467 41848 48840 4 29475
468 41863 56259 20 135576
469 41918 49574 12 71334
470 41942 42153 94 23647
471 42079 49909 16 26812
472 42141 46871 12 12153
473 42711 44736 73 131494
474 42722 45561 140 102245
475 42750 52156 5 21081
476 42801 50574 42 439471
477 42831 44834 8 3757
478 42845 50585 57 256013
479 42869 43215 27 13017
480 42939 68944 89 815647
481 42948 44141 86 47709
482 42981 56425 117 522819
483 43110 44909 33 29061
484 43141 43637 16 4199
485 43207 47562 28 68508
486 43230 58582 74 221326
487 43280 51405 110 178993
488 43330 45686 120 146472
489 43371 43782 42 12591
490 43380 43676 107 14944
491 43456 54932 15 32481
492 43728 44981 39 19162
493 43763 44681 141 49504
494 43775 44307 141 57271
495 43831 44180 57 20628
496 43956 71731 118 791811
497 43972 45690 149 64747
498 43982 47429 4 4535
499 44122 62576 61 651774
500 44149 44778 33 15297
501 44169 78938 87 1719924
502 44193 65479 126 1600810
503 44216 46286 81 105650
504 44219 56281 31 331497
505 44238 45073 38 13761
506 44254 47880 4 4085
507 44312 45993 5 4658
508 44423 60128 82 857112
509 44446 44471 8 156
510 44474 44684 47 6422
511 44566 49441 124 95553
512 44569 59386 10 56077
513 44584 44612 25 828
514 44653 69294 14 157830
515 44660 45461 117 116458
516 44756 45476 77 24945
517 44823 44999 109 11207
518 44824 60857 72 277042
519 44826 52047 83 540513
520 44907 56395 120 460261
521 44962 48782 95 133457
522 45026 51496 14 26163
523 45103 50715 126 247750
524 45218 46270 8 4347
525 45520 46909 13 10860
526 45647 60004 25 104742
527 45982 77816 149 5175584
528 45998 57069 37 70817
529 46023 47605 60 25436
530 46204 53460 56 339766
531 46222 46247 40 831
532 46385 54252 17 65670
533 46388 61050 6 29427
534 46400 73366 16 207127
535 46418 59723 17 76849
536 46472 52129 15 59009
537 46560 71300 78 640695
538 46656 51833 93 244383
539 46797 48093 42 24287
540 46983 47315 48 6681
541 47146 49051 11 5585
542 47408 73230 100 630323
543 47435 49413 6 4731
544 47566 47775 118 16481
545 47612 55772 103 374138
546 47656 51519 128 177270
547 47657 50453 14 11124
548 47722 67756 138 2425698
549 47723 60695 117 1008878
550 47947 51167 145 126888
551 47991 65999 27 199880
552 48360 52543 86 94325
553 48522 53023 48 52742
554 48563 50489 16 9058
555 48656 53618 32 26956
556 48875 50985 18 28269
557 48927 55117 51 60042
558 48957 49226 78 6351
559 49013 50082 7 4823
560 49093 57088 84 143828
561 49246 72948 7 64556
562 49257 56488 49 157085
563 49315 68672 94 552239
564 49494 66122 135 290551
565 49569 56098 7 10869
566 49631 75714 144 385551
567 49804 74936 56 384914
568 49848 63876 68 269058
569 49874 55835 35 46265
570 49904 50325 43 6087
571 49989 66931 66 216546
572 50014 77738 49 312234
573 50074 54735 115 287144
574 50131 74477 4 48822
575 50213 58114 6 39676
576 50242 62903 10 43556
577 50256 59420 4 31429
578 50349 76064 27 337377
579 50395 50706 50 8427
580 50883 61263 31 70976
581 50888 56908 59 152371
582 51080 52471 22 8044
583 51237 52746 10 17161
584 51318 69462 94 1006158
585 51340 53461 71 227252
586 51427 54188 95 81922
587 51462 55903 34 147962
588 51613 57316 45 166868
589 51624 60686 5 23748
590 51653 58200 21 26590
591 51786 69498 149 1069179
592 52578 61800 32 84851
593 52876 56097 9 13522
594 52885 55406 28 12834
595 52926 63202 93 570475
596 52981 65003 4 14817
597 53050 57343 53 46829
598 53140 58097 9 69702
599 53187 54843 138 99479
600 53217 54049 81 26384
601 53240 66231 105 338224
602 53263 54906 30 20502
603 53374 78192 41 1263787
604 53597 54286 132 32092
605 53623 57262 10 6787
606 53692 67924 108 665535
607 53726 59389 44 92923
608 53927 54997 45 58919
609 54131 56764 130 110850
610 54186 56789 87 297052
611 54282 57379 19 30924
612 54325 61992 9 29200
613 54413 61205 127 393142
614 54539 58686 15 24437
615 54699 63201 143 578746
616 54720 68924 52 425302
617 54805 75824 41 126174
618 54986 74466 4 20263
619 55152 69251 8 18665
620 55237 67370 5 41546
621 55409 57188 104 28468
622 55420 65388 130 314712
623 55510 55916 7 1025
624 55640 60050 49 89194
625 55829 61718 87 544013
626 55936 58697 37 15114
627 56010 66590 25 162428
628 56013 60934 7 18239
629 56083 58557 17 10851
630 56162 76498 93 1012149
631 56200 63237 64 182000
632 56307 59154 27 103689
633 56493 63831 33 89549
634 56526 72914 57 511137
635 56588 57809 97 34490
636 56735 66899 68 214874
637 56941 71039 98 496967
638 56943 57112 76 4840
639 56968 57736 46 8115
640 57102 73306 47 230004
641 57147 62178 7 15733
642 57181 57535 9 1715
643 57194 70683 46 174646
644 57224 59943 84 97166
645 57247 58676 58 150858
646 57280 61127 114 196509
647 57435 66437 20 75961
648 57574 64996 31 68137
649 57618 66216 85 516448
650 58010 58468 67 32513
651 58128 64806 13 43407
652 58268 58807 81 28394
653 58354 60065 59 92732
654 58520 62296 45 73138
655 58587 66141 67 194915
656 58756 65851 32 87893
657 58789 63294 52 42432
658 58822 59259 51 29453
659 58942 82499 129 2376709
660 58961 59839 89 24258
661 59047 59279 7 1200
662 59076 78788 131 2492676
663 59226 62422 130 374070
664 59371 66620 113 265350
665 59494 73645 111 390525
666 59776 63686 35 114918
667 59828 63063 6 21488
668 59854 76359 23 143151
669 60098 61124 37 28428
670 60101 64612 131 119852
671 60198 67046 47 202908
672 60367 92823 6 61840
673 60414 63430 34 30809
674 60415 63503 35 61777
675 60498 85975 15 37815
676 60510 61787 51 15729
677 60539 73131 57 448954
678 60702 64096 138 216377
679 60798 63822 51 42262
680 60802 63247 77 196098
681 60807 79741 38 359870
682 60924 75001 15 77352
683 61009 73365 51 646210
684 61069 63392 113 42312
685 61117 64534 5 4587
686 61142 70598 12 50659
687 61226 69138 11 78757
688 61411 63777 101 155587
689 61453 64904 59 65295
690 61528 65727 17 83513
691 61532 80402 18 262971
692 61693 64120 20 13080
693 61810 78723 35 244253
694 61856 70611 32 74836
695 61963 66426 69 309319
696 62002 68111 145 268152
697 62105 72510 55 208332
698 62265 70710 85 258680
699 62286 63104 25 8463
700 62380 63270 71 32286
701 62622 73889 143 1360027
702 62732 62739 38 192
703 62770 72981 123 343783
704 62990 65404 40 23306
705 63023 70765 5 21451
706 63182 67705 20 66754
707 63211 68342 11 44162
708 63249 65962 35 43867
709 63425 65952 52 212094
710 63450 71877 43 206820
711 63610 68293 44 44675
712 63653 79563 10 57344
713 63678 74990 36 46369
714 63738 88679 81 1150672
715 63795 69735 11 45638
716 63830 64451 52 35629
717 63884 76145 21 162087
718 63886 72004 9 32998
719 63935 65213 98 61542
720 63991 69277 81 224902
721 64018 71612 14 56005
722 64151 74879 102 307680
723 64276 72448 38 369181
724 64302 73387 61 260161
725 64331 86422 10 108450
726 64563 69399 109 710398
727 64703 70389 7 16429
728 64870 78569 20 95961
729 65148 69100 144 161169
730 65196 87949 10 29254
731 65298 76668 20 38680
732 65528 70626 9 12779
733 65565 65820 10 1151
734 65566 87180 31 235802
735 65724 82447 58 223037
736 65746 69149 10 33343
737 65778 73264 136 391236
738 65780 88158 21 129471
739 65816 90516 30 170565
740 66100 79800 57 582731
741 66229 70344 105 97152
742 66275 74186 131 293480
743 66532 66691 76 17105
744 66744 70494 18 60302
745 66762 72913 10 20365
746 66763 68703 57 32553
747 66992 68729 72 58439
748 67176 79638 140 295138
749 67425 71653 6 8753
750 67452 74717 48 74791
751 67480 69364 16 43564
752 67483 67898 10 6136
753 67488 71293 4 9313
754 67607 78016 36 56456
755 67673 68190 41 13144
756 67721 76566 26 114719
757 67832 72212 108 209081
758 67949 73768 41 56900
759 67991 69134 102 53422
760 68138 82896 63 608936
761 68552 78567 24 89826
762 68554 72919 38 94267
763 68575 87821 10 236603
764 68645 68963 9 992
765 68791 95506 6 159886
766 68807 74606 18 50641
767 68870 76595 5 24952
768 68981 72330 96 152603
769 69141 70907 59 25483
770 69152 80869 117 449599
771 69177 86684 17 14673
772 69236 72386 118 117368
773 69246 71291 33 32642
774 69266 73349 16 18551
775 69305 74829 38 88153
776 69329 72320 5 10738
777 69343 82387 16 293828
778 69571 70013 57 4736
779 69573 71627 25 5658
780 69612 74204 68 69767
781 69646 73322 13 13632
782 69696 91039 44 837582
783 69719 72614 13 23623
784 69785 80808 6 36071
785 69950 73151 17 17214
786 70018 88948 124 638986
787 70123 70508 149 37562
788 70196 71002 9 3390
789 70321 82885 81 226070
790 70322 71326 49 16843
791 70336 76477 137 127073
792 70385 82852 12 51207
793 70581 92970 54 248081
794 70625 73807 41 54206
795 70634 81226 4 21113
796 70757 73637 83 209283
797 70909 71241 108 11470
798 70934 83143 20 139620
799 71025 77722 81 118883
800 71043 87595 57 549428
801 71313 74283 38 64911
802 71341 82781 21 108507
803 71455 94646 49 1011279
804 71569 75415 19 20122
805 71604 77580 143 1126228
806 71673 81253 136 312252
807 71698 78768 37 115092
808 71791 75513 45 37120
809 71802 84955 138 142584
810 71992 77825 120 490907
811 72037 86816 9 14377
812 72107 77959 17 21302
813 72227 79049 13 19523
814 72321 73901 24 22547
815 72334 74724 100 52391
816 72348 78239 28 24186
817 72354 87351 134 773032
818 73193 97896 6 43709
819 73274 75162 112 85135
820 73282 79366 128 347862
821 73344 80033 5 25662
822 73461 75347 144 135292
823 73478 76729 21 22182
824 73517 82198 53 110022
825 73568 81507 9 18355
826 73597 75493 33 34588
827 73598 77912 5 7236
828 73744 75955 81 108090
829 73916 82880 106 268965
830 73930 78766 103 333301
831 73989 76349 83 127326
832 74047 96363 9 76859
833 74355 91958 26 201328
834 74617 86970 137 384997
835 74631 86578 139 499282
836 74643 83165 42 182356
837 74719 79595 76 168033
838 74822 77657 66 220064
839 74830 86499 4 26243
840 74953 79532 60 189584
841 74978 85092 11 103753
842 75158 85407 104 394299
843 75236 80917 39 36372
844 75294 75459 147 10301
845 75335 76700 128 197179
846 75387 77714 19 14363
847 75434 77981 6 7416
848 75496 79919 16 20986
849 75677 81093 94 116540
850 75704 80299 12 40597
851 75844 76426 118 25495
852 75933 81763 21 34717
853 75956 78705 21 22948
854 76104 80471 31 69301
855 76260 78761 54 92201
856 76306 78588 26 7414
857 76402 77997 45 89771
858 76419 84727 70 197297
859 76687 77065 99 14361
860 76693 93597 13 72536
861 76883 87010 68 252622
862 76909 89453 76 421263
863 77004 79987 77 148264
864 77146 87379 49 110899
865 77165 83233 49 88275
866 77303 79065 132 154070
867 77743 93556 22 81344
868 77754 90363 27 193747
869 77779 83320 46 121754
870 78195 97886 76 617207
871 78210 85003 131 625974
872 78220 79824 26 24287
873 78246 82589 33 18468
874 78381 85374 52 139944
875 78390 93686 40 154268
876 78540 86853 43 102196
877 78582 78645 12 389
878 78843 88398 113 311163
879 79153 85344 80 163610
880 79359 86926 9 34421
881 79451 86870 97 331832
882 79524 83480 75 115385
883 79650 96146 89 638657
884 79738 84811 27 41189
885 79856 81127 22 7012
886 79956 86686 88 103413
887 80043 87541 92 948357
888 80229 89249 108 628001
889 80331 86287 118 591621
890 80651 83572 10 37153
891 80913 83245 147 293446
892 80942 89745 77 362690
893 81299 81323 33 744
894 81349 95177 102 460639
895 81494 92727 101 445667
896 81530 82290 44 16365
897 81642 94672 50 94854
898 81868 84327 125 42761
899 81908 89096 36 50427
900 81915 86941 94 1162838
901 82000 88161 68 160864
902 82032 83832 59 32146
903 82135 92044 134 186784
904 82443 92333 55 43504
905 82462 83334 8 7468
906 82539 86586 11 20546
907 83066 83108 32 2090
908 83169 96746 132 1667610
909 83243 84477 34 15635
910 83450 90369 136 446059
911 83527 86599 140 310836
912 83736 90864 42 138967
913 83743 84488 133 22420
914 83889 96963 145 655679
915 83890 98317 7 37674
916 84140 99286 147 362470
917 84342 85701 107 40747
918 84393 89777 28 50702
919 84509 96408 5 20721
920 84649 86966 114 95262
921 84681 84891 5 407
922 84733 92323 34 107185
923 84781 98467 30 114446
924 84832 88819 41 35320
925 84890 87613 115 195794
926 85020 86693 128 101534
927 85040 96723 21 62125
928 85081 88946 80 57725
929 85319 85458 6 459
930 85327 87392 73 49075
931 85409 90448 17 28446
932 85469 97967 91 1124703
933 85550 87045 52 34812
934 85675 87820 25 18010
935 85691 89260 145 280799
936 85787 86504 10 3257
937 85838 91588 76 98034
938 85950 86783 63 27997
939 86165 91329 13 19153
940 86185 95277 9 28610
941 86191 92701 37 66013
942 86548 93551 18 33356
943 86569 91260 33 28384
944 86825 91169 86 85267
945 86842 87709 12 7674
946 86890 91525 28 107876
947 86902 88096 125 59470
948 86959 90115 50 56457
949 87096 98825 42 111892
950 87462 90731 82 342606
951 87557 93624 28 61564
952 87588 96921 100 255239
953 87855 93006 17 63184
954 87868 98486 35 88829
955 88062 90974 85 49905
956 88069 89105 47 29208
957 88564 91418 147 117464
958 88610 97308 78 580846
959 88810 88872 111 6345
960 88958 97275 26 94161
961 88979 96902 9 11183
962 89289 91553 7 10887
963 89521 97535 93 352987
964 89684 99211 112 946123
965 89703 99246 129 535365
966 89721 91404 99 54881
967 89927 93317 10 17055
968 90074 91395 68 33440
969 90116 91676 121 66386
970 90244 96766 41 108841
971 90488 91238 41 6222
972 90641 92655 22 14817
973 90642 92667 26 25539
974 90834 92815 18 4613
975 90987 93163 110 78528
976 91290 93001 10 15863
977 91391 93324 33 28024
978 91800 94865 34 104633
979 91828 92704 20 20444
980 92161 94618 73 67824
981 92396 92547 63 5270
982 92932 93583 120 64323
983 92972 93435 50 4843
984 92988 96283 10 20048
985 93077 93614 62 30324
986 93587 94657 139 30864
987 93796 94715 5 1785
988 93904 94521 14 5539
989 93918 99391 141 559212
990 94091 96249 55 78637
991 94484 97783 4 10788
992 95528 99034 34 46678
993 95641 97740 6 3934
994 96065 96924 31 19753
995 96688 98792 5 7565
996 96712 96742 37 1366
997 97076 99711 8 20029
998 98202 99764 85 144597
999 98663 99537 62 20973
