50 1000 0.044
.....#............#...............................
..................................................
..................................................
..................................................
..................................................
..................................................
.#..#.....#...................#...................
........#..........##.................#...........
......................#...........................
..................................................
..................................................
...............................#..........#.......
.....#....................................#.......
..................................................
.....#............................................
..................................................
..................................................
......................................#...........
..................................................
..................................................
............#.................#...................
.....#............................................
..................................................
..................................................
..................................................
..................................................
...........................#......................
..................................................
..................................................
.......#....................#.........#........#..
..................................................
..................#...............................
..................................................
..................................................
..................................................
........................................#.........
..............................#...................
..................................................
...#..............................................
..................................................
..................................................
#.........#.......................................
........#.........................................
..................................................
...........#......................................
..................................................
..................................................
..................................................
.#................................................
..................................................
0 43 819 63 37817
1 100 724 26 2227
2 313 2177 41 28314
3 404 4005 25 23417
4 469 1270 83 27287
5 503 830 13 1365
6 606 3552 61 71396
7 717 2755 5 5133
8 753 1847 9 2050
9 768 4314 13 28697
10 1037 1410 6 1256
11 1461 3872 27 38981
12 1504 2172 51 9820
13 1546 6252 6 10407
14 1555 3322 21 11532
15 1562 2056 92 25112
16 1598 2924 22 30654
17 1671 2187 14 3574
18 1761 2237 8 1082
19 2048 15069 119 392666
20 2416 6041 107 84002
21 2465 4415 5 4845
22 2604 5375 11 31235
23 2638 5114 21 29121
24 2923 6955 37 130584
25 3056 8441 37 32390
26 3174 3363 64 3842
27 3217 6978 77 39734
28 3231 5498 24 43820
29 3648 7600 18 20073
30 3880 7732 43 64644
31 3958 4293 44 5636
32 4009 4997 42 38245
33 4013 5755 102 43131
34 4165 5589 49 91159
35 4182 7965 132 573097
36 4273 5734 144 211286
37 4328 7256 52 41287
38 4515 7908 15 15345
39 4570 7741 31 31010
40 4676 6005 17 6321
41 4758 8014 12 18347
42 4786 4843 21 793
43 4827 5005 22 3592
44 4909 7218 61 265437
45 5115 16303 5 22932
46 5166 6026 139 75878
47 5315 9590 68 173952
48 5336 6255 38 31053
49 5384 5462 67 3028
50 5624 6503 102 93726
51 5635 5709 91 8682
52 5779 7789 76 86757
53 5896 9394 142 452397
54 6139 6202 26 600
55 6163 6537 57 21313
56 6165 6907 147 94194
57 6171 11874 42 178044
58 6211 8383 113 78517
59 6219 6455 36 11519
60 6233 7253 81 93148
61 6379 11346 12 27578
62 6411 7453 20 18374
63 6488 6558 21 822
64 6580 7903 5 2349
65 6593 7419 6 3633
66 6759 7496 106 94958
67 6983 12084 119 266832
68 7045 10258 7 10824
69 7060 9602 61 44915
70 7136 11229 111 109106
71 7167 9441 8 17626
72 7226 7957 64 23718
73 7387 8460 93 55503
74 7525 8508 27 13051
75 7615 9054 33 33173
76 7701 8828 7 1871
77 7721 7975 138 8427
78 7948 8477 4 4626
79 8009 8999 24 20484
80 8127 8394 14 1661
81 8413 11017 7 9606
82 8426 8795 96 19893
83 8651 10821 24 57438
84 8678 9336 17 7364
85 8705 10375 98 100832
86 8719 16207 102 214316
87 8757 10293 34 7903
88 8827 9680 95 57034
89 8928 10451 5 4919
90 9123 11421 106 67845
91 9219 14992 31 105602
92 9256 9736 12 6488
93 9346 11594 83 91398
94 9431 15304 9 12165
95 9487 17893 145 437376
96 9497 15165 13 36573
97 9824 12774 56 160163
98 9969 12394 118 67865
99 10137 10907 20 7400
100 10171 13363 12 37625
101 10195 11796 27 11208
102 10263 15115 91 127340
103 10386 11842 42 27033
104 10422 13063 16 83198
105 10491 11777 27 23150
106 10502 10777 6 1128
107 10743 13923 103 120416
108 11087 11960 85 12352
109 11284 13336 32 7632
110 11342 12768 100 37842
111 11344 12086 9 4255
112 11675 12566 97 183991
113 11697 18480 116 247532
114 11701 21355 19 52839
115 11702 27645 125 863417
116 11715 12474 25 7176
117 11742 13705 30 16614
118 11829 13381 94 73766
119 11962 16034 75 58414
120 12002 13177 49 40126
121 12003 18796 4 14233
122 12139 13405 22 10546
123 12253 12924 36 29341
124 12595 16815 131 148901
125 12615 16242 74 84544
126 12682 15152 18 50845
127 12755 12915 28 3193
128 12805 12953 14 1172
129 12934 14267 79 24970
130 12972 12984 17 214
131 13033 14654 133 183477
132 13055 16917 88 181776
133 13056 13496 103 16686
134 13084 14223 91 46535
135 13085 17274 19 16337
136 13140 14104 4 1565
137 13147 15418 95 53295
138 13207 13818 79 107143
139 13263 21788 9 35982
140 13280 17996 80 98069
141 13281 16010 50 56441
142 13346 13487 37 1587
143 13357 14525 68 32895
144 13372 18958 71 147359
145 13374 16952 34 28491
146 13429 15721 54 19796
147 13517 14650 8 2513
148 13572 19787 22 48865
149 13593 14526 116 48432
150 13778 18299 34 92511
151 13842 17546 7 11393
152 13858 15914 13 7742
153 13899 17706 7 10563
154 14005 16765 5 3343
155 14067 14503 5 1213
156 14073 20968 68 166535
157 14175 18075 10 14343
158 14369 19829 23 77699
159 14405 18651 56 167345
160 14509 23991 7 75867
161 14512 17551 39 23476
162 14820 14932 106 8532
163 14920 15531 43 18735
164 15171 21029 6 5625
165 15365 16833 31 12956
166 15568 17705 41 32726
167 15649 18077 143 281906
168 15794 19695 19 41121
169 15803 20709 46 82512
170 15840 17168 138 78699
171 15883 17518 14 43871
172 15924 16070 63 4860
173 16015 17238 106 75484
174 16076 19996 92 214896
175 16175 17176 42 15646
176 16437 17544 35 40263
177 16442 16832 12 1674
178 16586 19278 14 9194
179 16675 22085 17 6353
180 16879 17651 9 1737
181 17049 22352 32 18063
182 17106 22276 86 225849
183 17197 18398 86 76055
184 17248 19552 98 161023
185 17396 18919 13 10899
186 17437 27068 79 439393
187 17785 18787 115 34616
188 17927 20570 20 20893
189 17994 25984 23 78894
190 18154 19859 8 9584
191 18175 19035 85 55658
192 18185 18493 27 4094
193 18188 20253 98 57814
194 18381 21179 69 91208
195 18533 22239 75 144186
196 18646 20135 72 44800
197 18741 23211 19 24103
198 18884 19196 17 2881
199 19029 24931 121 417260
200 19208 20489 8 3774
201 19334 24058 42 81392
202 19460 20240 68 31915
203 19524 24787 36 161461
204 20040 22367 21 17817
205 20086 21133 47 29164
206 20139 22636 95 56212
207 20385 21539 35 9807
208 20486 27989 8 69010
209 20527 21338 27 22399
210 20530 20991 91 59515
211 20580 20832 45 6948
212 20733 23233 77 49634
213 20796 24695 8 19571
214 21044 23092 23 27029
215 21067 22703 18 10798
216 21553 21554 116 248
217 21647 23032 15 9998
218 21752 24346 24 21865
219 21984 26590 118 505637
220 21992 23638 49 44558
221 21996 25676 87 217754
222 22013 38427 16 196631
223 22037 22206 135 4826
224 22425 22732 110 11200
225 22577 27216 5 6111
226 22640 36223 48 248617
227 22697 22812 132 7745
228 22786 26413 149 148296
229 22861 22937 20 2626
230 23014 25214 52 29311
231 23076 24981 112 128602
232 23245 28933 6 18679
233 23334 25408 6 5586
234 23336 25438 76 81276
235 23359 24951 8 5976
236 23502 25428 92 55722
237 23575 28890 5 10521
238 23578 23812 95 19278
239 23615 26639 5 20531
240 23768 26461 12 18399
241 24138 26775 95 187270
242 24166 24941 42 19842
243 24434 26126 59 76235
244 24537 25432 53 23789
245 24618 26875 50 37118
246 25167 28100 32 32379
247 25327 27435 85 93763
248 25336 27275 21 38080
249 25358 27969 34 144647
250 25553 35814 23 97025
251 25631 28020 71 181038
252 25714 27148 99 133900
253 25737 35877 10 26067
254 25855 30444 147 394527
255 25907 32577 9 21795
256 26105 31246 53 75276
257 26182 27024 65 34741
258 26190 27300 43 16860
259 26835 27553 67 30282
260 26965 37168 9 31682
261 27001 29079 6 4761
262 27084 30527 64 79390
263 27086 39733 15 170610
264 27090 29176 7 3222
265 27232 28572 8 2866
266 27256 27793 13 1927
267 27352 32328 131 313040
268 27364 31220 8 19670
269 27415 29427 28 14658
270 27554 29722 73 141472
271 27561 27615 33 591
272 27888 28406 33 7489
273 27949 36025 47 54323
274 28076 28987 146 70918
275 28096 28410 20 2424
276 28138 30978 8 15405
277 28201 31475 26 55917
278 28337 31403 30 41120
279 28364 29156 101 67446
280 28404 30525 19 31926
281 28416 32629 99 177028
282 28479 28540 100 2662
283 28614 38472 34 163233
284 28649 28819 114 10753
285 28723 36753 129 615367
286 28725 28914 99 6891
287 28880 30384 10 13331
288 28911 29689 37 20261
289 29083 34782 14 94548
290 29091 32915 18 40958
291 29096 29271 5 637
292 29139 31225 7 16438
293 29148 32901 74 316237
294 29158 32594 44 65894
295 29373 32635 71 134144
296 29448 32712 109 148906
297 29485 32370 29 39358
298 30049 31498 14 4719
299 30087 31268 133 68563
300 30103 30119 32 422
301 30199 32160 39 20665
302 30249 32092 118 121509
303 30279 30520 85 5748
304 30289 31793 6 3986
305 30375 31285 45 14184
306 30534 33437 90 95729
307 30559 35235 106 386472
308 30613 32306 25 31121
309 30677 30869 42 9782
310 30787 34971 48 70937
311 30856 31946 114 86686
312 30892 32570 39 42118
313 31025 31791 74 30061
314 31028 32971 34 16147
315 31141 32921 16 15162
316 31368 32406 94 171326
317 31481 34066 48 76436
318 31548 38714 30 60123
319 31617 31687 11 276
320 31642 35334 107 113283
321 31653 32374 4 1193
322 31682 32858 55 17561
323 31844 33869 86 53132
324 32053 34005 37 24241
325 32272 34102 26 13439
326 32420 33892 99 29845
327 32458 35755 94 59881
328 32479 33153 125 34883
329 32486 33580 25 30257
330 32532 33895 60 32981
331 32864 33768 148 24333
332 32881 41338 105 233456
333 32900 41564 20 131657
334 33219 35895 108 295205
335 33260 33665 90 9850
336 33314 39549 38 56679
337 33446 38095 66 178522
338 33454 34565 142 23339
339 33635 38310 110 170203
340 33808 35112 60 74667
341 33817 37003 9 12179
342 33883 47952 134 268275
343 33904 38278 135 322264
344 33914 37459 51 126192
345 34060 35080 72 107901
346 34219 37366 4 6945
347 34442 35367 64 11956
348 34606 44789 107 485121
349 34793 35030 45 2710
350 34904 37698 11 144563
351 34965 38085 31 37186
352 35066 36729 16 20916
353 35098 39145 88 72559
354 35525 37775 5 5221
355 35558 37443 49 30196
356 35599 40854 5 11391
357 35751 38184 74 60515
358 35982 46633 42 382823
359 36066 38273 71 120840
360 36178 38015 39 22976
361 36395 38578 28 21104
362 36609 37043 24 2688
363 36810 37660 56 19619
364 36884 38503 49 44670
365 37147 38365 21 23059
366 37159 38014 94 40612
367 37317 37493 126 10353
368 37365 39098 34 17030
369 37368 37507 17 1288
370 37654 38841 50 11740
371 37848 39039 124 167123
372 37875 38252 44 3835
373 37898 38329 45 2500
374 37934 41667 6 12168
375 37968 39276 26 18066
376 38142 47673 46 697622
377 38209 39956 37 15760
378 38317 41061 90 111672
379 38349 44037 17 34164
380 38610 38662 92 3496
381 38663 41746 76 103784
382 38726 43126 8 20466
383 38741 40991 27 16874
384 38752 41901 47 83171
385 38833 39682 10 3737
386 38863 45863 25 37043
387 38896 43864 9 23053
388 39008 40398 18 38150
389 39255 46656 4 5108
390 39258 53129 100 811922
391 39312 42701 15 19900
392 39320 43172 15 19469
393 39343 46808 11 14150
394 39369 40053 128 41941
395 39389 43716 75 65830
396 39392 41262 7 8995
397 39571 44279 23 62512
398 39600 41806 42 25696
399 39637 41439 47 37211
400 39726 40747 50 28994
401 39799 45526 145 632865
402 39859 44095 56 30627
403 39870 43606 35 112908
404 39892 41422 55 22537
405 40066 40184 44 2463
406 40072 40585 131 26922
407 40108 47418 46 173704
408 40190 41987 109 185471
409 40212 40374 39 2994
410 40286 41992 110 57768
411 40395 42314 67 103281
412 40743 41563 18 5508
413 40902 44379 61 139147
414 40964 46953 84 431009
415 40971 48447 80 381060
416 41317 43461 29 77045
417 41594 42719 71 26021
418 41626 44838 8 12538
419 41638 43371 58 71440
420 41659 46777 23 39145
421 41716 53259 26 203683
422 41747 49124 60 180419
423 42042 43655 18 9642
424 42086 44658 5 10800
425 42107 42886 50 28168
426 42111 43934 118 104447
427 42125 44280 20 37179
428 42154 43826 100 260679
429 42281 51241 57 195361
430 42335 42640 146 30705
431 42420 49659 148 200311
432 42524 43434 71 24671
433 42726 42878 53 6625
434 42731 45784 140 31957
435 42781 43823 131 30769
436 42883 46918 49 77221
437 42970 43243 55 7543
438 42989 43056 42 2643
439 43154 45897 35 62286
440 43245 43315 27 1024
441 43392 44357 7 2964
442 43407 46696 77 136429
443 43510 52371 8 17985
444 43581 50267 33 63970
445 43639 46760 120 376175
446 43751 43803 23 1469
447 43795 46911 37 35937
448 43866 45140 107 70303
449 43880 44094 147 18323
450 44127 50125 5 12364
451 44159 50084 23 91860
452 44222 47131 54 47465
453 44302 44967 24 12199
454 44338 47630 114 213423
455 44340 44839 25 3893
456 44348 48066 70 276090
457 44437 45031 103 28477
458 44458 47719 24 69000
459 44513 48258 59 164314
460 44549 50561 42 142403
461 44559 44895 26 12633
462 44578 50219 96 189764
463 44632 48732 142 323297
464 44648 44953 115 16277
465 45254 47478 78 101540
466 45485 46880 34 35730
467 45684 47207 15 15931
468 45827 50171 46 109390
469 45925 46115 138 15490
470 45961 46599 10 2531
471 45966 47246 33 14720
472 46032 49304 76 116606
473 46085 55228 99 125210
474 46276 46787 66 21647
475 46288 48592 32 32617
476 46349 46539 87 8612
477 46433 48380 82 76248
478 46511 48614 9 15099
479 46540 50514 145 136607
480 46579 53473 7 52537
481 46642 46873 51 10500
482 46877 49050 42 37825
483 46895 49993 110 175683
484 46896 49423 119 91103
485 46933 48334 53 32715
486 47001 51012 54 101088
487 47061 49858 79 191452
488 47091 50898 7 25683
489 47239 48690 16 11247
490 47252 53168 22 66913
491 47283 48741 41 19863
492 47286 50096 38 35767
493 47613 47978 31 5832
494 47681 49319 20 19153
495 48225 50304 38 34134
496 48269 56938 83 231459
497 48294 54112 19 21188
498 48375 49028 52 36291
499 48390 48665 109 34928
500 48415 48653 138 5990
501 48453 49566 51 16298
502 48812 51922 77 189684
503 48941 52000 80 61460
504 49222 53643 57 259411
505 49389 49476 133 2017
506 49402 50079 51 9189
507 49481 52027 63 61928
508 49522 50582 69 46969
509 49597 51163 7 3169
510 49738 54528 57 75391
511 49794 50964 105 77622
512 49832 51377 117 79073
513 50314 55414 127 75155
514 50602 52814 40 60085
515 50646 52938 96 67017
516 50650 53388 61 44911
517 50701 51084 90 47008
518 51168 53962 9 11234
519 51173 61804 8 21903
520 51198 53464 52 135068
521 51337 51768 17 870
522 51364 53069 10 2415
523 51390 56372 82 133345
524 51495 52881 137 108299
525 51526 53797 19 15429
526 51576 53792 131 119383
527 51632 52120 9 942
528 51744 52202 145 27156
529 51798 56713 17 57049
530 52217 53392 136 42248
531 52476 52875 22 6992
532 52562 56080 22 43120
533 52625 54032 132 235174
534 52720 54460 21 37110
535 52732 60772 109 160528
536 52737 53620 33 18490
537 52760 59128 57 44797
538 52799 52965 115 8268
539 52818 53659 138 240643
540 52915 55091 79 45817
541 52967 57617 79 96033
542 52969 53616 102 56309
543 52979 53638 36 21165
544 53169 54831 23 16742
545 53300 55787 5 4557
546 53305 54722 112 67553
547 53499 53954 80 35161
548 53546 54496 50 59149
549 53769 56621 13 24046
550 53771 54504 7 2749
551 53789 61009 7 12071
552 53887 53999 49 2914
553 53906 54928 20 26939
554 54152 69620 117 474619
555 54348 64906 69 70075
556 54476 58787 10 20836
557 54689 54747 22 1226
558 54836 55967 113 110416
559 54855 58120 67 269180
560 54946 58101 8 5398
561 55026 58447 53 45713
562 55130 61828 17 45071
563 55194 56416 5 11789
564 55272 61621 12 37609
565 55648 58751 149 516052
566 55827 57150 136 54803
567 56004 61268 55 197847
568 56013 57740 42 21456
569 56046 58672 142 348267
570 56051 57878 24 21393
571 56216 56673 86 19334
572 56230 56845 71 52242
573 56302 57585 49 23737
574 56373 56409 78 1427
575 56679 60087 5 9639
576 56730 58124 8 2902
577 56756 59103 12 13949
578 56929 61204 31 54002
579 57087 59211 46 23621
580 57094 58408 115 84648
581 57138 58614 7 3582
582 57216 60028 14 8068
583 57217 58679 27 50433
584 57300 57315 57 536
585 57398 60013 22 15643
586 57424 61676 27 53976
587 57549 58427 58 14444
588 57598 64771 8 44871
589 57633 61448 20 64247
590 57662 58367 108 18874
591 57714 58521 133 36843
592 57830 58957 25 26723
593 57875 59503 10 12290
594 58003 60069 43 60096
595 58028 60155 73 69583
596 58142 60968 79 114571
597 58190 59662 146 219582
598 58394 61137 5 8574
599 58422 60529 9 9730
600 58462 69408 59 270136
601 58481 60665 15 12317
602 58609 67149 16 58894
603 58632 62736 6 8430
604 58644 62579 67 103950
605 58646 61256 87 232337
606 58726 59547 5 2391
607 58762 63984 4 3646
608 58797 61187 12 21938
609 58872 64427 64 69422
610 58929 60473 12 11000
611 58931 61424 48 50969
612 58939 59624 31 19720
613 58981 59572 88 13536
614 59116 59891 119 242056
615 59373 62690 49 58363
616 59698 67248 5 24685
617 59738 65080 12 18119
618 59911 60987 79 23718
619 60024 60059 39 746
620 60150 66198 10 17335
621 60382 65517 13 46652
622 60406 66519 9 63740
623 60511 61687 5 2198
624 60668 60965 121 46165
625 60722 62947 68 52992
626 60737 64498 142 200101
627 60841 61729 57 24088
628 61146 61214 86 680
629 61181 65381 131 449658
630 61284 66459 136 297359
631 61286 62324 12 10448
632 61602 70707 18 59527
633 61657 62307 32 14481
634 61849 61864 40 381
635 61854 62458 61 25536
636 61953 66249 5 7356
637 62099 62976 133 41412
638 62208 63189 133 77971
639 62290 69635 7 14930
640 62305 63810 30 29580
641 62553 67535 22 84368
642 62597 64597 99 72685
643 63027 68312 4 9277
644 63060 63873 27 4533
645 63114 63267 48 6865
646 63149 63756 15 8616
647 63240 65799 98 50036
648 63395 64564 5 2150
649 63396 66806 134 213507
650 63445 65474 145 73310
651 63508 64659 124 42974
652 63696 65009 50 34290
653 63705 68795 117 466591
654 63813 67175 63 125736
655 63853 68680 93 274775
656 64077 64160 43 1179
657 64080 65152 7 3439
658 64152 64585 63 18545
659 64378 67484 78 50529
660 64392 65287 33 23454
661 64651 69840 80 151196
662 64668 73016 28 102969
663 64693 66381 149 114761
664 64746 65945 138 69686
665 64800 65347 112 48834
666 64879 69008 41 102577
667 64962 65273 130 32090
668 64995 66824 22 22141
669 65094 68118 105 207876
670 65106 67806 59 68970
671 65161 67443 49 79298
672 65240 66089 105 50244
673 65242 70322 32 47486
674 65479 68572 55 102007
675 65495 73398 130 425441
676 65598 68164 14 22535
677 65609 65717 13 1140
678 65701 68036 65 154911
679 65840 68148 91 62794
680 65843 66756 7 4969
681 65947 66957 48 17877
682 66103 69419 42 34649
683 66177 67554 49 56243
684 66543 67123 32 14811
685 66641 66980 27 4120
686 66702 67770 32 23133
687 66902 67688 135 40986
688 66922 67981 95 31534
689 67017 72097 16 22590
690 67342 69808 37 34895
691 67372 79864 136 539617
692 67479 77118 39 239695
693 67776 69032 68 112530
694 67789 69628 21 18378
695 67825 68945 18 8794
696 68492 76923 145 1818836
697 68559 70870 39 34149
698 68934 72559 145 254125
699 68976 69302 82 11993
700 69003 69586 113 28935
701 69105 73013 66 80899
702 69115 70573 39 16112
703 69219 69677 135 44967
704 69367 74233 8 11976
705 69486 70507 55 18465
706 69567 78905 6 28885
707 69650 70542 50 31165
708 69710 70754 98 59683
709 70077 71061 98 144965
710 70154 72211 36 24359
711 70162 70847 37 10082
712 70190 73575 57 246426
713 70201 71587 5 7979
714 70235 70546 36 7863
715 70250 71917 42 35755
716 70251 71017 37 8752
717 70308 75679 12 19226
718 70398 72257 74 39495
719 70465 72466 6 18301
720 70511 70989 69 16061
721 70575 71127 33 17247
722 70682 76794 26 96703
723 70706 72422 42 16443
724 70779 70834 47 4587
725 70894 72233 88 99361
726 71003 72922 23 27998
727 71010 73111 78 89662
728 71034 72983 105 57854
729 71036 74584 6 3418
730 71106 74951 7 9722
731 71504 71553 5 153
732 71558 72171 13 3263
733 71559 74470 22 46433
734 71843 72057 41 3121
735 72301 73321 74 13189
736 72337 79161 85 175472
737 72483 74070 82 78612
738 72799 73379 102 20504
739 73003 74334 32 16713
740 73209 74845 34 29886
741 73368 74014 99 51716
742 73426 74099 5 4799
743 73749 79222 113 343465
744 73751 76564 20 7602
745 73870 75967 30 29343
746 74033 80904 45 68542
747 74203 83262 99 776667
748 74352 75624 43 59614
749 74568 77623 58 191454
750 74690 77406 7 6457
751 74793 76897 6 8347
752 74898 83500 51 192073
753 74910 78196 12 35589
754 75034 77560 11 11319
755 75061 82668 13 38798
756 75066 80647 133 210434
757 75217 76361 127 13325
758 75423 76499 13 3411
759 75514 77513 68 94747
760 75591 77932 108 68833
761 75743 77358 20 21973
762 75775 76162 60 8097
763 75781 77240 102 154567
764 75814 83934 126 380635
765 75842 77914 29 91381
766 75844 80428 6 12793
767 75944 78078 46 39815
768 76016 76245 131 16110
769 76029 79125 50 287445
770 76069 80374 25 21365
771 76144 78286 144 69626
772 76280 76443 123 26520
773 76312 76690 56 11520
774 76342 80715 104 219440
775 76366 76512 67 3550
776 76425 81622 48 172249
777 76671 79099 45 38101
778 76872 77585 39 14521
779 76905 81740 76 164366
780 76926 80564 8 15962
781 76931 77362 51 7179
782 77073 79513 98 51574
783 77077 80695 46 82097
784 77083 79233 29 29986
785 77203 79554 13 5328
786 77246 77271 148 2315
787 77252 90356 98 442074
788 77253 78934 17 10072
789 77273 77934 18 13600
790 77357 78530 15 15648
791 77599 78036 105 45360
792 77611 80448 35 45564
793 77637 78757 21 25552
794 77638 78023 133 34107
795 77685 82720 35 46165
796 77733 78709 91 175474
797 77811 79609 21 14955
798 77825 78794 112 22501
799 77830 78576 23 4132
800 77859 78721 7 5422
801 78002 79048 130 31439
802 78037 80615 71 147034
803 78110 80810 78 112571
804 78198 79428 96 159083
805 78257 82442 33 58595
806 78301 83635 135 436745
807 78325 78765 135 100563
808 78550 79776 25 12386
809 78567 80034 6 1629
810 78571 81214 31 49256
811 78580 82395 107 66474
812 78844 79238 116 27175
813 78939 82370 48 76871
814 79036 79306 129 43590
815 79358 79379 22 635
816 79411 79909 13 2510
817 79501 87537 9 17815
818 79602 83893 135 344957
819 79680 82348 99 59084
820 79884 80147 87 7546
821 80025 80990 109 26249
822 80223 80521 7 1617
823 80231 80945 58 22467
824 80250 81171 146 25652
825 80398 83326 24 30905
826 80440 81529 7 3562
827 80478 84063 12 31792
828 80635 82410 35 21576
829 80724 82275 24 12187
830 80805 82987 11 15602
831 80950 81108 56 5659
832 80955 91532 9 49146
833 80987 82017 128 44403
834 81023 82052 38 8712
835 81114 85222 41 116888
836 81269 82325 142 43036
837 81437 82467 123 64464
838 81715 85808 41 43150
839 81824 85739 5 11597
840 81864 90308 61 134145
841 81969 83172 9 12499
842 82185 86484 75 67567
843 82288 86072 101 155872
844 82535 83013 16 2063
845 82621 83102 50 20627
846 82696 84185 14 8800
847 82857 83394 16 11064
848 82935 86974 27 112638
849 82936 84724 74 29378
850 82965 93312 70 182143
851 83033 83568 7 2899
852 83041 84224 71 43441
853 83145 87997 32 78443
854 83196 90342 19 82974
855 83220 83962 68 18373
856 83357 88114 138 342651
857 83383 83757 6 3113
858 83462 86276 25 50949
859 83518 86527 67 51425
860 83630 89741 43 76596
861 83882 85598 117 88789
862 83959 85351 32 18973
863 84046 84775 10 5788
864 84080 88397 21 58179
865 84136 89560 93 151350
866 84238 86971 21 34540
867 84343 92310 59 579704
868 84379 86216 25 27193
869 84448 85526 31 44044
870 84454 87012 18 90469
871 84462 96157 70 187673
872 84631 85171 145 32656
873 84872 85929 106 57929
874 84956 95392 42 250161
875 85028 85781 143 47226
876 85033 95852 59 237840
877 85112 87615 26 52922
878 85228 89905 66 144220
879 85673 90037 142 181475
880 85871 87788 45 42777
881 85928 86948 17 8406
882 86012 89715 143 129017
883 86117 86150 119 1639
884 86126 99269 15 98752
885 86177 87036 39 21203
886 86320 89288 89 49063
887 86402 92406 17 16910
888 86403 88034 26 18527
889 86513 95795 144 162702
890 86522 92358 78 108162
891 86607 91929 84 383624
892 86621 89340 8 7379
893 86859 87864 47 22159
894 86911 87229 52 9290
895 86946 94869 71 475678
896 87097 87714 69 19448
897 87108 89632 22 29145
898 87161 87167 136 1508
899 87228 88990 111 91787
900 87230 87248 7 40
901 87273 89183 140 306902
902 87484 89031 34 50321
903 87584 88426 4 1815
904 87666 94774 142 597645
905 87694 88728 11 11439
906 87844 88600 50 11258
907 87879 93349 115 289850
908 87933 91691 24 40025
909 87948 88043 102 2374
910 88067 88282 66 4945
911 88231 88550 128 9324
912 88284 89631 29 33687
913 88473 89643 60 154071
914 88543 89882 4 4374
915 88615 93264 103 260108
916 89131 90361 37 17425
917 89139 89675 85 26411
918 89397 90124 61 11541
919 89935 97492 14 118660
920 89966 90707 5 1812
921 89978 90689 37 19458
922 90154 91138 122 69813
923 90589 90895 118 43872
924 90612 90777 41 4181
925 90631 90970 118 7254
926 90771 95033 136 354753
927 90801 93809 106 224775
928 90958 91511 63 25916
929 90995 96466 9 29302
930 91146 96062 57 133585
931 91551 98433 72 444089
932 91653 94102 40 17830
933 91656 91741 30 2034
934 91733 92144 36 8664
935 91843 96668 112 115908
936 91895 95204 126 179831
937 91905 92409 145 17872
938 91989 94076 63 63156
939 92178 95154 74 30746
940 92370 98083 38 59044
941 92560 95896 59 71467
942 92631 93433 94 8897
943 92654 96534 126 220275
944 92759 93846 55 35500
945 92884 94074 108 46347
946 92950 93553 14 5064
947 93110 93424 12 2192
948 93244 93309 126 2515
949 93259 96658 67 114373
950 93382 94241 18 15533
951 93435 95282 134 151159
952 93463 97315 14 36284
953 93482 97691 16 121102
954 93501 99941 142 417275
955 93509 95725 93 156768
956 93546 94629 100 25347
957 93547 96050 140 112676
958 93566 93697 16 692
959 93841 98188 10 17180
960 93929 99605 77 142157
961 94155 98485 8 13870
962 94196 96342 12 14958
963 94208 96284 13 13477
964 94443 96842 23 22977
965 94444 96986 16 11860
966 94509 98774 32 41532
967 94658 95989 49 26278
968 94667 94874 57 5866
969 94684 97657 5 5692
970 94697 95539 11 4312
971 94752 94800 147 9515
972 95039 95618 150 31911
973 95080 97302 6 6618
974 95139 99487 81 136059
975 95192 97260 29 38163
976 95232 97627 72 59566
977 95274 96489 5 774
978 95312 98710 12 21225
979 95421 96390 10 10134
980 95524 98568 89 68552
981 95734 96777 7 5938
982 95756 96148 75 4594
983 95871 99436 36 49817
984 95904 98108 96 106183
985 95908 98198 22 33239
986 95990 96432 16 3534
987 96769 96848 23 2529
988 96879 96926 139 3811
989 96898 98981 143 69553
990 96952 99833 36 19983
991 97047 97777 21 3235
992 97454 98669 118 39360
993 97472 97811 93 16516
994 97677 97939 12 1204
995 97969 98665 111 25752
996 97986 99970 81 43389
997 98507 99435 62 63640
998 98617 99244 147 78167
999 98964 99566 46 5305
