50 1000 0.028
....#####.#.#.....................................
.....####.####....................................
.....########.....................................
.....########...................#...#.............
....########...#..............###.####............
...####.##.#..##.............##.########..........
...#########..###.#...........##.#####............
...#.####..#.#.#####.............###.###..........
..###........########.............###.............
.............########..............#..............
..........#############............#..............
..........###########..............#..............
..........########.##.............................
............#######.#.............................
.............#..##................................
...............###................................
................#.................................
..................................................
.......................................#..........
.......................................#..#.......
....................................####..#.......
...................................####.###.......
....................................#######.......
......................................######......
...##...#...............#..#.........####.#.......
...######...............#.##.........########.....
.#######...............######.........#.###.......
...######............###.#####........#####.......
..#.######.............#..##.##.........###.......
.######.##...............######..........##.......
..##....###...............###...........##........
..##........................###........####.......
.#.###....................#####..........##.......
######.#...................####........###........
####.####..................#####..................
.###...#.....................###..................
#####.........................##..................
###..........................##...................
.###..........................###.................
.######...........................................
######............................................
....#.................................#...........
...............................######.####........
..................................############....
..................................######.##.......
..................................#####...#.......
...................................####...........
...................................####...........
....................................###...........
..................................#####...........
0 572 4569 13 19966
1 814 2362 5 4069
2 918 5015 42 345166
3 1051 13983 10 31449
4 1068 1126 123 1984
5 1386 5621 107 199679
6 1432 6501 45 71070
7 1440 3610 96 100966
8 1489 2528 25 14614
9 1663 2543 42 4423
10 1884 15716 145 521101
11 1903 12742 26 98727
12 1992 6467 16 31520
13 2039 3270 71 43346
14 2126 5902 107 311027
15 2142 6283 36 33481
16 2369 2819 18 6135
17 2544 11257 43 148270
18 2850 8634 6 15758
19 2884 7498 101 107333
20 2960 12222 127 311483
21 2989 12233 52 692300
22 3010 12285 94 154725
23 3065 16176 40 304239
24 3093 17153 29 93684
25 3207 10754 51 64865
26 3263 6687 140 500934
27 3264 12019 76 198082
28 3299 4288 97 24183
29 3458 11560 92 705207
30 3642 4603 17 7463
31 3667 5281 72 78321
32 3684 9106 129 256111
33 3724 6038 66 122468
34 4050 9664 44 180626
35 4159 4995 148 53708
36 4206 4643 9 3929
37 4239 31640 7 48612
38 4345 9102 42 76951
39 4597 17911 16 116922
40 4759 20303 28 100356
41 4850 5897 7 3071
42 5235 5925 66 10756
43 5447 6724 125 110626
44 5541 15840 100 386563
45 5626 5841 147 23091
46 5986 11852 11 15034
47 6028 12307 44 124386
48 6043 6591 79 38593
49 6103 8014 39 36762
50 6110 6172 8 215
51 6127 6335 117 18397
52 6139 6171 36 346
53 6274 8268 7 6335
54 6317 13521 137 798430
55 6327 7543 9 9699
56 6370 10358 77 112650
57 6373 16074 12 47031
58 6397 10543 9 16063
59 6627 7811 134 158735
60 6648 9933 17 49752
61 7104 18838 8 28958
62 7117 10581 33 23919
63 7243 9847 26 38989
64 7250 7929 42 17546
65 7435 9241 9 6417
66 7465 14410 13 20747
67 7593 13119 71 95727
68 7621 7976 43 8619
69 7674 20227 121 772157
70 7871 13363 82 355067
71 7937 27351 17 149481
72 8072 9446 13 4749
73 8087 9447 143 217994
74 8196 9692 30 24842
75 8213 11223 89 161706
76 8242 9743 85 168694
77 8258 18158 144 354896
78 8393 8511 71 14211
79 8489 18555 36 181453
80 8733 9527 81 89535
81 8782 14028 23 105154
82 8796 11515 16 9564
83 8856 37868 24 554424
84 8922 10847 20 27040
85 9013 9056 15 364
86 9095 14778 25 40308
87 9123 21783 82 288691
88 9140 19663 55 255169
89 9300 13399 27 79917
90 9368 11367 51 29559
91 9643 10729 17 5769
92 9660 26948 148 1321905
93 9681 10890 127 63551
94 9720 11643 88 73650
95 9808 10685 21 6818
96 9896 14292 80 178941
97 10586 14291 4 8665
98 10756 12700 137 143089
99 10781 10821 28 720
100 10947 11457 75 11258
101 11008 20854 65 150315
102 11023 13122 42 37305
103 11204 12794 4 3245
104 11252 17743 89 306245
105 11355 20622 56 144612
106 11357 11837 68 15766
107 11702 12191 39 20733
108 11715 21907 39 215569
109 11924 13646 71 137943
110 11966 13597 18 18431
111 12072 19925 18 126912
112 12164 14898 5 11348
113 12204 12412 78 28862
114 12217 16334 97 80199
115 12241 23515 13 63170
116 12479 14007 18 10641
117 12498 20870 86 397524
118 12667 14738 26 18812
119 12673 18980 54 78296
120 12680 20263 125 447383
121 12726 18168 91 153534
122 12810 13455 26 11781
123 13097 24687 84 344076
124 13287 17329 13 12738
125 13290 21098 15 58783
126 13331 19678 14 15949
127 13471 31881 69 860058
128 13514 15339 149 172164
129 13547 16641 22 31705
130 13599 14613 137 79796
131 13659 27210 107 692502
132 13660 15363 21 8313
133 13777 19426 74 305577
134 13853 15627 16 12659
135 13877 17460 66 181391
136 13924 16890 140 188506
137 13987 16800 32 12619
138 14035 14955 17 10033
139 14083 28997 84 675650
140 14120 19270 89 110528
141 14171 17181 5 13035
142 14306 14914 102 35215
143 14364 18570 4 10260
144 14580 21276 144 122321
145 14653 29899 30 398589
146 14713 17280 115 87446
147 14854 19190 83 63238
148 14899 21480 37 213871
149 14997 18125 14 17358
150 15022 16076 140 239969
151 15079 26923 102 1367657
152 15114 15207 127 2609
153 15146 21144 92 239863
154 15152 19441 6 7843
155 15220 20203 15 32097
156 15364 16567 135 120797
157 15534 21208 63 55021
158 15597 18193 78 38624
159 15600 22058 80 211184
160 15647 20463 81 97295
161 16216 20786 142 303339
162 16240 27866 79 170514
163 16331 21250 72 237199
164 16399 31663 103 710530
165 16601 17245 4 1436
166 16668 20487 23 63339
167 16720 22405 6 9949
168 16764 18535 103 163134
169 16808 19075 120 79390
170 16856 19604 72 39291
171 16930 24825 100 274186
172 17060 21955 47 88715
173 17143 18117 93 32750
174 17236 23330 53 134566
175 17238 19732 100 110218
176 17305 22709 46 106555
177 17349 17519 147 24992
178 17454 33804 65 566444
179 17610 18584 27 8092
180 17687 17983 83 17842
181 17740 25322 58 453271
182 17798 20469 38 26001
183 18002 25999 8 27656
184 18107 22546 148 137869
185 18170 21930 130 237467
186 18270 22557 44 91351
187 18376 31441 13 50143
188 18393 20661 82 95750
189 18598 21033 28 16255
190 18692 19864 92 170516
191 18900 21934 9 16881
192 18971 25232 127 580715
193 19061 21555 54 159477
194 19087 20717 26 42243
195 19154 19894 49 17481
196 19179 20458 6 3279
197 19256 22008 7 8006
198 19275 27040 79 1077422
199 19379 21757 74 126833
200 19447 20859 126 106528
201 19558 24123 52 122776
202 19564 21249 34 43828
203 19591 22592 68 149064
204 19666 28887 9 10280
205 19694 28831 26 140169
206 19800 30918 58 294379
207 19843 21750 72 54033
208 20204 22091 103 132114
209 20425 32078 96 716516
210 20558 30074 7 20471
211 20559 30340 53 261516
212 20742 22722 5 1281
213 20773 21268 74 10864
214 20994 28767 54 214285
215 21190 21739 7 1604
216 21257 26354 51 130978
217 21318 21781 79 5556
218 21456 41510 132 1197516
219 21529 24897 38 97220
220 21668 21953 140 26364
221 21814 22760 118 68111
222 22002 24294 102 148174
223 22038 22844 79 45510
224 22089 23236 30 9584
225 22212 27487 138 248627
226 22356 24578 107 98891
227 22376 23070 14 3494
228 22532 27111 27 167099
229 22646 24157 23 74539
230 22805 30331 87 167474
231 22878 28142 19 60351
232 22946 25788 6 8819
233 23006 30558 21 140193
234 23081 25679 26 37235
235 23117 29785 112 244129
236 23196 23876 73 21321
237 23201 33905 145 1863837
238 23244 26556 20 26637
239 23279 24625 145 142006
240 23366 25006 96 41269
241 23477 23914 34 23139
242 23912 25331 53 27255
243 24004 29268 74 252396
244 24024 29053 35 53891
245 24086 30270 114 349145
246 24240 26434 33 19971
247 24332 26439 59 52725
248 24556 25848 14 4189
249 24789 28937 11 35093
250 25061 27221 116 103429
251 25069 25541 58 18768
252 25170 28993 143 118717
253 25180 25344 50 23356
254 25219 36078 139 1153618
255 25283 25511 5 1431
256 25492 27801 96 241818
257 25559 25870 63 14982
258 25692 38399 82 242048
259 25885 27704 26 33141
260 25941 41353 53 808087
261 25982 28805 146 139423
262 26022 49753 53 768231
263 26519 31052 107 419977
264 26657 42000 65 259859
265 26734 28983 19 40750
266 26888 35932 11 52775
267 26938 29972 98 323359
268 26987 28024 113 43491
269 27307 36534 76 401853
270 27319 36271 84 238371
271 27407 37406 54 322560
272 27608 37279 118 1753626
273 27625 27759 111 6372
274 27677 28528 17 13698
275 27744 31180 87 79745
276 27755 29671 78 74718
277 27758 46298 4 17445
278 27772 31600 39 36154
279 27920 49336 144 788887
280 28087 29031 145 63531
281 28107 36102 13 15553
282 28282 33240 102 156804
283 28387 33767 6 8347
284 28396 31151 51 63243
285 28478 28651 67 10985
286 28574 31806 56 81999
287 28792 36763 20 102312
288 28862 32923 139 601457
289 28881 31076 74 259149
290 29113 29311 47 8344
291 29213 35112 51 92429
292 29256 29731 70 24192
293 29370 35333 80 225836
294 29384 34091 45 209968
295 29477 39578 126 1260813
296 29531 30903 79 76323
297 29603 35180 54 84130
298 29612 29684 5 97
299 29632 30372 75 21218
300 29712 34372 80 141301
301 29801 30802 138 132362
302 29826 37289 78 286697
303 29850 30861 22 19417
304 29914 34753 4 15879
305 29927 34836 18 25373
306 30001 33267 99 115922
307 30183 34562 74 238312
308 30322 48377 47 265207
309 30387 40528 18 53686
310 30658 32950 85 42442
311 30868 36365 27 119284
312 30975 31759 60 16153
313 31096 32631 138 102094
314 31149 37217 5 25458
315 31161 39320 70 135033
316 31196 36888 16 54249
317 31450 37448 22 59838
318 31557 41977 65 705845
319 31584 39591 5 20011
320 31586 38420 129 470666
321 31624 32701 24 21069
322 31643 33097 29 23514
323 31653 34036 107 247222
324 31664 43828 14 42991
325 31776 32414 39 13630
326 31799 36687 123 275521
327 31959 34239 42 62488
328 32237 43848 20 82564
329 32552 34524 59 75765
330 32624 37269 22 18780
331 32984 35712 64 76962
332 33034 35885 91 71503
333 33185 39142 83 233045
334 33283 41698 13 21566
335 33492 53927 121 779734
336 33561 41405 31 142006
337 33572 36931 135 222304
338 33625 39708 11 13158
339 33926 34272 77 24313
340 34059 44463 149 858388
341 34191 40222 89 279590
342 34501 42127 12 64680
343 34521 39388 12 19268
344 34698 47172 58 524465
345 34712 38550 18 27096
346 34849 38857 85 103575
347 35074 44650 139 580302
348 35110 59097 80 583665
349 35139 51203 35 228585
350 35170 36310 137 43239
351 35211 49994 30 284721
352 35227 36261 12 9502
353 35270 35478 65 6003
354 35547 38808 16 14449
355 35896 38266 78 99811
356 35919 41185 146 167609
357 35937 46625 48 179525
358 36093 41208 8 96553
359 36115 43221 118 370045
360 36144 37726 38 39633
361 36158 42919 18 32637
362 36173 38073 45 40187
363 36260 38992 8 10828
364 36405 41639 51 63667
365 36445 37865 5 7085
366 36551 40011 57 43514
367 36601 45067 112 443405
368 36625 42299 28 47841
369 36635 37643 66 47238
370 36662 38139 28 58138
371 37150 40462 19 17754
372 37546 37960 118 19306
373 37737 39818 76 24700
374 37804 39459 96 81314
375 37965 40800 69 50333
376 38205 38218 41 496
377 38339 43471 63 129010
378 38461 41233 5 18498
379 38482 39643 26 29218
380 38733 39208 13 1719
381 38763 55254 62 150339
382 38920 41976 71 84858
383 38987 43077 44 44830
384 39087 39313 68 9196
385 39203 39290 106 8049
386 39239 41709 103 114945
387 39248 40950 81 56933
388 39606 55480 80 459187
389 39676 40315 84 123552
390 39680 40400 146 91289
391 39873 42662 109 134640
392 39880 44675 93 140674
393 40169 44393 123 199404
394 40296 47390 9 23442
395 40304 51264 37 131559
396 40306 42430 29 17592
397 40345 41559 38 28492
398 40375 49042 31 60175
399 40741 49681 17 78342
400 40828 42988 52 117501
401 40861 45576 23 22112
402 40934 54672 23 170324
403 41071 43318 84 72039
404 41253 44268 5 6006
405 41259 41655 16 1656
406 41365 41911 108 41776
407 41388 48481 10 26741
408 41412 47657 40 132294
409 41487 42523 18 8985
410 41582 42965 6 6855
411 41802 42524 99 26183
412 42105 42959 143 32656
413 42124 45827 56 102837
414 42595 45337 49 68161
415 42700 45517 11 9145
416 42773 44992 127 129368
417 42854 43665 73 30794
418 42941 49786 65 105833
419 42945 46064 76 92329
420 42955 47856 46 116678
421 43001 50449 44 140495
422 43017 44286 41 13330
423 43100 44434 26 17482
424 43159 53956 68 304722
425 43198 44803 8 3246
426 43210 46759 137 136776
427 43246 49701 88 90857
428 43255 44054 123 38336
429 43314 43757 43 11558
430 43315 44699 47 26589
431 43388 45468 50 36664
432 43450 50707 8 10159
433 43494 51127 54 146277
434 43656 66243 61 447104
435 43685 45467 47 67344
436 43799 49666 4 8779
437 43870 47920 64 87047
438 43933 51345 85 153994
439 44020 44315 14 2288
440 44225 55143 12 12947
441 44251 51785 59 215602
442 44289 47998 49 58339
443 44381 49709 30 45815
444 44442 46159 119 111378
445 44555 44985 105 53643
446 44604 49083 69 177306
447 44673 55588 92 532458
448 44736 51048 86 153737
449 44775 70972 114 664619
450 44864 46861 131 85176
451 45062 45732 78 36602
452 45087 47460 5 6059
453 45096 51239 26 29954
454 45116 45766 47 17169
455 45173 46845 51 33531
456 45577 48697 84 44501
457 45778 68362 28 98851
458 45796 45811 130 3190
459 45809 46213 109 11588
460 46037 53945 63 275936
461 46156 47821 127 252574
462 46245 50755 53 70489
463 46267 46505 64 13857
464 46368 50502 82 68777
465 46477 46590 4 699
466 46632 49153 11 22120
467 46785 58917 11 48317
468 46898 53895 95 182919
469 46908 59267 123 398507
470 46915 67392 63 303076
471 47130 54477 65 110371
472 47224 51490 46 33657
473 47268 50214 27 40486
474 47281 51465 5 11698
475 47294 47562 107 13340
476 47375 56294 9 62660
477 47492 54598 36 209542
478 47552 50408 59 23613
479 47580 60675 58 591422
480 47705 52312 53 117825
481 47742 55396 54 273250
482 47745 51398 69 87019
483 47788 57537 59 298256
484 48028 52313 99 200796
485 48114 53313 44 235456
486 48132 56963 139 570727
487 48245 48322 54 1407
488 48409 49034 42 24695
489 48561 54226 135 242622
490 48628 51021 56 40085
491 48761 51719 26 19319
492 48781 50309 10 12491
493 48968 50658 8 7090
494 49210 51956 77 141607
495 49239 55145 131 1512848
496 49294 51741 4 5200
497 49312 54074 18 27230
498 49321 65782 66 479351
499 49515 55453 4 7513
500 49610 68198 12 102701
501 49691 51934 30 58952
502 49712 59886 15 84929
503 49723 51382 26 5496
504 49792 69127 34 198244
505 49873 67159 136 1245483
506 49893 53456 18 24105
507 49945 50114 20 526
508 49963 51302 93 125863
509 49965 53193 108 83726
510 50039 76430 116 1535606
511 50082 50150 11 351
512 50319 66061 87 542522
513 50324 63966 76 768766
514 50462 61203 147 949693
515 50528 50741 95 12949
516 50571 51766 40 22139
517 50588 53947 108 210903
518 50592 53178 53 32931
519 50630 51649 29 16444
520 50639 55557 10 9697
521 50646 53429 128 64579
522 50661 51769 15 5457
523 50800 52639 110 65342
524 50869 52324 51 45768
525 50881 53303 134 237367
526 51003 55552 30 188655
527 51032 62210 128 535044
528 51035 51806 76 72122
529 51060 59811 117 891274
530 51094 51746 64 7718
531 51236 54960 138 439826
532 51296 62239 9 10332
533 51310 54492 6 6860
534 51365 56546 23 60121
535 51594 66723 22 227751
536 51689 52014 54 15571
537 51707 56430 142 494314
538 51927 54214 147 62186
539 52054 58046 20 43420
540 52073 64386 7 33377
541 52116 53813 8 15711
542 52187 64059 5 14244
543 52213 53850 14 6131
544 52219 58683 91 554949
545 52497 58715 86 377476
546 52519 55565 10 19980
547 52553 57273 82 70002
548 52780 58384 94 69322
549 52821 56536 59 25975
550 52839 58814 4 6594
551 52899 80305 113 1438075
552 52933 55242 91 76228
553 52967 54618 28 15364
554 53000 53538 21 6933
555 53108 59430 131 377141
556 53250 53379 71 4291
557 53285 60944 148 196427
558 53377 62890 12 60289
559 53504 60832 29 83490
560 53567 66216 7 25666
561 53624 53685 16 1013
562 53828 55459 110 68747
563 53865 67752 86 862986
564 53978 82590 9 168921
565 54022 57259 44 49093
566 54212 61456 90 372794
567 54251 54720 48 14065
568 54318 64737 124 846338
569 54419 56927 91 95810
570 54430 64012 53 101390
571 54504 55573 31 50506
572 54528 58705 7 27666
573 54566 56240 23 10944
574 54765 74986 32 235345
575 54879 60035 93 234347
576 55055 55306 25 5125
577 55101 57521 53 38438
578 55106 58922 9 5560
579 55147 66778 10 11002
580 55310 71944 21 511861
581 55371 56315 16 6062
582 55387 63527 19 57284
583 55405 60127 147 446814
584 55438 55985 23 12434
585 55476 58324 149 142316
586 55567 92742 52 2247645
587 55585 56559 95 43763
588 55634 58966 34 50274
589 55640 57665 64 27674
590 55703 56799 13 5676
591 55858 57321 16 9616
592 55983 56336 94 8118
593 56438 57846 14 11366
594 56459 58725 25 43259
595 56466 61491 82 69616
596 56488 57406 11 3645
597 56731 57556 14 8477
598 56804 67475 44 194836
599 56918 60975 15 4733
600 56973 59405 105 132421
601 57198 57243 141 2970
602 57234 61399 61 201195
603 57261 61233 25 50075
604 57314 63349 111 268307
605 57402 68336 10 34792
606 57511 58275 9 951
607 57586 62274 39 45675
608 57667 58893 15 10190
609 57856 65918 85 223054
610 57906 58611 142 39921
611 57996 60058 19 13520
612 58318 59566 54 30786
613 58336 60912 39 87921
614 58424 58720 49 14417
615 58454 59006 95 31269
616 58495 62230 17 23640
617 58580 61144 29 16029
618 58599 58771 146 34310
619 58602 60618 119 207250
620 58718 64865 96 190761
621 58819 63531 83 240439
622 58877 64657 62 92285
623 58878 64719 107 210033
624 59089 65558 114 156180
625 59111 60409 52 22787
626 59187 68875 8 25359
627 59211 66042 53 71330
628 59212 60042 122 82123
629 59231 60095 118 29522
630 59350 62572 62 42393
631 59485 59944 13 3026
632 59772 67404 41 179162
633 59808 63998 22 32167
634 59855 61128 106 108789
635 59923 60436 31 16585
636 59933 65204 38 177191
637 59937 63461 69 160386
638 59954 61582 79 72942
639 60118 64166 124 265180
640 60231 68596 53 883806
641 60279 63490 6 11583
642 60321 63465 72 180445
643 60334 60527 77 6901
644 60399 61692 108 67455
645 60483 64366 4 8497
646 60537 62450 12 7473
647 60598 63232 9 14862
648 60682 63276 130 187599
649 60764 64133 51 100835
650 61040 61589 31 27634
651 61045 75002 58 448412
652 61051 65694 111 96109
653 61058 66492 20 124782
654 61119 63069 142 185344
655 61222 64388 140 356072
656 61342 68588 57 159824
657 61376 63473 101 73943
658 61382 71625 139 781358
659 61454 76253 38 240178
660 61629 66418 130 201625
661 61674 61809 104 7885
662 61678 62482 114 39693
663 61759 62637 16 6693
664 61856 74845 8 16476
665 62058 64687 118 159849
666 62068 67774 25 107913
667 62391 69905 142 1174148
668 62396 68882 66 73593
669 62454 64851 24 35815
670 62594 62605 79 595
671 62627 70300 61 73631
672 62763 67419 39 115754
673 62800 69389 20 58218
674 62801 66009 71 28595
675 62883 68217 14 152777
676 63058 66014 60 105782
677 63155 65759 21 21927
678 63280 65463 102 38222
679 63648 65188 67 56384
680 63861 77975 11 70185
681 63985 65966 15 8416
682 64074 72559 80 259473
683 64121 70447 85 257516
684 64191 83117 92 1400614
685 64202 66409 24 19059
686 64307 72040 107 261624
687 64411 76500 65 131489
688 64458 69646 32 79127
689 64522 66218 80 54450
690 64610 78246 97 300541
691 64727 74379 50 144597
692 64739 75818 15 207430
693 64835 85110 96 381149
694 64904 66905 29 29552
695 64998 66692 99 49757
696 65052 67511 69 47408
697 65122 65289 67 9534
698 65172 88496 7 48977
699 65193 70934 18 58268
700 65369 71701 26 36349
701 65383 66980 32 17222
702 65411 70175 109 212091
703 65564 66772 149 80530
704 65642 68527 31 64799
705 65656 68951 76 138897
706 65749 66065 90 25692
707 65815 68581 23 44799
708 65959 69921 88 327477
709 66080 77783 133 232256
710 66255 75896 20 36829
711 66320 71320 87 222908
712 66656 76413 100 494326
713 66667 70400 52 80856
714 66901 66993 30 2070
715 66954 72829 76 109096
716 67070 68824 74 52648
717 67150 70365 10 12497
718 67189 68081 19 4533
719 67213 76967 4 11827
720 67347 68793 101 101264
721 67348 73684 120 225211
722 67456 67597 29 1641
723 67532 71591 84 118624
724 67586 84661 6 39692
725 67768 74355 108 134859
726 68105 74649 47 196147
727 68138 69233 18 9503
728 68164 70975 19 23746
729 68200 72184 82 149474
730 68299 68736 66 9912
731 68352 70744 61 118094
732 68368 71531 25 54591
733 68531 81903 20 158398
734 68609 73709 107 184169
735 68691 69091 25 1427
736 68810 69900 23 18670
737 68885 70082 14 8120
738 69003 70356 128 54296
739 69010 77211 20 127309
740 69079 70657 48 21823
741 69161 71536 81 169750
742 69169 71040 5 1981
743 69182 69245 80 3625
744 69208 73386 11 14362
745 69221 69412 129 24048
746 69803 78114 54 122856
747 69813 71187 23 6244
748 70008 72821 68 75207
749 70048 90232 67 521577
750 70106 79984 29 229769
751 70161 71316 31 7284
752 70237 79746 60 234146
753 70372 70694 106 9043
754 70396 72918 71 77207
755 70464 83295 24 39420
756 70506 72190 82 55786
757 70583 72421 91 71213
758 70595 70864 81 9209
759 70708 84147 112 872537
760 70787 87385 48 335126
761 70798 72059 138 35295
762 70825 80066 25 112174
763 70886 71620 32 2911
764 70901 77632 141 176963
765 70971 76192 45 109987
766 71095 85586 42 763122
767 71185 86680 45 66055
768 71201 77042 23 20050
769 71204 77433 23 107917
770 71246 72627 60 19933
771 71250 81468 74 116491
772 71361 71377 14 276
773 71484 73102 92 61208
774 71602 85894 25 125887
775 71798 75561 43 100442
776 71925 74456 9 7632
777 71940 75274 56 107969
778 72021 80802 109 484519
779 72119 81595 148 318532
780 72155 80381 14 31052
781 72163 72273 40 3574
782 72225 79290 32 47074
783 72229 80050 137 345229
784 72265 76434 61 79909
785 72302 73663 67 25126
786 72432 78516 121 372108
787 72746 74378 65 129807
788 72967 77837 17 53964
789 73000 92740 18 257560
790 73251 93474 88 462991
791 73353 76555 9 15014
792 73486 77737 82 143018
793 73828 80848 13 23845
794 73836 83235 128 451399
795 73911 77772 43 186423
796 73974 79895 53 87172
797 73980 74257 56 6164
798 73999 79546 88 116632
799 74081 86588 146 631678
800 74140 81384 86 186431
801 74161 76535 109 50635
802 74206 78820 120 89229
803 74213 76142 36 64450
804 74538 81979 9 37189
805 74612 79924 99 249128
806 74684 79544 82 149412
807 74788 76994 127 209792
808 74900 79071 94 93784
809 74922 79312 90 213409
810 74932 74966 10 141
811 75124 85209 13 37658
812 75294 80923 15 10664
813 75378 75429 36 1739
814 75390 86969 84 799771
815 75397 77349 64 60815
816 75607 75950 99 13641
817 75644 86812 5 14126
818 76090 94793 129 1078743
819 76143 87356 19 124253
820 76160 76707 37 5935
821 76313 77297 55 7632
822 76497 78993 144 318796
823 76591 84878 87 388005
824 76650 76701 74 2217
825 76933 77774 90 37944
826 76982 78706 9 13450
827 77113 81660 101 87591
828 77127 79447 13 16408
829 77175 80724 150 276742
830 77357 92345 44 196814
831 77542 87002 43 105229
832 77786 83920 81 106927
833 77794 78840 4 3385
834 77846 94542 89 880251
835 78162 81582 125 120871
836 78370 80207 30 29271
837 78387 81359 8 13610
838 78479 84005 149 247530
839 78489 85734 84 488465
840 78540 86289 14 30518
841 78549 83620 71 98119
842 78741 81535 119 237295
843 78853 80350 38 11965
844 78924 80900 74 60271
845 78979 79315 22 2500
846 79110 87046 109 980262
847 79265 84694 38 59012
848 79452 84392 75 99893
849 79523 79601 21 394
850 79570 82578 8 10816
851 80026 80195 131 37008
852 80133 86686 67 165124
853 80161 80415 13 963
854 80168 81279 77 30969
855 80326 91159 19 66212
856 80334 90304 130 506959
857 80449 89239 27 70311
858 80588 96441 71 344790
859 80607 81013 10 1161
860 80642 82924 6 5821
861 80702 88916 10 11825
862 80949 83699 18 81900
863 81058 89215 90 360274
864 81136 84649 45 44290
865 81143 84165 71 117805
866 81173 86141 66 235927
867 81220 82639 22 22264
868 81239 87995 8 20348
869 81576 83931 139 186252
870 81701 81996 8 4360
871 81833 89178 66 331072
872 81865 84689 6 6560
873 82035 94869 48 248185
874 82126 82288 99 8844
875 82400 82606 79 13308
876 82641 83068 54 10359
877 82759 83288 19 4029
878 82886 98758 17 135329
879 82967 98967 18 124878
880 83309 88397 45 71293
881 83342 95354 143 881326
882 83513 84287 27 16627
883 83637 85455 34 37715
884 83671 96726 15 125915
885 83721 89591 122 307714
886 83854 90936 110 492160
887 83975 84416 70 35173
888 84124 87227 77 60227
889 84215 90670 18 38627
890 84230 90313 25 40875
891 84354 84618 6 928
892 84410 91314 97 169856
893 84480 98049 35 199723
894 84696 85848 9 6558
895 84887 85670 68 49082
896 85047 87558 114 67788
897 85165 87878 49 36950
898 85377 85804 31 5870
899 85585 87148 111 43245
900 85681 89180 96 149158
901 85742 87707 109 52113
902 85793 86354 108 42890
903 85807 96362 113 1580916
904 85818 94164 111 397887
905 85854 90473 8 14629
906 85907 87004 20 6836
907 85917 89397 85 184122
908 85968 93120 113 363391
909 86066 94321 14 98673
910 86067 89702 31 38369
911 86178 87803 67 136852
912 86408 93135 105 127711
913 86470 94139 87 165586
914 86476 93380 117 309456
915 86592 95464 15 28974
916 86618 95987 23 52823
917 86693 90205 12 13363
918 87010 93459 14 36395
919 87019 96741 85 425863
920 87292 91548 14 27934
921 87298 89673 120 58098
922 87514 92640 9 16506
923 87762 97900 71 423820
924 87831 89471 48 72427
925 87852 88934 96 43479
926 87879 90550 64 44951
927 87888 88600 80 32956
928 87893 91093 44 61925
929 87922 91869 83 189402
930 88068 89103 10 3953
931 88119 97084 12 59555
932 88168 88845 124 56631
933 88263 97016 65 158869
934 88456 92516 4 9331
935 88754 93150 106 209828
936 88768 92214 134 99154
937 88997 93088 144 282406
938 89022 97265 111 235501
939 89041 96193 100 586962
940 89050 95605 81 167492
941 89102 91266 138 157105
942 89333 92288 93 70932
943 89365 89897 49 22717
944 89649 92734 109 251643
945 89773 97512 32 48721
946 89779 95182 31 48935
947 90392 95856 25 39709
948 90493 94454 60 59340
949 90620 96490 97 191220
950 90915 91676 69 22130
951 90968 96975 38 66855
952 91641 97835 5 21532
953 91750 95556 131 414099
954 91767 92359 32 12425
955 91781 92963 69 26277
956 91860 92908 121 46509
957 92031 96893 72 338803
958 92077 92182 21 1971
959 92163 92631 88 88485
960 92187 96584 13 11758
961 92418 92829 30 6342
962 92594 98993 55 143485
963 93015 96268 31 44431
964 93047 95463 21 22344
965 93247 98619 48 152094
966 93301 95929 11 22860
967 93430 94200 55 19981
968 93596 96760 107 288806
969 93654 95536 70 45975
970 93684 98424 54 116426
971 94014 97201 18 52798
972 94082 95221 62 27600
973 94230 95342 134 62150
974 94258 99347 89 131920
975 94355 94836 139 12653
976 94523 99152 56 106370
977 94625 95092 27 23148
978 94789 95725 82 31215
979 94880 99318 112 471966
980 95051 97832 73 161298
981 95226 98236 112 58824
982 95227 98968 64 166732
983 95245 97164 23 14779
984 95269 95367 33 948
985 95860 98789 22 15135
986 95988 96471 86 19555
987 96275 97443 9 7467
988 96292 98348 101 270677
989 96319 96474 61 14804
990 96642 96958 41 4019
991 96853 97449 70 10706
992 96993 97698 19 6774
993 97244 97396 47 8086
994 97253 99555 88 89104
995 97338 97649 111 12197
996 97606 99368 14 4781
997 97976 98909 76 38232
998 99279 99531 55 9346
999 99378 99387 70 664
