50 1000 0.056
............##...............#####.####.##.##.....
.......#######...............###.#########.#......
.......#######................##...###.########...
........#######................##.##.###..###.....
.......##.###..................##....####...#.....
......#####.##.................#..................
.......###....................................#...
.......##.....................................###.
..............................................##..
...............................................#..
..............................................##.#
..............................................####
..............................................####
.............................................#####
.................................#............###.
............................#...##.............###
............................###..##.............##
............................#######..............#
.............................###.##...............
..............................#####...............
................................###...............
..................................................
..........................................##......
...........................................#......
..........................................##......
.................................###.#.....##.....
.................................#####....##.#....
...............................#######...#######..
.............................###..#.###..######...
............................#.####.####.##.####...
......................##....#.###########..###....
....................###..#..###############.#.....
...................###...###################......
.....................########.#####.##########....
......#.............####.#######.##.#.########....
.....###...........####....#####.#......######....
...##.###.....#....####...####..##......#.#.......
...########..##..######....#######..#.....#.......
...#######...#.#..#.##......###.#.#.#.....#.......
..########...####...#####..####.#####.............
.#####.##########..######...###..#####............
....#######.########.##......###...##.............
....##...##...#########....#####...#..............
....#...........#########.####.##.................
....#...........#############.....................
.#.#.##........##.####..#..###....................
.#####............###..###.#......................
.####...............##..#..#......................
####.................#............................
#####.............................................
0 13 1529 22 15942
1 280 5992 75 135482
2 586 5048 35 70335
3 641 30818 107 1058859
4 716 1274 14 5103
5 740 1314 62 17192
6 751 5723 91 124569
7 864 10654 12 38648
8 918 2405 59 72044
9 921 6475 12 52911
10 1078 8199 67 234696
11 1128 6647 4 10172
12 1224 7851 48 124626
13 1228 4442 32 38010
14 1296 4763 13 8908
15 1308 6721 71 94041
16 1617 11314 32 60941
17 1654 17186 87 1381903
18 1740 10291 141 238770
19 1746 24749 73 726820
20 1966 27178 142 1688903
21 2016 2079 43 782
22 2124 2246 4 290
23 2149 5747 9 20921
24 2186 4788 108 160575
25 2199 4431 13 7866
26 2231 5415 80 215540
27 2330 4555 53 42906
28 2361 2996 11 3206
29 2457 3476 42 8740
30 2488 18480 100 295470
31 2711 8090 138 125889
32 2815 7581 20 35339
33 2978 14494 31 243143
34 3498 16294 135 885585
35 3557 12295 112 298038
36 3796 6282 73 66865
37 3839 5768 20 15375
38 3931 5077 84 111807
39 3992 13362 88 306798
40 4073 4604 33 31740
41 4097 6099 38 15760
42 4159 15596 36 214721
43 4688 14608 135 1115757
44 4729 5013 54 19793
45 4753 10906 72 120033
46 4857 6198 133 109763
47 4911 15130 31 296157
48 5192 8253 5 6065
49 5266 11333 53 67352
50 5288 8779 132 191667
51 5437 6718 64 55638
52 5662 8300 28 45759
53 5842 6106 100 12474
54 5846 9294 11 7825
55 5877 8611 26 43135
56 5882 6160 148 37020
57 5913 11172 94 237561
58 6123 6217 92 4427
59 6126 11049 25 45900
60 6145 10239 16 28877
61 6320 7248 63 22884
62 6351 7139 7 1336
63 6634 9324 140 290311
64 7036 8141 75 75587
65 7177 10574 133 199939
66 7283 13151 9 35803
67 7311 14311 43 105666
68 7728 8790 100 41484
69 8001 12847 10 14154
70 8085 21124 4 30503
71 8110 8737 26 12293
72 8856 9719 14 13852
73 8871 10061 58 18923
74 8912 10623 109 75982
75 8942 32004 127 2069707
76 9057 10216 43 55868
77 9431 19180 28 128979
78 9555 12531 23 19478
79 9670 25643 19 112773
80 9692 21295 44 129076
81 9857 17744 126 191701
82 9931 11756 20 38248
83 10065 12045 14 25689
84 10289 11319 60 37460
85 10721 17365 26 35270
86 10774 16373 103 385207
87 10803 13528 4 4932
88 10828 11764 20 7317
89 10855 12288 121 99041
90 10923 16246 4 2799
91 10947 16108 135 585986
92 10968 25939 48 343377
93 11254 15806 40 105242
94 11267 14238 31 22317
95 11320 20046 25 70006
96 11377 14315 62 85503
97 11680 16744 4 5297
98 11753 14906 60 130086
99 11769 12180 101 7528
100 12056 15399 109 342049
101 12091 22243 59 326294
102 12139 16042 25 66532
103 12416 14721 5 4993
104 12449 17602 38 72438
105 12504 24533 42 385987
106 12584 13391 119 131233
107 12824 15963 9 25710
108 12888 14824 87 64649
109 13050 19499 98 303483
110 13109 17921 121 427195
111 13339 19065 55 63494
112 13402 16835 50 32175
113 13423 20027 69 368253
114 13588 18858 44 286084
115 13638 16769 54 67450
116 13693 17856 39 52076
117 13827 15269 14 8448
118 13888 14405 19 5813
119 14013 14329 37 8162
120 14074 19739 27 47774
121 14162 14972 100 40745
122 14174 16815 31 10271
123 14226 17778 19 48582
124 14244 14431 7 895
125 14257 17173 86 70494
126 14354 22743 7 34291
127 14429 21569 123 471590
128 14435 17435 74 83928
129 14524 17638 83 194604
130 14605 21373 70 278803
131 14632 15720 8 4975
132 14742 16277 7 4332
133 14751 32388 8 30589
134 14768 17118 71 62758
135 14813 19526 13 31607
136 14815 23815 66 219411
137 14825 19089 18 57685
138 14869 15094 81 9283
139 15100 17858 87 235113
140 15161 16505 86 30779
141 15181 16467 9 8073
142 15424 18576 136 145149
143 15429 25230 67 266037
144 15534 27821 65 307492
145 15587 22311 15 50582
146 15673 15834 83 9844
147 15700 18924 11 24939
148 15827 18982 51 126360
149 15925 19624 28 66795
150 16008 16914 78 34946
151 16074 23616 128 981221
152 16274 26123 40 384512
153 16330 16609 10 796
154 16503 31130 30 108866
155 16610 22998 13 42986
156 16650 24016 90 456788
157 16689 17244 48 9390
158 16809 32391 13 168576
159 16946 17894 142 35436
160 17189 20029 10 8411
161 17238 26647 16 163611
162 17376 21742 65 33931
163 17381 26632 15 13649
164 17594 17761 68 4966
165 17683 33556 91 1452615
166 17701 27278 15 71833
167 17728 18787 7 5178
168 17941 19224 114 127303
169 18167 20049 38 36293
170 18180 35582 7 38136
171 18194 18400 57 10010
172 18462 28898 46 206636
173 18476 19582 21 12298
174 18491 36388 11 88140
175 18493 21483 76 208260
176 18564 39078 87 769399
177 18760 35155 149 893634
178 18997 29298 15 44022
179 19093 22261 54 72377
180 19173 21168 26 55109
181 19186 20506 58 42351
182 19235 20000 44 23891
183 19244 20757 48 27889
184 19250 21671 60 64769
185 19417 22706 137 346159
186 19493 22605 88 492277
187 19505 30591 46 94534
188 19562 23378 135 267043
189 19609 38169 81 618583
190 19612 31798 67 74889
191 19784 19860 31 1171
192 19867 39817 86 654688
193 19870 28203 5 41406
194 19881 27609 19 66536
195 20133 24378 66 170179
196 20218 24429 44 148158
197 20231 23530 111 341749
198 20236 21274 20 10244
199 20248 21267 5 5291
200 20331 23848 79 109430
201 20382 25821 33 84862
202 20550 31134 61 736279
203 20924 24055 124 189993
204 21008 25345 17 10162
205 21015 23812 28 50383
206 21068 35982 112 967741
207 21094 28552 30 70698
208 21098 23293 14 20024
209 21364 24752 94 57814
210 21465 21772 18 1817
211 21623 22567 37 27897
212 21907 27257 147 197304
213 21979 25246 8 12114
214 22002 23027 29 43073
215 22013 26122 54 48203
216 22075 24648 69 31842
217 22385 29952 72 167395
218 22400 23744 103 61632
219 22481 23883 106 40593
220 22539 23627 132 56829
221 22618 27599 102 382080
222 22824 26774 13 13670
223 22973 24524 11 10087
224 23087 24989 150 218282
225 23184 25757 69 124610
226 23324 24351 134 30528
227 23330 27221 93 152153
228 23455 24027 7 1227
229 23544 23816 46 5279
230 23696 24041 16 1155
231 23865 27841 43 171298
232 23880 25115 25 6816
233 23884 26274 71 98246
234 23902 24193 9 2094
235 24186 27351 65 50515
236 24361 24577 142 18999
237 24370 29986 17 47304
238 24408 28971 28 65916
239 24473 25839 121 79941
240 24514 29604 11 25967
241 24519 28529 15 84618
242 24708 29682 141 183080
243 24842 26876 27 25431
244 25075 35295 9 67526
245 25166 33971 7 20216
246 25208 30047 122 97653
247 25259 38081 82 1302298
248 25372 32535 136 368203
249 25416 26296 33 18993
250 25443 27154 135 124647
251 25621 29052 30 18840
252 25869 33061 18 55794
253 26066 30056 79 114650
254 26210 28098 144 133144
255 26253 28692 37 30530
256 26337 26498 10 976
257 26463 40151 35 423317
258 26474 28604 129 58664
259 26492 26708 122 21171
260 26603 44613 100 718810
261 26878 29989 81 124145
262 26910 28913 89 97135
263 27097 31977 127 314466
264 27122 30655 23 52370
265 27228 29035 54 42717
266 27488 33562 101 288096
267 27539 30974 5 5524
268 27620 31643 116 218879
269 27629 28946 18 28301
270 27630 33103 38 86501
271 27734 36247 144 282055
272 27924 34628 58 95244
273 27972 28495 10 4203
274 28027 35475 20 45285
275 28163 34776 21 125307
276 28322 32616 137 724931
277 28376 33646 6 29922
278 28554 29670 6 3241
279 28666 36834 7 35654
280 28715 33096 12 23624
281 28718 29667 32 40345
282 28757 45378 57 574326
283 28833 29963 50 26789
284 28872 29752 92 40717
285 28878 37015 49 108727
286 29002 29078 34 486
287 29071 34186 123 147324
288 29207 40311 62 388076
289 29452 29454 65 123
290 29460 30862 26 30522
291 29518 32132 42 51573
292 29544 30241 61 11599
293 29628 29943 31 8717
294 29643 30799 49 20749
295 29775 31160 63 24106
296 29806 30842 20 12515
297 29881 34031 53 147833
298 29931 33162 84 70618
299 29953 36983 27 91182
300 29992 31363 66 33487
301 30029 37972 15 37044
302 30085 32047 46 21317
303 30106 35317 59 196938
304 30187 32803 60 106543
305 30204 34102 136 112121
306 30263 35261 106 374947
307 30266 33638 61 75075
308 30314 34489 14 37620
309 30403 31635 101 83428
310 30406 43554 31 70031
311 30441 32734 13 21871
312 30612 32764 55 130610
313 30690 32394 76 21322
314 30824 35880 51 67403
315 30843 33325 6 5715
316 31052 36457 145 275436
317 31216 33342 15 8465
318 31266 35760 31 86156
319 31279 38390 80 380268
320 31350 31738 51 3204
321 31415 33926 7 9915
322 31458 34208 135 351049
323 31469 34507 28 45727
324 31597 33402 13 18394
325 31845 45292 109 806677
326 31902 41022 42 84422
327 32148 38279 148 695387
328 32165 56055 63 965147
329 32178 32384 21 3274
330 32287 38128 24 73196
331 32307 43916 74 544596
332 32365 48597 40 112551
333 32519 32886 59 15213
334 32554 33531 37 9989
335 32593 34699 21 9501
336 32606 33841 33 11367
337 32820 35385 36 28307
338 32866 34887 107 50395
339 32927 39409 42 108644
340 32944 34347 45 18674
341 33074 41761 37 49661
342 33207 37240 23 34243
343 33421 39678 48 204610
344 33617 40214 19 54388
345 33649 44612 51 453698
346 33686 34120 76 33974
347 33718 36742 64 110840
348 33786 34569 58 9034
349 33940 45621 10 36318
350 33949 36654 127 228512
351 34012 34583 4 1790
352 34183 37350 92 105522
353 34735 39995 148 189073
354 34737 38750 20 28551
355 34762 38285 22 25060
356 34768 40749 63 179444
357 34833 37722 62 23024
358 34902 35877 42 14039
359 34980 36814 14 7601
360 34988 39856 19 70102
361 35110 38791 84 29512
362 35560 37618 28 37592
363 35759 39792 7 13390
364 35911 45022 41 106846
365 36532 46836 59 366343
366 36535 37394 49 19918
367 36540 37670 119 60127
368 36587 39748 18 10366
369 36608 37353 119 143407
370 36665 44955 69 158540
371 36728 47959 5 37832
372 36784 40891 21 29788
373 37033 38959 36 27828
374 37038 39338 45 19341
375 37232 40882 78 126848
376 37298 42110 75 206410
377 37422 40928 55 53514
378 37475 37927 103 27701
379 37812 40400 125 525629
380 37931 38912 45 11293
381 38084 51634 15 60420
382 38088 41276 75 63205
383 38204 45914 113 169036
384 38263 40564 108 177260
385 38305 45150 32 135035
386 38311 38322 115 1163
387 38324 40708 59 75842
388 38332 43752 129 249060
389 38509 43870 128 132524
390 38612 39342 26 10418
391 38669 42204 150 170892
392 38844 39341 112 62745
393 39046 40458 101 127566
394 39143 58641 143 802677
395 39555 40067 33 8227
396 39702 40052 133 16672
397 39784 40282 4 1357
398 39810 43750 13 22155
399 40037 42125 11 16494
400 40092 44774 7 10704
401 40206 45370 53 160045
402 40385 44710 15 54856
403 40397 40819 118 55949
404 40435 40887 48 6581
405 40448 43107 37 44254
406 40609 43564 130 624908
407 41025 41254 57 8745
408 41059 46267 43 78734
409 41106 47032 142 330943
410 41216 48963 8 25527
411 41255 42210 8 4124
412 41358 51685 94 673190
413 41533 44599 94 84974
414 41596 43627 59 92295
415 41610 47288 126 201452
416 41737 46495 135 408267
417 41750 46523 56 73414
418 41930 43515 16 5683
419 41939 43753 8 6747
420 42157 43109 126 185624
421 42173 51011 28 100187
422 42174 46625 108 486937
423 42305 48434 26 70988
424 42339 50407 58 250007
425 42342 44864 58 54135
426 42437 44192 13 14843
427 42592 46161 6 14662
428 42631 42926 106 8682
429 42657 42819 14 495
430 42694 43657 84 53220
431 42742 44652 81 301800
432 42766 48283 14 23743
433 42908 43055 5 404
434 43024 52499 71 155303
435 43386 44619 5 4994
436 43615 44306 60 45086
437 43739 52404 53 185624
438 43846 45450 14 7398
439 43854 64054 111 1348206
440 43856 45030 62 106997
441 43973 48102 54 185872
442 43976 45298 99 70764
443 44152 54467 56 220427
444 44173 49569 11 12515
445 44194 47059 19 21089
446 44252 46270 57 44934
447 44469 45767 60 30237
448 44487 47405 15 35111
449 44637 45495 40 15201
450 44694 47188 102 124737
451 44718 45091 9 3286
452 44852 46652 136 127192
453 44918 48672 93 95851
454 44933 51145 5 14814
455 45034 63861 83 1240451
456 45190 46615 8 2030
457 45228 50551 19 29487
458 45231 46736 17 8994
459 45527 49040 81 129818
460 45875 46325 108 16228
461 45987 52460 35 100272
462 46128 48350 25 31547
463 46299 47432 31 6959
464 46675 59946 97 146530
465 46799 48454 5 5060
466 46839 47649 37 4483
467 46846 47099 15 2790
468 47121 53822 7 21210
469 47157 47375 116 11064
470 47203 52876 38 131744
471 47247 48922 63 69901
472 47262 48991 87 34385
473 47487 53207 99 240668
474 47533 50077 21 14283
475 47558 48952 46 21705
476 47674 61211 139 401853
477 47796 50239 15 19378
478 47962 55025 114 213007
479 48143 51069 15 43940
480 48479 55592 136 515701
481 48606 52880 48 69312
482 48616 58439 62 152708
483 48652 49341 79 57023
484 48702 50831 64 61662
485 48736 52166 16 13585
486 48759 49730 147 165935
487 48874 51814 113 100918
488 48910 52609 48 53811
489 48930 51131 15 9460
490 49116 57380 118 343161
491 49125 56935 144 670727
492 49150 53273 64 158404
493 49192 59728 132 467226
494 49330 51153 94 45072
495 49374 65391 75 445652
496 49521 53342 113 157278
497 49566 50571 11 3567
498 49578 50082 7 1918
499 49602 56770 133 333348
500 49828 53682 13 23152
501 49861 51518 40 105249
502 49966 59469 115 795025
503 50223 52067 56 32618
504 50460 51532 6 2870
505 50512 52142 28 70331
506 50541 51617 53 16560
507 50557 54484 36 129921
508 50747 65761 22 293445
509 50832 75770 31 271040
510 50838 57495 24 30495
511 50850 54962 17 69907
512 50899 55694 10 24391
513 51007 58819 6 53762
514 51008 65148 145 668130
515 51253 51704 115 11404
516 51302 60127 39 179958
517 51425 57103 125 319436
518 51444 66175 80 874336
519 51481 59938 124 316201
520 51659 52174 11 3159
521 51755 57316 50 183529
522 51840 62214 58 342030
523 51841 52263 33 11834
524 51904 54054 69 29017
525 51946 72677 36 282108
526 51966 52130 75 6155
527 52008 55472 88 90608
528 52051 52745 120 38273
529 52079 53795 92 62028
530 52180 55344 79 81225
531 52322 53622 53 16422
532 52355 52687 31 7137
533 52391 53384 116 104651
534 52544 55328 134 178599
535 52554 57609 8 19504
536 52740 55878 6 7560
537 52832 65258 31 123242
538 52884 63977 22 56108
539 53021 58576 111 99532
540 53066 55840 6 8652
541 53212 54208 129 28973
542 53269 65697 73 397953
543 53372 60995 29 73540
544 53463 60141 129 300114
545 53493 59817 53 132771
546 53796 55182 129 72550
547 54069 58956 106 245456
548 54127 54722 89 11636
549 54226 55068 27 8678
550 54248 59845 84 160363
551 54276 59568 15 14353
552 54298 57964 77 151232
553 54534 64454 21 19704
554 54955 70867 42 535160
555 54991 56651 47 71272
556 55104 57976 13 10928
557 55529 60238 37 96138
558 55621 55747 18 3326
559 55721 55916 99 21133
560 55832 60270 130 316764
561 55897 56902 51 17401
562 55962 56096 98 15233
563 56005 56477 140 45358
564 56009 56804 112 82558
565 56100 61823 9 37806
566 56123 58925 46 166800
567 56127 70632 25 348684
568 56132 66496 10 27191
569 56234 60623 64 107754
570 56320 59695 6 10546
571 56421 57141 25 11294
572 56550 65401 115 242731
573 56567 63513 14 35915
574 56579 57666 143 83209
575 56677 57645 59 18149
576 56870 61897 23 80025
577 56923 61150 14 63179
578 56970 62699 137 291911
579 57214 61350 6 4290
580 57228 60505 104 100486
581 57297 62914 53 65933
582 57417 65264 126 545358
583 57481 69188 29 163587
584 57690 58986 105 49046
585 57702 63406 69 288298
586 57927 60949 6 5392
587 58177 60193 4 1137
588 58341 61670 13 18753
589 58351 67012 39 250318
590 58359 63828 33 140087
591 58402 60203 124 87228
592 58480 59187 19 5176
593 58508 60496 9 13931
594 58534 60132 10 8997
595 58723 61120 93 114041
596 58876 69422 28 71283
597 58930 59172 17 2495
598 59006 59880 23 8990
599 59099 64576 51 184397
600 59100 60547 75 28796
601 59271 61127 42 19503
602 59487 64853 140 203407
603 59530 81750 59 237056
604 59646 82857 37 384381
605 59798 60339 35 5762
606 59846 63286 14 10670
607 59959 64894 16 24029
608 59968 67310 71 171590
609 59996 62531 23 24065
610 60099 74291 11 105646
611 60147 73174 10 29549
612 60187 60638 67 16213
613 60213 63489 26 40560
614 60287 61493 21 8419
615 60288 60946 33 36940
616 60311 64782 150 334741
617 60399 63471 4 4842
618 60551 61058 51 11993
619 60557 64143 60 51630
620 60589 63237 15 33172
621 60612 62667 145 148920
622 60669 60676 12 91
623 60844 60862 116 923
624 61055 61956 28 10016
625 61140 61745 31 7382
626 61153 62694 12 11510
627 61170 65138 52 68249
628 61275 62452 5 1747
629 61367 62472 92 36725
630 61385 62618 127 67057
631 61452 81653 53 216038
632 61567 65824 26 58894
633 61730 73026 122 335588
634 61802 68241 40 138760
635 61969 62627 109 62503
636 61988 62126 17 1081
637 62008 65034 58 57968
638 62024 66559 21 50915
639 62110 62293 129 21525
640 62148 65018 71 174113
641 62294 63050 145 40811
642 62465 64648 6 10711
643 62480 62977 41 6537
644 62573 69674 134 163729
645 62623 67159 57 76580
646 62734 72956 47 74179
647 62787 66627 72 314632
648 62852 68324 105 53889
649 63044 63451 142 38905
650 63334 66984 136 93611
651 63488 77311 143 1113594
652 63679 64770 88 44282
653 63697 65727 41 60084
654 64073 71271 18 60302
655 64080 67640 90 188138
656 64427 67369 47 64913
657 64930 67132 5 9636
658 65080 69948 33 105502
659 65092 71445 23 41279
660 65370 65905 36 16294
661 65398 70604 84 232029
662 65494 70364 14 11548
663 65589 77466 18 52722
664 65711 70294 109 215871
665 65863 72810 29 75159
666 66096 71926 9 21084
667 66172 68573 8 7566
668 66272 71531 10 36714
669 66320 68655 61 44250
670 66332 67197 8 2146
671 66357 72440 115 252066
672 66611 67738 66 18594
673 66760 73141 46 174189
674 66770 68652 83 91831
675 66897 66924 125 2215
676 67082 72891 6 16099
677 67256 70528 52 78821
678 67411 72592 74 243610
679 67428 72308 93 313341
680 67519 72314 98 484142
681 67642 68882 56 95337
682 67726 67842 75 5201
683 67796 68517 147 81587
684 67869 69897 68 176925
685 67915 68754 14 3570
686 68006 69145 80 47041
687 68070 68887 34 12624
688 68178 98948 27 148606
689 68184 70204 40 145179
690 68282 69004 32 21792
691 68311 71403 121 181562
692 68382 70006 18 7002
693 68684 72176 99 125999
694 68898 69095 65 18329
695 68986 72522 132 116490
696 69002 76060 79 197544
697 69017 75432 52 311801
698 69204 93763 29 401267
699 69235 69317 30 3148
700 69295 71825 6 8131
701 69311 70728 65 54538
702 69368 73402 119 138094
703 69456 70710 126 150904
704 69475 70031 78 10825
705 69533 69982 28 23714
706 69594 70051 19 3140
707 69693 73733 101 200662
708 69769 71217 83 33557
709 69773 70565 66 21410
710 69809 73302 8 25300
711 69822 70679 104 13582
712 69833 75428 46 51043
713 69873 72362 9 8086
714 69984 77777 6 15850
715 69991 71396 79 48241
716 70087 72719 12 9215
717 70130 74095 118 385356
718 70333 75727 4 16657
719 70478 74181 149 279707
720 70502 80435 17 47473
721 70608 74814 142 163028
722 70798 74475 32 40623
723 70992 96126 28 612847
724 71024 72375 32 30381
725 71054 73838 7 3950
726 71066 72271 117 91336
727 71090 82559 93 342464
728 71269 74790 71 95909
729 71518 84881 85 825076
730 71620 76983 36 65545
731 71633 72040 27 8003
732 71782 75911 12 9554
733 71800 72361 37 6676
734 71844 79992 130 712679
735 71946 72984 14 6397
736 71991 72341 83 32663
737 72192 75031 141 233805
738 72204 95010 61 366869
739 72227 76601 88 184526
740 72306 80952 38 91483
741 72309 79789 6 11621
742 72328 79562 146 385077
743 72397 73746 17 12891
744 72434 74913 116 217105
745 72600 79520 51 57008
746 72611 76477 82 207949
747 72699 74237 139 74092
748 72722 72776 6 149
749 72782 75859 14 23185
750 73041 77916 69 134917
751 73046 74564 135 292307
752 73371 73473 96 9245
753 73404 76845 135 514511
754 73445 76519 52 70361
755 73549 84722 64 158384
756 73567 73611 124 3683
757 73587 84892 75 491035
758 73677 92936 150 1324157
759 73810 87964 76 190699
760 74000 74791 7 2556
761 74159 83729 30 113585
762 74365 85460 37 215997
763 74410 74612 88 5238
764 74771 76130 24 9599
765 74896 75553 5 2214
766 74958 79932 43 129332
767 75009 75270 73 10777
768 75182 75380 101 5604
769 75211 79089 31 83104
770 75261 75753 7 3115
771 75274 75558 98 32646
772 75288 75717 10 1731
773 75459 77224 8 6089
774 75515 92371 19 85856
775 75720 77004 34 17769
776 75889 77862 63 92553
777 75905 79472 147 292651
778 76032 85121 30 63788
779 76125 76444 86 33289
780 76309 77708 13 6987
781 76365 81271 51 42404
782 76399 82359 141 277043
783 76400 82729 39 55721
784 76506 76929 10 3318
785 76524 83375 94 283131
786 76535 85803 117 565785
787 76583 83948 7 8556
788 76606 77549 82 72488
789 76660 84959 144 783088
790 76823 91589 69 606024
791 76830 77081 66 4776
792 76860 78617 58 59820
793 76930 77142 63 6998
794 77025 81281 6 9111
795 77079 81864 72 74814
796 77240 79935 118 233929
797 77340 78839 145 147190
798 77350 77849 13 7492
799 77365 79853 13 6823
800 77482 85962 100 788509
801 77595 81123 97 109637
802 77736 78423 133 17889
803 77767 80866 21 12622
804 77803 86779 54 124937
805 77871 80308 8 5855
806 77885 77893 47 556
807 77898 80197 11 9450
808 77976 82290 10 13218
809 78185 80629 82 467405
810 78308 84142 92 408169
811 78516 84013 11 24522
812 78522 81627 147 209878
813 78625 86103 122 451020
814 78627 80034 65 30105
815 78667 83138 104 252917
816 78686 87289 38 92367
817 78770 91102 45 95214
818 78886 81200 35 71011
819 78971 84289 140 242527
820 79048 86655 31 33296
821 79108 79449 92 25010
822 79133 79999 6 3132
823 79140 83444 125 374027
824 79245 81320 21 45238
825 79583 88467 19 94459
826 79641 80000 54 16268
827 79805 83737 27 51284
828 79838 87866 114 189913
829 79890 80564 29 4881
830 80025 89499 55 201258
831 80032 82166 130 250649
832 80203 83818 15 12876
833 80314 92935 4 34168
834 80597 80628 128 5896
835 80803 84424 72 157426
836 80824 90613 12 30818
837 80886 83578 94 365179
838 81007 82084 90 23967
839 81141 88497 44 125313
840 81142 83762 41 71271
841 81318 83219 70 36169
842 81334 92741 119 1265098
843 81357 88660 129 720925
844 81395 87223 121 323392
845 81435 87141 8 16656
846 81494 82938 12 9372
847 81704 81784 145 9678
848 81760 92416 118 896887
849 81779 87188 35 43172
850 81851 82948 43 128613
851 81871 85449 36 170363
852 82065 91081 95 151876
853 82122 82146 41 489
854 82361 93739 145 518576
855 82379 83131 55 11218
856 82408 82811 24 4742
857 82567 83292 48 14077
858 82655 82892 108 31639
859 82698 85044 48 64220
860 82825 84916 21 23961
861 82836 83759 19 6023
862 82986 91579 30 161832
863 82990 84602 8 4198
864 83041 88459 21 74514
865 83044 94764 58 446126
866 83424 87829 73 154636
867 83516 86399 37 50475
868 83527 85309 47 55095
869 83911 88527 134 473476
870 83943 84922 13 8141
871 84037 84400 31 6603
872 84095 88476 21 46168
873 84242 86238 80 90708
874 84353 85379 6 5195
875 84365 85171 15 5032
876 84513 87765 39 32277
877 84528 88455 9 14493
878 84781 85210 140 23658
879 84888 86006 131 75745
880 84963 89096 69 102836
881 84967 86076 12 7105
882 85035 86845 43 15133
883 85069 85932 119 54346
884 85142 88600 80 51562
885 85159 88303 93 194813
886 85467 85623 20 575
887 85506 86334 5 1803
888 85753 85817 53 2203
889 85834 87202 5 1162
890 85947 96338 104 773663
891 86052 90316 50 144963
892 86261 94428 41 263784
893 86327 89105 125 189115
894 86433 87295 8 3246
895 86487 92228 30 63030
896 86535 91967 33 86117
897 86783 90846 92 205438
898 86839 86991 40 4717
899 86892 93246 113 171776
900 86902 87728 43 10831
901 86959 88699 138 52989
902 87039 87583 84 17948
903 87156 98720 130 815446
904 87208 87677 12 3267
905 87237 92070 54 91224
906 87356 87674 118 26799
907 87534 91676 128 242390
908 87553 91458 93 672898
909 87590 92359 22 52041
910 87733 96324 136 705800
911 87745 90675 109 194580
912 87983 90689 13 15544
913 88016 91402 108 145618
914 88113 92058 8 24929
915 88240 92349 56 157167
916 88304 93289 65 140815
917 88356 88612 27 2329
918 88409 90213 142 145781
919 88466 90900 7 7909
920 88597 90611 120 73943
921 88658 95794 76 228103
922 88682 93447 96 427093
923 88834 92087 97 132204
924 88927 99416 13 122712
925 89485 93774 82 158795
926 89756 92691 5 5886
927 89772 98055 28 48308
928 89774 92705 135 234237
929 89868 96859 11 64978
930 89960 94730 112 136613
931 89994 92824 101 172608
932 90026 91434 53 48707
933 90286 90969 55 4623
934 90340 91224 32 11187
935 90487 91411 18 10296
936 90585 98545 12 46829
937 90600 90737 19 1541
938 90732 93041 6 9525
939 90742 95015 86 252104
940 90970 92369 68 30481
941 91069 91947 101 132730
942 91111 96009 61 106939
943 91154 94081 37 38838
944 91222 95217 23 72232
945 91646 92635 121 60540
946 91688 94424 51 91731
947 91695 96252 32 43373
948 91806 92320 98 35891
949 91830 92083 47 5829
950 91898 95851 61 158027
951 91961 93424 10 4580
952 91972 92167 59 6265
953 92201 97423 103 180053
954 92347 93703 76 36050
955 92475 99825 5 11015
956 92506 95753 90 245366
957 92596 97427 69 27592
958 92835 95078 123 99049
959 92982 99389 119 76217
960 92986 93795 135 27913
961 92987 96345 41 83263
962 92988 93508 26 5687
963 93126 93793 133 25966
964 93189 98785 52 75299
965 93238 96539 93 120324
966 93430 97281 45 72670
967 93532 95485 19 19915
968 93535 96469 74 56765
969 93715 99577 8 99079
970 93823 94074 27 7141
971 93916 96606 93 36705
972 93948 99022 21 63774
973 93969 96575 12 9363
974 94077 96169 21 21107
975 94178 94444 76 25074
976 94460 94503 15 439
977 94715 95220 57 18662
978 94770 94898 37 13142
979 94994 95948 62 17829
980 95014 96829 79 51769
981 95055 97631 64 42578
982 95158 97904 20 7672
983 95336 95450 80 7078
984 95531 96896 15 8768
985 95630 96075 14 3198
986 95984 98294 131 160090
987 96041 96944 93 11837
988 96108 99373 144 187330
989 96241 96960 32 9211
990 96423 99641 63 59081
991 96447 97951 43 25022
992 96556 97246 26 5364
993 97017 99300 30 24324
994 97190 99247 137 192677
995 97657 99558 94 110203
996 97853 99691 119 30499
997 98506 99713 7 3282
998 98755 99313 85 39098
999 99605 99866 35 5967
